Частота	A * B
(kГц)	(?)

0.00000000	0.00057544
0.02384186	0.01910894
0.04768372	0.06938390
0.07152557	0.26957400
0.09536743	0.35265520
0.11920929	0.17648780
0.14305115	0.01881928
0.16689301	0.02004146
0.19073486	0.01670287
0.21457672	0.00177485
0.23841858	0.07487776
0.26226044	0.12400730
0.28610229	0.11473920
0.30994415	0.05317483
0.33378601	0.01482150
0.35762787	0.00620536
0.38146973	0.02141868
0.40531158	0.02963612
0.42915344	0.09424777
0.45299530	0.11259090
0.47683716	0.08780848
0.50067902	0.01865415
0.52452087	0.02170376
0.54836273	0.01198277
0.57220459	0.00899124
0.59604645	0.08319484
0.61988831	0.19691380
0.64373016	0.19801140
0.66757202	0.08260152
0.69141388	0.00910717
0.71525574	0.01189266
0.73909760	0.02169565
0.76293945	0.08278555
0.78678131	0.57999580
0.81062317	1.04459100
0.83446503	0.67238680
0.85830688	0.12416250
0.88214874	0.02143115
0.90599060	0.00627671
0.92983246	0.01478185
0.95367432	0.05694229
0.97751617	0.13775680
1.00135803	0.15037250
1.02519989	0.08227806
1.04904175	0.00336083
1.07288361	0.01664467
1.09672546	0.02007975
1.12056732	0.00855718
1.14440918	0.07877264
1.16825104	0.10716740
1.19209290	0.09690784
1.21593475	0.04004876
1.23977661	0.01915407
1.26361847	0.00015251
1.28746033	0.01907907
1.31130219	0.04486189
1.33514404	0.12916680
1.35898590	0.15694870
1.38282776	0.09556261
1.40666962	0.00955366
1.43051147	0.02008479
1.45435333	0.01680520
1.47819519	0.03238857
1.50203705	0.43670710
1.52587891	1.08326500
1.54972076	0.93625500
1.57356262	0.26176690
1.59740448	0.01640008
1.62124634	0.00622344
1.64508820	0.02137722
1.66893005	0.03676359
1.69277191	0.15094640
1.71661377	0.21461370
1.74045563	0.13283860
1.76429749	0.02352680
1.78813934	0.02167611
1.81198120	0.01203469
1.83582306	0.00847825
1.85966492	0.06184227
1.88350677	0.10751200
1.90734863	0.10706640
1.93119049	0.06150395
1.95503235	0.00874803
1.97887421	0.01184127
2.00271606	0.02171746
2.02655792	0.01967017
2.05039978	0.09426643
2.07424164	0.12851280
2.09808350	0.10255810
2.12192535	0.03003781
2.14576721	0.02146740
2.16960907	0.00639216
2.19345093	0.01484746
2.21729279	0.09576994
2.24113464	0.30602710
2.26497650	0.35094390
2.28881836	0.14983860
2.31266022	0.00986852
2.33650208	0.01657443
2.36034393	0.02009341
2.38418579	0.01845811
2.40802765	0.17262490
2.43186951	0.34277810
2.45571136	0.25972680
2.47955322	0.06777760
2.50339508	0.01920517
2.52723694	0.00040645
2.55107880	0.01904135
2.57492065	0.04183969
2.59876251	0.10888000
2.62260437	0.12503640
2.64644623	0.08409698
2.67028809	0.00884582
2.69412994	0.01998181
2.71797180	0.01680777
2.74181366	0.00122823
2.76565552	0.07174778
2.78949738	0.11047890
2.81333923	0.10464830
2.83718109	0.05107994
2.86102295	0.01496068
2.88486481	0.00603889
2.90870667	0.02137439
2.93254852	0.03773690
2.95639038	0.15538240
2.98023224	0.22305450
3.00407410	0.13699040
3.02791595	0.02377187
3.05175781	0.02165781
3.07559967	0.01212889
3.09944153	0.01623725
3.12328339	0.28913710
3.14712524	0.84781800
3.17096710	0.84249370
3.19480896	0.28495990
3.21865082	0.01596969
3.24249268	0.01185782
3.26633453	0.02178273
3.29017639	0.02052428
3.31401825	0.10653180
3.33786011	0.15514730
3.36170197	0.11612700
3.38554382	0.03171527
3.40938568	0.02146827
3.43322754	0.00643875
3.45706940	0.01460487
3.48091125	0.05123770
3.50475311	0.10097270
3.52859497	0.10581230
3.55243683	0.07001812
3.57627869	0.00107426
3.60012054	0.01654140
3.62396240	0.02014427
3.64780426	0.01065441
3.67164612	0.09659595
3.69548798	0.15864070
3.71932983	0.13092170
3.74317169	0.04397196
3.76701355	0.01930051
3.79085541	0.00117301
3.81469727	0.01916650
3.83853912	0.21841560
3.86238098	0.94315270
3.88622284	1.25592700
3.91006470	0.58982770
3.93390656	0.06119736
3.95774841	0.01993292
3.98159027	0.01684177
4.00543213	0.00568583
4.02927399	0.09810255
4.05311584	0.20140570
4.07695770	0.17703480
4.10079956	0.06480704
4.12464142	0.01504685
4.14848328	0.00598866
4.17232513	0.02137730
4.19616699	0.02992539
4.22000885	0.09427412
4.24385071	0.11162710
4.26769257	0.08704483
4.29153442	0.01830249
4.31537628	0.02166953
4.33921814	0.01218315
4.36306000	0.00835802
4.38690186	0.06516108
4.41074371	0.12163620
4.43458557	0.12189170
4.45842743	0.06405678
4.48226929	0.00896283
4.50611115	0.01169516
4.52995300	0.02172275
4.55379486	0.03510167
4.57763672	0.22196060
4.60147858	0.38442290
4.62532043	0.25305750
4.64916229	0.05086744
4.67300415	0.02146742
4.69684601	0.00651623
4.72068787	0.01466980
4.74452972	0.08926018
4.76837158	0.28120340
4.79221344	0.31822310
4.81605530	0.13789660
4.83989716	0.00887039
4.86373901	0.01648883
4.88758087	0.02018675
4.91142273	0.00935831
4.93526459	0.08465827
4.95910645	0.12457300
4.98294830	0.10719050
5.00679016	0.04107434
5.03063202	0.01928587
5.05447388	0.00037670
5.07831573	0.01893903
5.10215759	0.04124190
5.12599945	0.10050220
5.14984131	0.11274680
5.17368317	0.07998291
5.19752502	0.00803837
5.22136688	0.01991367
5.24520874	0.01690817
5.26905060	0.00591630
5.29289246	0.10374310
5.31673431	0.21579440
5.34057617	0.19094220
5.36441803	0.06690942
5.38825989	0.01510532
5.41210175	0.00590129
5.43594360	0.02133787
5.45978546	0.10774590
5.48362732	0.57390280
5.50746918	0.87993090
5.53131104	0.48445950
5.55515289	0.06874705
5.57899475	0.02164962
5.60283661	0.01225407
5.62667847	0.00829787
5.65052032	0.06966798
5.67436218	0.14242670
5.69820404	0.14081520
5.72204590	0.06835122
5.74588776	0.00914849
5.76972961	0.01162966
5.79357147	0.02173884
5.81741333	0.01922327
5.84125519	0.08633029
5.86509705	0.10787250
5.88893890	0.09171396
5.91278076	0.02864299
5.93662262	0.02149482
5.96046448	0.00659244
5.98430634	0.01450350
6.00814819	0.05876693
6.03199005	0.14197890
6.05583191	0.15638850
6.07967377	0.08339491
6.10351563	0.00280431
6.12735748	0.01649277
6.15119934	0.02021866
6.17504120	0.07305536
6.19888306	0.67822710
6.22272491	1.42158000
6.24656677	1.05297500
6.27040863	0.23696000
6.29425049	0.01946430
6.31809235	0.00121310
6.34193420	0.01886235
6.36577606	0.05069868
6.38961792	0.16268580
6.41345978	0.20304500
6.43730164	0.11189890
6.46114349	0.01158952
6.48498535	0.01986766
6.50882721	0.01695632
6.53266907	0.00065203
6.55651093	0.07170829
6.58035278	0.10924160
6.60419464	0.10291580
6.62803650	0.05055607
6.65187836	0.01514968
6.67572021	0.00581416
6.69956207	0.02133185
6.72340393	0.03141545
6.74724579	0.10391690
6.77108765	0.13077850
6.79492950	0.09471232
6.81877136	0.01856061
6.84261322	0.02166372
6.86645508	0.01233627
6.89029694	0.00997361
6.91413879	0.13086110
6.93798065	0.35498030
6.96182251	0.35284190
6.98566437	0.12621040
7.00950623	0.01048027
7.03334808	0.01155011
7.05718994	0.02173063
7.08103180	0.03142904
7.10487366	0.19363610
7.12871552	0.32885990
7.15255737	0.21700180
7.17639923	0.04547524
7.20024109	0.02150440
7.22408295	0.00666433
7.24792480	0.01441093
7.27176666	0.05352007
7.29560852	0.11362630
7.31945038	0.12056860
7.34329224	0.07338912
7.36713409	0.00227910
7.39097595	0.01637741
7.41481781	0.02024135
7.43865967	0.00942418
7.46250153	0.08113357
7.48634338	0.11319600
7.51018524	0.10050640
7.53402710	0.03974666
7.55786896	0.01937708
7.58171082	0.00060445
7.60555267	0.01884891
7.62939453	0.05409469
7.65323639	0.17921920
7.67707825	0.22777120
7.70092010	0.12134440
7.72476196	0.01247701
7.74860382	0.01982301
7.77244568	0.01700310
7.79628754	0.02368538
7.82012939	0.31659920
7.84397125	0.77199490
7.86781311	0.65965050
7.89165497	0.18536140
7.91549683	0.01590849
7.93933868	0.00584478
7.96318054	0.02135233
7.98702240	0.03248765
8.01086426	0.11601590
8.03470612	0.15122560
8.05854797	0.10306600
8.08238983	0.01949238
8.10623169	0.02163275
8.13007355	0.01238330
8.15391541	0.00800273
8.17775726	0.06183971
8.20159912	0.10405640
8.22544098	0.10369310
8.24928284	0.06018344
8.27312469	0.00918199
8.29696655	0.01149732
8.32080841	0.02175917
8.34465027	0.02197855
8.36849213	0.11133820
8.39233398	0.16515250
8.41617584	0.12208950
8.44001770	0.03115473
8.46385956	0.02164490
8.48770142	0.00710231
8.51154327	0.01815438
8.53538513	0.38726060
8.55922699	1.36267300
8.58306885	1.55728000
8.60691071	0.61344400
8.63075256	0.04391218
8.65459442	0.01635415
8.67843628	0.02027163
8.70227814	0.01334289
8.72612000	0.11291580
8.74996185	0.20111110
8.77380371	0.15694720
8.79764557	0.04831935
8.82148743	0.01939753
8.84532928	0.00067338
8.86917114	0.01881985
8.89301300	0.04137320
8.91685486	0.09937737
8.94069672	0.10996100
8.96453857	0.07882649
8.98838043	0.00768270
9.01222229	0.01981223
9.03606415	0.01706917
9.05990601	0.00240390
9.08374786	0.07688242
9.10758972	0.12777500
9.13143158	0.11811360
9.15527344	0.05248627
9.17911530	0.01530062
9.20295715	0.00564455
9.22679901	0.02128485
9.25064087	0.05702627
9.27448273	0.27467170
9.29832458	0.41220700
9.32216644	0.23237440
9.34600830	0.03434449
9.36985016	0.02160813
9.39369202	0.01243746
9.41753387	0.00917524
9.44137573	0.10984710
9.46521759	0.28747360
9.48905945	0.28249350
9.51290131	0.10556900
9.53674316	0.01011868
9.56058502	0.01143745
9.58442688	0.02177483
9.60826874	0.02011943
9.63211060	0.09317657
9.65595245	0.12375520
9.67979431	0.09901585
9.70363617	0.02910684
9.72747803	0.02154306
9.75131989	0.00683026
9.77516174	0.01425794
9.79900360	0.05273460
9.82284546	0.10590510
9.84668732	0.11194410
9.87052917	0.07088605
9.89437103	0.00181028
9.91821289	0.01626270
9.94205475	0.02029333
9.96589661	0.01448997
9.98973846	0.12668580
10.01358032	0.23278070
10.03742218	0.18042010
10.06126404	0.05150482
10.08510590	0.01942552
10.10894775	0.00091991
10.13278961	0.01881513
10.15663147	0.13516220
10.18047333	0.56658880
10.20431519	0.74317870
10.22815704	0.34891590
10.25199890	0.03557831
10.27584076	0.01977559
10.29968262	0.01714203
10.32352448	0.00259093
10.34736633	0.08177800
10.37120819	0.14487150
10.39505005	0.13038930
10.41889191	0.05479058
10.44273376	0.01536745
10.46657562	0.00557491
10.49041748	0.02127198
10.51425934	0.03049544
10.53810120	0.09267142
10.56194305	0.10797790
10.58578491	0.08528441
10.60962677	0.01744940
10.63346863	0.02161148
10.65731049	0.01251816
10.68115234	0.00809307
10.70499420	0.07339182
10.72883606	0.15420780
10.75267792	0.15335670
10.77651978	0.07034060
10.80036163	0.00945597
10.82420349	0.01136652
10.84804535	0.02175954
10.87188721	0.16005580
10.89572906	1.09737800
10.91957092	1.95417000
10.94341278	1.23644100
10.96725464	0.21870130
10.99109650	0.02154493
11.01493835	0.00692812
11.03878021	0.01419619
11.06262207	0.06506312
11.08646393	0.17178460
11.11030579	0.18905410
11.13414764	0.09265139
11.15798950	0.00485150
11.18183136	0.01620815
11.20567322	0.02033220
11.22951508	0.00960965
11.25335693	0.08043937
11.27719879	0.11000200
11.30104065	0.09793235
11.32488251	0.03915842
11.34872437	0.01948721
11.37256622	0.00075796
11.39640808	0.01871653
11.42024994	0.04367036
11.44409180	0.11306820
11.46793365	0.13160320
11.49177551	0.08546616
11.51561737	0.00794039
11.53945923	0.01975183
11.56330109	0.01717420
11.58714294	0.01252960
11.61098480	0.17460220
11.63482666	0.40543020
11.65866852	0.34828580
11.68251038	0.10265430
11.70635223	0.01556562
11.73019409	0.00550215
11.75403595	0.02123686
11.77787781	0.04670061
11.80171967	0.21197370
11.82556152	0.30998960
11.84940338	0.17847280
11.87324524	0.02775234
11.89708710	0.02159133
11.92092896	0.01258211
11.94477081	0.00776063
11.96861267	0.06468401
11.99245453	0.11681750
12.01629639	0.11527990
12.04013824	0.06216837
12.06398010	0.00949325
12.08782196	0.01128287
12.11166382	0.02177527
12.13550568	0.02022448
12.15934753	0.08960373
12.18318939	0.11518840
12.20703125	0.09498849
12.23087311	0.02823743
12.25471497	0.02157757
12.27855682	0.00699933
12.30239868	0.01419185
12.32624054	0.07283884
12.35008240	0.20378660
12.37392426	0.22834310
12.39776611	0.10458670
12.42160797	0.00605921
12.44544983	0.01613756
12.46929169	0.02034849
12.49313354	0.03764188
12.51697540	0.34225200
12.54081726	0.70168980
12.56465912	0.51573470
12.58850098	0.11858520
12.61234283	0.01956118
12.63618469	0.00101594
12.66002655	0.01869243
12.68386841	0.04490704
12.70771027	0.12377950
12.73155212	0.14551280
12.75539398	0.09006501
12.77923584	0.00858189
12.80307770	0.01969770
12.82691956	0.01721617
12.85076141	0.00065655
12.87460327	0.07156875
12.89844513	0.10631390
12.92228699	0.10065630
12.94612885	0.04948778
12.96997070	0.01547016
12.99381256	0.00542550
13.01765442	0.02124591
13.04149628	0.03470054
13.06533813	0.12648530
13.08917999	0.16944280
13.11302185	0.11152900
13.13686371	0.01889677
13.16070557	0.02182807
13.18454742	0.01304633
13.20838928	0.03814693
13.23223114	0.72458690
13.25607300	2.10792300
13.27991486	2.06805200
13.30375671	0.67603570
13.32759857	0.03196296
13.35144043	0.01149635
13.37528229	0.02181930
13.39912415	0.02483785
13.42296600	0.12652880
13.44680786	0.19732980
13.47064972	0.13726760
13.49449158	0.03354267
13.51833344	0.02156495
13.54217529	0.00704801
13.56601715	0.01406246
13.58985901	0.05255984
13.61370087	0.10318910
13.63754272	0.10763370
13.66138458	0.06959130
13.68522644	0.00205192
13.70906830	0.01610618
13.73291016	0.02039726
13.75675201	0.01076547
13.78059387	0.08827503
13.80443573	0.13296910
13.82827759	0.11263030
13.85211945	0.04051957
13.87596130	0.01958643
13.89980316	0.00102528
13.92364502	0.01864442
13.94748688	0.08599176
13.97132874	0.33469670
13.99517059	0.43484310
14.01901245	0.20843860
14.04285431	0.02065722
14.06669617	0.01964740
14.09053802	0.01725002
14.11437988	0.00869199
14.13822174	0.13043410
14.16206360	0.28820170
14.18590546	0.24677200
14.20974731	0.07870305
14.23358917	0.01561668
14.25743103	0.00536451
14.28127289	0.02122655
14.30511475	0.03157788
14.32895660	0.10028500
14.35279846	0.12174930
14.37664032	0.09018846
14.40048218	0.01760913
14.42432404	0.02157641
14.44816589	0.01272242
14.47200775	0.00756629
14.49584961	0.06380416
14.51969147	0.11054530
14.54353333	0.11001610
14.56737518	0.06069639
14.59121704	0.00964931
14.61505890	0.01113344
14.63890076	0.02177653
14.66274261	0.02749762
14.68658447	0.15211820
14.71042633	0.24695680
14.73426819	0.16685450
14.75811005	0.03685934
14.78195190	0.02157357
14.80579376	0.00715416
14.82963562	0.01472509
14.85347748	0.16404910
14.87731934	0.55536850
14.90116119	0.62544190
14.92500305	0.24936060
14.94884491	0.01701973
14.97268677	0.01606743
14.99652863	0.02045390
15.02037048	0.01094074
15.04421234	0.09293893
15.06805420	0.14514200
15.09189606	0.11942660
15.11573792	0.04163323
15.13957977	0.01960835
15.16342163	0.00098861
15.18726349	0.01857390
15.21110535	0.04192086
15.23494720	0.09785838
15.25878906	0.10745870
15.28263092	0.07758121
15.30647278	0.00693045
15.33031464	0.01963571
15.35415649	0.01732471
15.37799835	0.00417952
15.40184021	0.08881307
15.42568207	0.16532540
15.44952393	0.14793500
15.47336578	0.05668939
15.49720764	0.01571728
15.52104950	0.00534505
15.54489136	0.02122455
15.56873322	0.37071100
15.59257507	1.96677700
15.61641693	2.98793400
15.64025879	1.60754500
15.66410065	0.21666390
15.68794250	0.02154968
15.71178436	0.01278541
15.73562622	0.00813301
15.75946808	0.07932734
15.78330994	0.17799690
15.80715179	0.17335880
15.83099365	0.07503443
15.85483551	0.00991781
15.87867737	0.01108265
15.90251923	0.02180128
15.92636108	0.02035669
15.95020294	0.08788892
15.97404480	0.10995020
15.99788666	0.09199599
16.02172852	0.02765386
16.04557037	0.02160894
16.06941223	0.00721773
16.09325409	0.01391345
16.11709595	0.05614356
16.14093781	0.12169460
16.16477966	0.13077830
16.18862152	0.07501451
16.21246338	0.00277883
16.23630524	0.01599349
16.26014709	0.02044534
16.28398895	0.02597751
16.30783081	0.22858940
16.33167267	0.45608920
16.35551453	0.33743220
16.37935638	0.08002255
16.40319824	0.01964035
16.42704010	0.00114298
16.45088196	0.01851966
16.47472382	0.06353082
16.49856567	0.22683970
16.52240753	0.28718660
16.54624939	0.14442210
16.57009125	0.01411383
16.59393311	0.01958886
16.61777496	0.01737355
16.64161682	0.00161205
16.66545868	0.07499643
16.68930054	0.11854170
16.71314240	0.10927140
16.73698425	0.05053848
16.76082611	0.01567993
16.78466797	0.00517956
16.80850983	0.02117126
16.83235168	0.03171029
16.85619354	0.09717858
16.88003540	0.11635980
16.90387726	0.08806040
16.92771912	0.01699958
16.95156097	0.02155450
16.97540283	0.01285917
16.99924469	0.00825052
17.02308655	0.09435558
17.04692841	0.22829000
17.07077026	0.22456970
17.09461212	0.08730568
17.11845398	0.01022382
17.14229584	0.01099009
17.16613770	0.02178658
17.18997955	0.05585894
17.21382141	0.36451000
17.23766327	0.63372920
17.26150513	0.40049310
17.28534698	0.07337366
17.30918884	0.02161556
17.33303070	0.00728777
17.35687256	0.01385017
17.38071442	0.05734213
17.40455627	0.12965650
17.42839813	0.13837770
17.45223999	0.07712998
17.47608185	0.00335664
17.49992371	0.01592517
17.52376556	0.02047523
17.54760742	0.01024216
17.57144928	0.08023661
17.59529114	0.10787470
17.61913300	0.09653869
17.64297485	0.03824196
17.66681671	0.01966614
17.69065857	0.00112702
17.71450043	0.01851339
17.73834229	0.04850686
17.76218414	0.14193020
17.78602600	0.17106560
17.80986786	0.09963500
17.83370972	0.00756031
17.85755157	0.02009907
17.88139343	0.01784858
17.90523529	0.12711670
17.92907715	1.59296600
17.95291901	3.87245000
17.97676086	3.25943400
18.00060272	0.87224520
18.02444458	0.02612299
18.04828644	0.00673525
18.07212830	0.02127339
18.09597015	0.03782797
18.11981201	0.13839310
18.14365387	0.19049110
18.16749573	0.11838240
18.19133759	0.02046784
18.21517944	0.02151187
18.23902130	0.01289803
18.26286316	0.00727794
18.28670502	0.06310350
18.31054688	0.10583920
18.33438873	0.10461250
18.35823059	0.05942856
18.38207245	0.00989085
18.40591431	0.01093733
18.42975616	0.02180846
18.45359802	0.02187830
18.47743988	0.09933408
18.50128174	0.13697040
18.52512360	0.10547470
18.54896545	0.02856301
18.57280731	0.02165508
18.59664917	0.00741221
18.62049103	0.01419316
18.64433289	0.12417490
18.66817474	0.40186830
18.69201660	0.45141720
18.71585846	0.18229110
18.73970032	0.01191953
18.76354218	0.01585918
18.78738403	0.02048933
18.81122589	0.01762220
18.83506775	0.15025670
18.85890961	0.28350720
18.88275146	0.21220470
18.90659332	0.05642860
18.93043518	0.01972016
18.95427704	0.00125776
18.97811890	0.01844198
19.00196075	0.04323644
19.02580261	0.10591330
19.04964447	0.11874660
19.07348633	0.08066658
19.09732819	0.00702988
19.12117004	0.01951934
19.14501190	0.01747116
19.16885376	0.00187244
19.19269562	0.07423517
19.21653748	0.11446660
19.24037933	0.10680890
19.26422119	0.04967819
19.28806305	0.01581156
19.31190491	0.00501496
19.33574677	0.02112277
19.35958862	0.04325766
19.38343048	0.17990910
19.40727234	0.25746740
19.43111420	0.15080550
19.45495605	0.02348757
19.47879791	0.02150354
19.50263977	0.01298052
19.52648163	0.01210672
19.55032349	0.19332120
19.57416534	0.53884760
19.59800720	0.52233430
19.62184906	0.17580400
19.64569092	0.01234470
19.66953278	0.01089920
19.69337463	0.02183125
19.71721649	0.02195731
19.74105835	0.10287130
19.76490021	0.14338240
19.78874207	0.10815430
19.81258392	0.02900189
19.83642578	0.02163244
19.86026764	0.00743543
19.88410950	0.01369050
19.90795135	0.05308864
19.93179321	0.10201250
19.95563507	0.10621950
19.97947693	0.06865182
20.00331879	0.00245214
20.02716064	0.01585137
20.05100250	0.02056822
20.07484436	0.01269306
20.09868622	0.10532580
20.12252808	0.17441310
20.14636993	0.14073920
20.17021179	0.04241385
20.19405365	0.02043515
20.21789551	0.00608664
20.24173737	0.02460854
20.26557922	1.13628900
20.28942108	4.80143000
20.31326294	6.24169300
20.33710480	2.83822600
20.36094666	0.27939680
20.38478851	0.01972430
20.40863037	0.01808091
20.43247223	0.00811029
20.45631409	0.09258188
20.48015594	0.18157220
20.50399780	0.15643200
20.52783966	0.05901782
20.55168152	0.01584231
20.57552338	0.00501907
20.59936523	0.02114450
20.62320709	0.03166990
20.64704895	0.09400482
20.67089081	0.10920570
20.69473267	0.08499965
20.71857452	0.01645385
20.74241638	0.02151833
20.76625824	0.01306309
20.79010010	0.00722259
20.81394196	0.06862986
20.83778381	0.12970270
20.86162567	0.12813880
20.88546753	0.06362527
20.90930939	0.01012065
20.93315125	0.01077529
20.95699310	0.02179356
20.98083496	0.04705593
21.00467682	0.29443160
21.02851868	0.50566000
21.05236053	0.32077550
21.07620239	0.05908705
21.10004425	0.02163510
21.12388611	0.00751414
21.14772797	0.01373804
21.17156982	0.08136826
21.19541168	0.23759530
21.21925354	0.26160450
21.24309540	0.11480490
21.26693726	0.00690270
21.29077911	0.01577006
21.31462097	0.02057817
21.33846283	0.01086412
21.36230469	0.08418933
21.38614655	0.11894280
21.40998840	0.10256160
21.43383026	0.03870460
21.45767212	0.01980352
21.48151398	0.00140547
21.50535583	0.01832906
21.52919769	0.04345407
21.55303955	0.10392830
21.57688141	0.11656050
21.60072327	0.07976869
21.62456512	0.00653576
21.64840698	0.01944118
21.67224884	0.01756140
21.69609070	0.00790699
21.71993256	0.11906380
21.74377441	0.25175840
21.76761627	0.21648870
21.79145813	0.07007470
21.81529999	0.01594463
21.83914185	0.00488056
21.86298370	0.02108015
21.88682556	0.07717218
21.91066742	0.38204290
21.93450928	0.56699670
21.95835114	0.30773590
21.98219299	0.04269523
22.00603485	0.02149528
22.02987671	0.01313022
22.05371857	0.00708304
22.07756042	0.06937359
22.10140228	0.13358890
22.12524414	0.13014780
22.14908600	0.06427718
22.17292786	0.01023453
22.19676971	0.01069862
22.22061157	0.02179414
22.24445343	0.02104652
22.26829529	0.08776054
22.29213715	0.10881440
22.31597900	0.09120535
22.33982086	0.02682575
22.36366272	0.02161764
22.38750458	0.00756148
22.41134644	0.01374796
22.43518829	0.06305770
22.45903015	0.15790420
22.48287201	0.16896650
22.50671387	0.08769292
22.53055573	0.00375138
22.55439758	0.01871870
22.57823944	0.02123546
22.60208130	0.81483980
22.62592316	7.20580700
22.64976501	14.75964000
22.67360687	10.64025000
22.69744873	2.29069400
22.72129059	0.02805044
22.74513245	0.01070734
22.76897430	0.01929006
22.79281616	0.05263815
22.81665802	0.14723690
22.84049988	0.18173550
22.86434174	0.10016750
22.88818359	0.00984644
22.91202545	0.01936000
22.93586731	0.01756901
22.95970917	0.00149008
22.98355103	0.07270994
23.00739288	0.10748650
23.03123474	0.10081120
23.05507660	0.04851781
23.07891846	0.01596718
23.10276031	0.00481355
23.12660217	0.02108730
23.15044403	0.03397186
23.17428589	0.11004400
23.19812775	0.13952730
23.22196960	0.09673601
23.24581146	0.01708900
23.26965332	0.02151680
23.29349518	0.01322440
23.31733704	0.01122393
23.34117889	0.17434780
23.36502075	0.47587210
23.38886261	0.46135790
23.41270447	0.15502330
23.43654633	0.01195899
23.46038818	0.01062422
23.48423004	0.02178302
23.50807190	0.03018989
23.53191376	0.16855700
23.55575562	0.27377220
23.57959747	0.17972870
23.60343933	0.03791531
23.62728119	0.02165107
23.65112305	0.00765261
23.67496490	0.01348378
23.69880676	0.05468265
23.72264862	0.11003020
23.74649048	0.11493860
23.77033234	0.07040610
23.79417419	0.00309327
23.81801605	0.01566560
23.84185791	0.02064022
23.86569977	0.01123955
23.88954163	0.08390673
23.91338348	0.11763970
23.93722534	0.10220940
23.96106720	0.03818632
23.98490906	0.01990600
24.00875092	0.00164269
24.03259277	0.01821790
24.05643463	0.06199468
24.08027649	0.20955360
24.10411835	0.26371320
24.12796021	0.13283520
24.15180206	0.01237607
24.17564392	0.01931790
24.19948578	0.01762104
24.22332764	0.01702356
24.24716949	0.22205260
24.27101135	0.51623580
24.29485321	0.43194460
24.31869507	0.12118510
24.34253693	0.01625168
24.36637878	0.00478155
24.39022064	0.02110747
24.41406250	0.03399345
24.43790436	0.11097820
24.46174622	0.14030090
24.48558807	0.09623715
24.50942993	0.01756508
24.53327179	0.02157390
24.55711365	0.01337947
24.58095551	0.00669237
24.60479736	0.06363908
24.62863922	0.10522830
24.65248108	0.10422960
24.67632294	0.05875007
24.70016479	0.01098795
24.72400665	0.01092195
24.74784851	0.02205883
24.77169037	0.02848847
24.79553223	0.11622410
24.81937408	0.19269730
24.84321594	0.11770100
24.86705780	0.04957234
24.89089966	0.04739088
24.91474152	0.05495907
24.93858337	0.35122000
24.96242523	10.88017000
24.98626709	37.35278000
25.01010895	41.63039000
25.03395081	15.87539000
25.05779266	1.07026700
25.08163452	0.05002025
25.10547638	0.05202072
25.12931824	0.02548783
25.15316010	0.12046170
25.17700195	0.17004580
25.20084381	0.14709600
25.22468567	0.04089642
25.24852753	0.02079419
25.27236938	0.00402584
25.29621124	0.01814580
25.32005310	0.04303000
25.34389496	0.09876721
25.36773682	0.10791990
25.39157867	0.07691161
25.41542053	0.00616446
25.43926239	0.01925853
25.46310425	0.01763945
25.48694611	0.00282415
25.51078796	0.08144430
25.53462982	0.13642660
25.55847168	0.12399970
25.58231354	0.05137431
25.60615540	0.01610406
25.62999725	0.00469736
25.65383911	0.02105983
25.67768097	0.07733743
25.70152283	0.37351830
25.72536469	0.55325060
25.74920654	0.29887490
25.77304840	0.04079361
25.79689026	0.02146371
25.82073212	0.01332903
25.84457397	0.00784871
25.86841583	0.09973264
25.89225769	0.24372160
25.91609955	0.23452010
25.93994141	0.08925128
25.96378326	0.01084916
25.98762512	0.01048986
26.01146698	0.02181031
26.03530884	0.02172353
26.05915070	0.09208777
26.08299255	0.11818880
26.10683441	0.09512658
26.13067627	0.02694186
26.15451813	0.02168101
26.17835999	0.00781711
26.20220184	0.01332874
26.22604370	0.05513391
26.24988556	0.10989180
26.27372742	0.11565150
26.29756927	0.07020974
26.32141113	0.00316957
26.34525299	0.01554079
26.36909485	0.02067954
26.39293671	0.01817754
26.41677856	0.14728990
26.44062042	0.27311330
26.46446228	0.20438480
26.48830414	0.05343294
26.51214600	0.01993486
26.53598785	0.00178919
26.55982971	0.01816254
26.58367157	0.10069020
26.60751343	0.39388410
26.63135529	0.50142180
26.65519714	0.23337150
26.67903900	0.02219821
26.70288086	0.01928255
26.72672272	0.01776998
26.75056458	0.00296926
26.77440643	0.08074094
26.79824829	0.13544800
26.82209015	0.12127280
26.84593201	0.05140506
26.86977386	0.01618073
26.89361572	0.00455028
26.91745758	0.02099780
26.94129944	0.03241637
26.96514130	0.09413444
26.98898315	0.10911660
27.01282501	0.08456638
27.03666687	0.01573332
27.06050873	0.02144230
27.08435059	0.01339144
27.10819244	0.00706633
27.13203430	0.07985761
27.15587616	0.17100810
27.17971802	0.16731140
27.20355988	0.07119373
27.22740173	0.01081188
27.25124359	0.01043617
27.27508545	0.02181328
27.29892731	0.78445540
27.32276917	5.18032900
27.34661102	8.99878400
27.37045288	5.54076000
27.39429474	0.93782160
27.41813660	0.02170655
27.44197845	0.00794539
27.46582031	0.01341082
27.48966217	0.06365816
27.51350403	0.15733170
27.53734589	0.16829270
27.56118774	0.08447955
27.58502960	0.00454154
27.60887146	0.01548326
27.63271332	0.02071353
27.65655518	0.01124577
27.68039703	0.08114022
27.70423889	0.10828160
27.72808075	0.09608560
27.75192261	0.03717844
27.77576447	0.01998289
27.79960632	0.00180469
27.82344818	0.01808678
27.84729004	0.04655276
27.87113190	0.12053050
27.89497375	0.14023500
27.91881561	0.08670121
27.94265747	0.00661647
27.96649933	0.01927119
27.99034119	0.01781825
28.01418304	0.01912909
28.03802490	0.23997010
28.06186676	0.55638160
28.08570862	0.46452750
28.10955048	0.12768620
28.13339233	0.01643469
28.15723419	0.00448707
28.18107605	0.02094842
28.20491791	0.04460884
28.22875977	0.18453370
28.25260162	0.25970860
28.27644348	0.14989780
28.30028534	0.02266290
28.32412720	0.02140540
28.34796906	0.01343943
28.37181091	0.00650986
28.39565277	0.06546880
28.41949463	0.11278400
28.44333649	0.11033430
28.46717834	0.05954108
28.49102020	0.01060297
28.51486206	0.01035763
28.53870392	0.02182687
28.56254578	0.02223045
28.58638763	0.09280337
28.61022949	0.11998240
28.63407135	0.09615598
28.65791321	0.02659543
28.68175507	0.02172532
28.70559692	0.00800142
28.72943878	0.01332637
28.75328064	0.08407807
28.77712250	0.24057400
28.80096436	0.26493430
28.82480621	0.11388990
28.84864807	0.00698963
28.87248993	0.01539578
28.89633179	0.02071163
28.92017365	0.02926744
28.94401550	0.24848360
28.96785736	0.48828650
28.99169922	0.35242220
29.01554108	0.08134642
29.03938293	0.02001658
29.06322479	0.00189565
29.08706665	0.01805587
29.11090851	0.04597862
29.13475037	0.11799910
29.15859222	0.13500910
29.18243408	0.08481037
29.20627594	0.00674689
29.23011780	0.01922149
29.25395966	0.01787060
29.27780151	0.00202828
29.30164337	0.07334431
29.32548523	0.10776260
29.34932709	0.10102540
29.37316895	0.04783477
29.39701080	0.01634080
29.42085266	0.00438737
29.44469452	0.02091686
29.46853638	0.03885473
29.49237823	0.13856200
29.51622009	0.18943580
29.54006195	0.11539680
29.56390381	0.02047184
29.58774567	0.02184693
29.61158752	0.01457151
29.63542938	0.08904552
29.65927124	1.59035200
29.68311310	4.50273400
29.70695496	4.30634500
29.73079681	1.36360800
29.75463867	0.05758341
29.77848053	0.01218077
29.80232239	0.02262486
29.82616425	0.02362746
29.85000610	0.12101080
29.87384796	0.17540760
29.89768982	0.12479560
29.92153168	0.02952814
29.94537354	0.02175272
29.96921539	0.00808947
29.99305725	0.01305784
30.01689911	0.05410935
30.04074097	0.10240970
30.06458282	0.10583210
30.08842468	0.06769603
30.11226654	0.00338265
30.13610840	0.01534872
30.15995026	0.02074506
30.18379211	0.01273287
30.20763397	0.09351602
30.23147583	0.14276420
30.25531769	0.11737670
30.27915955	0.03924633
30.30300140	0.02007186
30.32684326	0.00209135
30.35068512	0.01807365
30.37452698	0.11942720
30.39836884	0.46848090
30.42221069	0.59740700
30.44605255	0.27333160
30.46989441	0.02554799
30.49373627	0.01915835
30.51757813	0.01788922
30.54141998	0.00815138
30.56526184	0.11781380
30.58910370	0.24529560
30.61294556	0.20683460
30.63678741	0.06743243
30.66062927	0.01639332
30.68447113	0.00432414
30.70831299	0.02092695
30.73215485	0.03317168
30.75599670	0.09857730
30.77983856	0.11644770
30.80368042	0.08689038
30.82752228	0.01565480
30.85136414	0.02138072
30.87520599	0.01357348
30.89904785	0.00636709
30.92288971	0.06640310
30.94673157	0.11519300
30.97057343	0.11338720
30.99441528	0.05966062
31.01825714	0.01077435
31.04209900	0.01020492
31.06594086	0.02182022
31.08978271	0.03274136
31.11362457	0.17921880
31.13746643	0.29122680
31.16130829	0.18878710
31.18515015	0.03786036
31.20899200	0.02171218
31.23283386	0.00813289
31.25667572	0.01353911
31.28051758	0.12565040
31.30435944	0.39926680
31.32820129	0.43770390
31.35204315	0.17413440
31.37588501	0.01115752
31.39972687	0.01531387
31.42356873	0.02080154
31.44741058	0.01236911
31.47125244	0.09100463
31.49509430	0.13552040
31.51893616	0.11175000
31.54277802	0.03881167
31.56661987	0.02008887
31.59046173	0.00205049
31.61430359	0.01792941
31.63814545	0.04387680
31.66198730	0.09946012
31.68582916	0.10873340
31.70967102	0.07662468
31.73351288	0.00536048
31.75735474	0.01912454
31.78119659	0.01794314
31.80503845	0.00604485
31.82888031	0.09689972
31.85272217	0.18489190
31.87656403	0.15989680
31.90040588	0.05764418
31.92424774	0.01637687
31.94808960	0.00456811
31.97193146	0.02096061
31.99577332	0.45382080
32.01961517	2.32234900
32.04345703	3.43835000
32.06729889	1.80103700
32.09114075	0.23196130
32.11498260	0.02136423
32.13882446	0.01376820
32.16266632	0.00629048
32.18650818	0.07786969
32.21035004	0.16167330
32.23419189	0.15574100
32.25803375	0.06855948
32.28187561	0.01098378
32.30571747	0.01013312
32.32955933	0.02182448
32.35340118	0.02209785
32.37724304	0.08831026
32.40108490	0.10838980
32.42492676	0.09030987
32.44876862	0.02574336
32.47261047	0.02173563
32.49645233	0.00820808
32.52029419	0.01296497
32.54413605	0.05958945
32.56797791	0.13046080
32.59181976	0.13910310
32.61566162	0.07545032
32.63950348	0.00399588
32.66334534	0.01525203
32.68718719	0.02080321
32.71102905	0.03876152
32.73487091	0.32516400
32.75871277	0.64352830
32.78255463	0.46111460
32.80639648	0.10137890
32.83023834	0.02011774
32.85408020	0.00217986
32.87792206	0.01786953
32.90176392	0.06020495
32.92560577	0.19752920
32.94944763	0.24215410
32.97328949	0.12304510
32.99713135	0.01069029
33.02097321	0.01908593
33.04481506	0.01800074
33.06865692	0.00253488
33.09249878	0.07533827
33.11634064	0.11422850
33.14018250	0.10503130
33.16402435	0.04814576
33.18786621	0.01648310
33.21170807	0.00414458
33.23554993	0.02086912
33.25939178	0.03390380
33.28323364	0.10093580
33.30707550	0.12134130
33.33091736	0.08865332
33.35475922	0.01539733
33.37860107	0.02135655
33.40244293	0.01371042
33.42628479	0.00796611
33.45012665	0.11028870
33.47396851	0.27181340
33.49781036	0.26111900
33.52165222	0.09447721
33.54549408	0.01134477
33.56933594	0.01005579
33.59317780	0.02181577
33.61701965	0.04524851
33.64086151	0.27196760
33.66470337	0.45505500
33.68854523	0.28367830
33.71238708	0.05190038
33.73622894	0.02173564
33.76007080	0.00827506
33.78391266	0.01287741
33.80775452	0.05797964
33.83159637	0.12302460
33.85543823	0.12885320
33.87928009	0.07288077
33.90312195	0.00413518
33.92696381	0.01518533
33.95080566	0.02083747
33.97464752	0.01198028
33.99848938	0.08202609
34.02233124	0.10960160
34.04617310	0.09671745
34.07001495	0.03651042
34.09385681	0.02017285
34.11769867	0.00226752
34.14154053	0.01781760
34.16538239	0.05363258
34.18922424	0.15703370
34.21306610	0.19091010
34.23690796	0.10250580
34.26074982	0.00941421
34.28459167	0.01911281
34.30843353	0.01811153
34.33227539	0.09045537
34.35611725	1.06932900
34.37995911	2.52614800
34.40380096	2.07293100
34.42764282	0.53815780
34.45148468	0.02007354
34.47532654	0.00505774
34.49916840	0.02104735
34.52301025	0.03682100
34.54685211	0.13084770
34.57069397	0.17000350
34.59453583	0.10841930
34.61837769	0.01728542
34.64221954	0.02133679
34.66606140	0.01377671
34.68990326	0.00597042
34.71374512	0.06448129
34.73758698	0.10496990
34.76142883	0.10308300
34.78527069	0.05752937
34.80911255	0.01101288
34.83295441	0.00999057
34.85679626	0.02182745
34.88063812	0.02420098
34.90447998	0.10578060
34.92832184	0.14734240
34.95216370	0.10924470
34.97600555	0.02711393
34.99984741	0.02178766
35.02368927	0.00842979
35.04753113	0.01405963
35.07137299	0.17904890
35.09521484	0.58127800
35.11905670	0.63843510
35.14289856	0.24482210
35.16674042	0.01567605
35.19058228	0.01511198
35.21442413	0.02083722
35.23826599	0.01760008
35.26210785	0.13516740
35.28594971	0.24217090
35.30979156	0.17974500
35.33363342	0.04866788
35.35747528	0.02018163
35.38131714	0.00229038
35.40515900	0.01778686
35.42900085	0.04470474
35.45284271	0.10363550
35.47668457	0.11388260
35.50052643	0.07780652
35.52436829	0.00530545
35.54821014	0.01901237
35.57205200	0.01809581
35.59589386	0.00328509
35.61973572	0.07715371
35.64357758	0.11973570
35.66741943	0.10970870
35.69126129	0.04835249
35.71510315	0.01661433
35.73894501	0.00397680
35.76278687	0.02080900
35.78662872	0.05091263
35.81047058	0.21464460
35.83431244	0.30513940
35.85815430	0.17032080
35.88199615	0.02396545
35.90583801	0.02129067
35.92967987	0.01381434
35.95352173	0.00983430
35.97736359	0.15114130
36.00120544	0.39786430
36.02504730	0.37673430
36.04888916	0.12740340
36.07273102	0.01200325
36.09657288	0.00995113
36.12041473	0.02185180
36.14425659	0.02346824
36.16809845	0.09998558
36.19194031	0.13388880
36.21578217	0.10179570
36.23962402	0.02660837
36.26346588	0.02176434
36.28730774	0.00844075
36.31114960	0.01269663
36.33499146	0.05505927
36.35883331	0.10384120
36.38267517	0.10753120
36.40651703	0.06745194
36.43035889	0.00388413
36.45420074	0.01504996
36.47804260	0.02086683
36.50188446	0.01580414
36.52572632	0.11540720
36.54956818	0.19665470
36.57341003	0.15019500
36.59725189	0.04379362
36.62109375	0.02019622
36.64493561	0.00309080
36.66877747	0.01891134
36.69261932	0.40082280
36.71646118	1.63226300
36.74030304	2.06728100
36.76414490	0.91636320
36.78798676	0.08532283
36.81182861	0.01903973
36.83567047	0.01829615
36.85951233	0.00412207
36.88335419	0.09105263
36.90719604	0.16372880
36.93103790	0.14206310
36.95487976	0.05372867
36.97872162	0.01668786
37.00256348	0.00389327
37.02640533	0.02078171
37.05024719	0.03343449
37.07408905	0.09418518
37.09793091	0.10787640
37.12177277	0.08337959
37.14561462	0.01466014
37.16945648	0.02128857
37.19329834	0.01388995
37.21714020	0.00612372
37.24098206	0.07285174
37.26482391	0.13974620
37.28866577	0.13588530
37.31250763	0.06336862
37.33634949	0.01122222
37.36019135	0.00984456
37.38403320	0.02182382
37.40787506	0.07043573
37.43171692	0.43564850
37.45555878	0.73805920
37.47940063	0.45193340
37.50324249	0.07698634
37.52708435	0.02175689
37.55092621	0.00850783
37.57476807	0.01274747
37.59860992	0.07647804
37.62245178	0.20701110
37.64629364	0.22207590
37.67013550	0.09918427
37.69397736	0.00619670
37.71781921	0.01500368
37.74166107	0.02091016
37.76550293	0.01242645
37.78934479	0.08403473
37.81318665	0.11454320
37.83702850	0.09896474
37.86087036	0.03648730
37.88471222	0.02025285
37.90855408	0.00245098
37.93239594	0.01767403
37.95623779	0.04584816
37.98007965	0.10837070
38.00392151	0.12152640
38.02776337	0.07979663
38.05160522	0.00513934
38.07544708	0.01893489
38.09928894	0.01818623
38.12313080	0.01084806
38.14697266	0.14126280
38.17081451	0.30215850
38.19465637	0.25225510
38.21849823	0.07532411
38.24234009	0.01674782
38.26618195	0.00383245
38.29002380	0.02074824
38.31386566	0.06383578
38.33770752	0.29132220
38.36154938	0.41768810
38.38539124	0.22492710
38.40923309	0.03032998
38.43307495	0.02126352
38.45691681	0.01395495
38.48075867	0.00581843
38.50460052	0.06946719
38.52844238	0.12625720
38.55228424	0.12180660
38.57612610	0.06073844
38.59996796	0.01129239
38.62380981	0.00977758
38.64765167	0.02183208
38.67149353	0.02293919
38.69533539	0.08963570
38.71917725	0.11079250
38.74301910	0.09111479
38.76686096	0.02509800
38.79070282	0.02178419
38.81454468	0.00860288
38.83838654	0.01262314
38.86222839	0.07000208
38.88607025	0.17537800
38.90991211	0.18934860
38.93375397	0.08824863
38.95759583	0.00591531
38.98143768	0.01493145
39.00527954	0.02091644
39.02912140	0.10641230
39.05296326	0.89421620
39.07680511	1.77887300
39.10064697	1.25106800
39.12448883	0.26177620
39.14833069	0.02036995
39.17217255	0.00274680
39.19601440	0.01769328
39.21985626	0.05015049
39.24369812	0.13914500
39.26753998	0.16209410
39.29138184	0.09286004
39.31522369	0.00681949
39.33906555	0.01888909
39.36290741	0.01823702
39.38674927	0.00282280
39.41059113	0.07387559
39.43443298	0.10664020
39.45827484	0.09947821
39.48211670	0.04661607
39.50595856	0.01677881
39.52980042	0.00373927
39.55364227	0.02073608
39.57748413	0.03667318
39.60132599	0.11796260
39.62516785	0.15012310
39.64900970	0.09952739
39.67285156	0.01559452
39.69669342	0.02129684
39.72053528	0.01406584
39.74437714	0.01597750
39.76821899	0.26330080
39.79206085	0.71613400
39.81590271	0.67675870
39.83974457	0.21478500
39.86358643	0.01394497
39.88742828	0.00971622
39.91127014	0.02180794
39.93511200	0.02995929
39.95895386	0.15108990
39.98279572	0.23475270
40.00663757	0.15395410
40.03047943	0.03254643
40.05432129	0.02176996
40.07816315	0.00865338
40.10200500	0.01247700
40.12584686	0.05590144
40.14968872	0.10730960
40.17353058	0.11058340
40.19737244	0.06787897
40.22121429	0.00426375
40.24505615	0.01488424
40.26889801	0.02095512
40.29273987	0.01312514
40.31658173	0.08728656
40.34042358	0.12344410
40.36426544	0.10451620
40.38810730	0.03666142
40.41194916	0.02033146
40.43579102	0.00265209
40.45963287	0.01759006
40.48347473	0.07325120
40.50731659	0.25310920
40.53115845	0.31399120
40.55500031	0.14979300
40.57884216	0.01277217
40.60268402	0.01882580
40.62652588	0.01825932
40.65036774	0.01419169
40.67420959	0.17618760
40.69805145	0.38971420
40.72189331	0.31948370
40.74573517	0.09083451
40.76957703	0.01690883
40.79341888	0.00370626
40.81726074	0.02072507
40.84110260	0.03520996
40.86494446	0.10749100
40.88878632	0.13079470
40.91262817	0.09142619
40.93647003	0.01512038
40.96031189	0.02123634
40.98415375	0.01408532
41.00799561	0.00551350
41.03183746	0.06564118
41.05567932	0.10740990
41.07952118	0.10534490
41.10336304	0.05723144
41.12720490	0.01143767
41.15104675	0.00961637
41.17488861	0.02181421
41.19873047	0.02844755
41.22257233	0.13529100
41.24641418	0.20583370
41.27025604	0.13820890
41.29409790	0.03045798
41.31793976	0.02177253
41.34178162	0.00887946
41.36562347	0.01866288
41.38946533	0.39571500
41.41330719	1.30864200
41.43714905	1.42132000
41.46099091	0.52954560
41.48483276	0.03335970
41.50867462	0.01495756
41.53251648	0.02109837
41.55635834	0.01410025
41.58020020	0.10320320
41.60404205	0.16318090
41.62788391	0.12799990
41.65172577	0.03979687
41.67556763	0.02035810
41.69940948	0.00269369
41.72325134	0.01750460
41.74709320	0.04479448
41.77093506	0.09883021
41.79477692	0.10675290
41.81861877	0.07526060
41.84246063	0.00438677
41.86630249	0.01880257
41.89014435	0.01832039
41.91398621	0.00499433
41.93782806	0.08631709
41.96166992	0.14805730
41.98551178	0.13056830
42.00935364	0.05078974
42.03319550	0.01692487
42.05703735	0.00359736
42.08087921	0.02068643
42.10472107	0.11970350
42.12856293	0.57967840
42.15240479	0.84235470
42.17624664	0.43826720
42.20008850	0.05538686
42.22393036	0.02120132
42.24777222	0.01412713
42.27161407	0.00679101
42.29545593	0.09293693
42.31929779	0.21261690
42.34313965	0.20048170
42.36698151	0.07810686
42.39082336	0.01168985
42.41466522	0.00956647
42.43850708	0.02183405
42.46234894	0.02339130
42.48619080	0.09140852
42.51003265	0.11389620
42.53387451	0.09205297
42.55771637	0.02489846
42.58155823	0.02179143
42.60540009	0.00881355
42.62924194	0.01232537
42.65308380	0.05775033
42.67692566	0.11513820
42.70076752	0.12035760
42.72460938	0.06974817
42.74845123	0.00451265
42.77229309	0.01476024
42.79613495	0.02099260
42.81997681	0.02306847
42.84381866	0.17753200
42.86766052	0.33034410
42.89150238	0.23866060
42.91534424	0.05705764
42.93918610	0.02036701
42.96302795	0.00279483
42.98686981	0.01748587
43.01071167	0.08429829
43.03455353	0.30567640
43.05839539	0.37743860
43.08223724	0.17545840
43.10607910	0.01520492
43.12992096	0.01876006
43.15376282	0.01837691
43.17760468	0.00390056
43.20144653	0.08010431
43.22528839	0.12776000
43.24913025	0.11405710
43.27297211	0.04847068
43.29681396	0.01695802
43.32065582	0.00350155
43.34449768	0.02065111
43.36833954	0.03440109
43.39218140	0.09620185
43.41602325	0.11128940
43.43986511	0.08416031
43.46370697	0.01405113
43.48754883	0.02119795
43.51139069	0.01420921
43.53523254	0.00638674
43.55907440	0.08805776
43.58291626	0.19309410
43.60675812	0.18443320
43.63059998	0.07336526
43.65444183	0.01172577
43.67828369	0.00947302
43.70212555	0.02181414
43.72596741	0.12890940
43.74980927	0.80854520
43.77365112	1.36420400
43.79749298	0.82056810
43.82133484	0.13493970
43.84517670	0.02178787
43.86901855	0.00887975
43.89286041	0.01228359
43.91670227	0.06342819
43.94054413	0.14535620
43.96438599	0.15242890
43.98822784	0.07796400
44.01206970	0.00518757
44.03591156	0.01469967
44.05975342	0.02102341
44.08359528	0.01292440
44.10743713	0.08211031
44.13127899	0.10757230
44.15512085	0.09486327
44.17896271	0.03527350
44.20280457	0.02041116
44.22664642	0.00285298
44.25048828	0.01741202
44.27433014	0.04987080
44.29817200	0.12996180
44.32201385	0.15083070
44.34585571	0.08845457
44.36969757	0.00542892
44.39353943	0.01876142
44.41738129	0.01843099
44.44122314	0.03334194
44.46506500	0.38325100
44.48890686	0.88013700
44.51274872	0.71429730
44.53659058	0.18455730
44.56043243	0.01734031
44.58427429	0.00351437
44.60811615	0.02059662
44.63195801	0.04374561
44.65579987	0.16495580
44.67964172	0.22360230
44.70348358	0.12996030
44.72732544	0.01883802
44.75116730	0.02116352
44.77500916	0.01426275
44.79885101	0.00521696
44.82269287	0.06639154
44.84653473	0.10970770
44.87037659	0.10657430
44.89421844	0.05719524
44.91806030	0.01167243
44.94190216	0.00940981
44.96574402	0.02182319
44.98958588	0.02434852
45.01342773	0.09679518
45.03726959	0.12615520
45.06111145	0.09779906
45.08495331	0.02500500
45.10879517	0.02181539
45.13263702	0.00898461
45.15647888	0.01253305
45.18032074	0.10070780
45.20416260	0.29381450
45.22800446	0.31718280
45.25184631	0.12805270
45.27568817	0.00822814
45.29953003	0.01462260
45.32337189	0.02102803
45.34721375	0.02557737
45.37105560	0.19977670
45.39489746	0.37521390
45.41873932	0.26682140
45.44258118	0.06234505
45.46642303	0.02044038
45.49026489	0.00293446
45.51410675	0.01736089
45.53794861	0.04711203
45.56179047	0.11340440
45.58563232	0.12649200
45.60947418	0.08062571
45.63331604	0.00493198
45.65715790	0.01867788
45.68099976	0.01846039
45.70484161	0.00364466
45.72868347	0.07539950
45.75252533	0.11026230
45.77636719	0.10201230
45.80020905	0.04623468
45.82405090	0.01707967
45.84789276	0.00333606
45.87173462	0.02058361
45.89557648	0.04301004
45.91941833	0.15638560
45.94326019	0.21184070
45.96710205	0.12433490
45.99094391	0.01822494
46.01478577	0.02113785
46.03862762	0.01435262
46.06246948	0.02465319
46.08631134	0.40623950
46.11015320	1.10836900
46.13399506	1.03378200
46.15783691	0.32088840
46.18167877	0.01677938
46.20552063	0.00949990
46.22936249	0.02189951
46.25320435	0.02571332
46.27704620	0.11402470
46.30088806	0.16017380
46.32472992	0.11391640
46.34857178	0.02680225
46.37241364	0.02180734
46.39625549	0.00903868
46.42009735	0.01206699
46.44393921	0.05576544
46.46778107	0.10236890
46.49162292	0.10495790
46.51546478	0.06600525
46.53930664	0.00467860
46.56314850	0.01457894
46.58699036	0.02106627
46.61083221	0.01494685
46.63467407	0.10000200
46.65851593	0.15500450
46.68235779	0.12322640
46.70619965	0.03809782
46.73004150	0.02052305
46.75388336	0.00323076
46.77772522	0.01765481
46.80156708	0.19693470
46.82540894	0.77076160
46.84925079	0.96185450
46.87309265	0.42205940
46.89693451	0.03750478
46.92077637	0.01862006
46.94461823	0.01848234
46.96846008	0.00827246
46.99230194	0.10906710
47.01614380	0.21420020
47.03998566	0.17831680
47.06382751	0.05949022
47.08766937	0.01713154
47.11151123	0.00328521
47.13535309	0.02057515
47.15919495	0.03481513
47.18303680	0.09739561
47.20687866	0.11243560
47.23072052	0.08421274
47.25456238	0.01378232
47.27840424	0.02113408
47.30224609	0.01439519
47.32608795	0.00519044
47.34992981	0.06938552
47.37377167	0.12121300
47.39761353	0.11768320
47.42145538	0.05874953
47.44529724	0.01185030
47.46913910	0.00925148
47.49298096	0.02180692
47.51682281	0.04018011
47.54066467	0.21938970
47.56450653	0.35509100
47.58834839	0.22090850
47.61219025	0.04026202
47.63603210	0.02179322
47.65987396	0.00910390
47.68371582	0.01243957
47.70755768	0.10595140
47.73139954	0.31440690
47.75524139	0.33568530
47.77908325	0.13439790
47.80292511	0.00866721
47.82676697	0.01452780
47.85060883	0.02110323
47.87445068	0.01385019
47.89829254	0.08961704
47.92213440	0.12766440
47.94597626	0.10571100
47.96981812	0.03625111
47.99365997	0.02050680
48.01750183	0.00309887
48.04134369	0.01723499
48.06518555	0.04594139
48.08902740	0.10181140
48.11286926	0.11097880
48.13671112	0.07588051
48.16055298	0.00387553
48.18439484	0.01858718
48.20823669	0.01853904
48.23207855	0.00805105
48.25592041	0.10799390
48.27976227	0.20944370
48.30360413	0.17621410
48.32744598	0.05837292
48.35128784	0.01716129
48.37512970	0.00325056
48.39897156	0.02053830
48.42281342	0.15547720
48.44665527	0.75528130
48.47049713	1.08678800
48.49433899	0.55736020
48.51818085	0.06907152
48.54202271	0.02110651
48.56586456	0.01447933
48.58970642	0.00521872
48.61354828	0.07631281
48.63739014	0.14926870
48.66123199	0.14156480
48.68507385	0.06364783
48.70891571	0.01197649
48.73275757	0.00918423
48.75659943	0.02181122
48.78044128	0.02389525
48.80428314	0.08910280
