Частота	Канал A
(kГц)	(В)

0.00000000	0.40988800
0.02384186	0.17261060
0.04768372	0.02805674
0.07152557	0.00087867
0.09536743	0.00083640
0.11920929	0.00062917
0.14305115	0.00041283
0.16689301	0.00032019
0.19073486	0.00038826
0.21457672	0.00042767
0.23841858	0.00053828
0.26226044	0.00056918
0.28610229	0.00046398
0.30994415	0.00124355
0.33378601	0.00365610
0.35762787	0.00364446
0.38146973	0.00138076
0.40531158	0.00064077
0.42915344	0.00030990
0.45299530	0.00029294
0.47683716	0.00040809
0.50067902	0.00047606
0.52452087	0.00036820
0.54836273	0.00031489
0.57220459	0.00020801
0.59604645	0.00049497
0.61988831	0.00164483
0.64373016	0.00408364
0.66757202	0.00395281
0.69141388	0.00212286
0.71525574	0.00103054
0.73909760	0.00029002
0.76293945	0.00038846
0.78678131	0.00056151
0.81062317	0.00069616
0.83446503	0.00054313
0.85830688	0.00044000
0.88214874	0.00017510
0.90599060	0.00047120
0.92983246	0.00083813
0.95367432	0.02690800
0.97751617	0.15088810
1.00135803	0.23873120
1.02519989	0.13395950
1.04904175	0.01986533
1.07288361	0.00077255
1.09672546	0.00045826
1.12056732	0.00051384
1.14440918	0.00041007
1.16825104	0.00032313
1.19209290	0.00035813
1.21593475	0.00053184
1.23977661	0.00055456
1.26361847	0.00074218
1.28746033	0.00075816
1.31130219	0.00071850
1.33514404	0.00210226
1.35898590	0.00211319
1.38282776	0.00115237
1.40666962	0.00079699
1.43051147	0.00054425
1.45435333	0.00033712
1.47819519	0.00035088
1.50203705	0.00039027
1.52587891	0.00038029
1.54972076	0.00045028
1.57356262	0.00051918
1.59740448	0.00041687
1.62124634	0.00127818
1.64508820	0.00330989
1.66893005	0.00339062
1.69277191	0.00269329
1.71661377	0.00160570
1.74045563	0.00070353
1.76429749	0.00031400
1.78813934	0.00040354
1.81198120	0.00057159
1.83582306	0.00043170
1.85966492	0.00038571
1.88350677	0.00039543
1.90734863	0.00046053
1.93119049	0.00079038
1.95503235	0.02623576
1.97887421	0.13455260
2.00271606	0.20054930
2.02655792	0.10576710
2.05039978	0.01396305
2.07424164	0.00049645
2.09808350	0.00050604
2.12192535	0.00051365
2.14576721	0.00040209
2.16960907	0.00027807
2.19345093	0.00023162
2.21729279	0.00035121
2.24113464	0.00049700
2.26497650	0.00084780
2.28881836	0.00124214
2.31266022	0.00165125
2.33650208	0.00068505
2.36034393	0.00049276
2.38418579	0.00100938
2.40802765	0.00103128
2.43186951	0.00074100
2.45571136	0.00039798
2.47955322	0.00045272
2.50339508	0.00034603
2.52723694	0.00032433
2.55107880	0.00032817
2.57492065	0.00056866
2.59876251	0.00051785
2.62260437	0.00066776
2.64644623	0.00115687
2.67028809	0.00173559
2.69412994	0.00211911
2.71797180	0.00125493
2.74181366	0.00076116
2.76565552	0.00035853
2.78949738	0.00026302
2.81333923	0.00040430
2.83718109	0.00052750
2.86102295	0.00055293
2.88486481	0.00037647
2.90870667	0.00018417
2.93254852	0.00034622
2.95639038	0.02174523
2.98023224	0.10331440
3.00407410	0.14530540
3.02791595	0.07189867
3.05175781	0.00827818
3.07559967	0.00053943
3.09944153	0.00050263
3.12328339	0.00057122
3.14712524	0.00065947
3.17096710	0.00052847
3.19480896	0.00050930
3.21865082	0.00025946
3.24249268	0.00024935
3.26633453	0.00062200
3.29017639	0.00173633
3.31401825	0.00259898
3.33786011	0.00267880
3.36170197	0.00215050
3.38554382	0.00099154
3.40938568	0.00070675
3.43322754	0.00057135
3.45706940	0.00051658
3.48091125	0.00040108
3.50475311	0.00025915
3.52859497	0.00018365
3.55243683	0.00032685
3.57627869	0.00062375
3.60012054	0.00084785
3.62396240	0.00097868
3.64780426	0.00112634
3.67164612	0.00117181
3.69548798	0.00120608
3.71932983	0.00091134
3.74317169	0.00071425
3.76701355	0.00044786
3.79085541	0.00035590
3.81469727	0.00035410
3.83853912	0.00043537
3.86238098	0.00044483
3.88622284	0.00040343
3.91006470	0.00053468
3.93390656	0.00042855
3.95774841	0.01434428
3.98159027	0.06326633
4.00543213	0.08391931
4.02927399	0.03899125
4.05311584	0.00390381
4.07695770	0.00043288
4.10079956	0.00037192
4.12464142	0.00031508
4.14848328	0.00056937
4.17232513	0.00038905
4.19616699	0.00039190
4.22000885	0.00047566
4.24385071	0.00042371
4.26769257	0.00060930
4.29153442	0.00173241
4.31537628	0.00283447
4.33921814	0.00406256
4.36306000	0.00322000
4.38690186	0.00105473
4.41074371	0.00045370
4.43458557	0.00039735
4.45842743	0.00040394
4.48226929	0.00037782
4.50611115	0.00036993
4.52995300	0.00034507
4.55379486	0.00041912
4.57763672	0.00061677
4.60147858	0.00109271
4.62532043	0.00189431
4.64916229	0.00341649
4.67300415	0.00256113
4.69684601	0.00049052
4.72068787	0.00046068
4.74452972	0.00053972
4.76837158	0.00044489
4.79221344	0.00053141
4.81605530	0.00051007
4.83989716	0.00027321
4.86373901	0.00038415
4.88758087	0.00058825
4.91142273	0.00061373
4.93526459	0.00057451
4.95910645	0.00516799
4.98294830	0.02114393
5.00679016	0.02646052
5.03063202	0.01143319
5.05447388	0.00118785
5.07831573	0.00080334
5.10215759	0.00034731
5.12599945	0.00031152
5.14984131	0.00039019
5.17368317	0.00031225
5.19752502	0.00030894
5.22136688	0.00060199
5.24520874	0.00055629
5.26905060	0.00058557
5.29289246	0.00124539
5.31673431	0.00241600
5.34057617	0.00422834
5.36441803	0.00325757
5.38825989	0.00125176
5.41210175	0.00051402
5.43594360	0.00038835
5.45978546	0.00065341
5.48362732	0.00061732
5.50746918	0.00050752
5.53131104	0.00059678
5.55515289	0.00058266
5.57899475	0.00052841
5.60283661	0.00095614
5.62667847	0.00246334
5.65052032	0.00464207
5.67436218	0.00333663
5.69820404	0.00133616
5.72204590	0.00054940
5.74588776	0.00028941
5.76972961	0.00044208
5.79357147	0.00052206
5.81741333	0.00059620
5.84125519	0.00032811
5.86509705	0.00015690
5.88893890	0.00019796
5.91278076	0.00066896
5.93662262	0.00113147
5.96046448	0.00470892
5.98430634	0.01502995
6.00814819	0.01747065
6.03199005	0.00730401
6.05583191	0.00138261
6.07967377	0.00090882
6.10351563	0.00061498
6.12735748	0.00049889
6.15119934	0.00035749
6.17504120	0.00039957
6.19888306	0.00031558
6.22272491	0.00060303
6.24656677	0.00080203
6.27040863	0.00076364
6.29425049	0.00024867
6.31809235	0.00168502
6.34193420	0.00337099
6.36577606	0.00245851
6.38961792	0.00119062
6.41345978	0.00078989
6.43730164	0.00050353
6.46114349	0.00031747
6.48498535	0.00038428
6.50882721	0.00043597
6.53266907	0.00062166
6.55651093	0.00060521
6.58035278	0.00060940
6.60419464	0.00083256
6.62803650	0.00268337
6.65187836	0.00477298
6.67572021	0.00363087
6.69956207	0.00210064
6.72340393	0.00081875
6.74724579	0.00031208
6.77108765	0.00023042
6.79492950	0.00049763
6.81877136	0.00046355
6.84261322	0.00028224
6.86645508	0.00032282
6.89029694	0.00024219
6.91413879	0.00060256
6.93798065	0.00131820
6.96182251	0.01142375
6.98566437	0.03849063
7.00950623	0.04311693
7.03334808	0.01669719
7.05718994	0.00165102
7.08103180	0.00067513
7.10487366	0.00048652
7.12871552	0.00047581
7.15255737	0.00046682
7.17639923	0.00029411
7.20024109	0.00033620
7.22408295	0.00066997
7.24792480	0.00085213
7.27176666	0.00088741
7.29560852	0.00103200
7.31945038	0.00112553
7.34329224	0.00122162
7.36713409	0.00118542
7.39097595	0.00092639
7.41481781	0.00059805
7.43865967	0.00057010
7.46250153	0.00032154
7.48634338	0.00030103
7.51018524	0.00036206
7.53402710	0.00058027
7.55786896	0.00051555
7.58171082	0.00050076
7.60555267	0.00053658
7.62939453	0.00174099
7.65323639	0.00308778
7.67707825	0.00272681
7.70092010	0.00212236
7.72476196	0.00104010
7.74860382	0.00043988
7.77244568	0.00025075
7.79628754	0.00043446
7.82012939	0.00047392
7.84397125	0.00037627
7.86781311	0.00042076
7.89165497	0.00043814
7.91549683	0.00039540
7.93933868	0.00101510
7.96318054	0.01475132
7.98702240	0.04691911
8.01086426	0.04945240
8.03470612	0.01769986
8.05854797	0.00124179
8.08238983	0.00033682
8.10623169	0.00045097
8.13007355	0.00040843
8.15391541	0.00048118
8.17775726	0.00017153
8.20159912	0.00019163
8.22544098	0.00020884
8.24928284	0.00065531
8.27312469	0.00128716
8.29696655	0.00201685
8.32080841	0.00187399
8.34465027	0.00109568
8.36849213	0.00097360
8.39233398	0.00076593
8.41617584	0.00077230
8.44001770	0.00070045
8.46385956	0.00038114
8.48770142	0.00013199
8.51154327	0.00035524
8.53538513	0.00059342
8.55922699	0.00077027
8.58306885	0.00086941
8.60691071	0.00076819
8.63075256	0.00047485
8.65459442	0.00042496
8.67843628	0.00141897
8.70227814	0.00146028
8.72612000	0.00092025
8.74996185	0.00056942
8.77380371	0.00044162
8.79764557	0.00019220
8.82148743	0.00017652
8.84532928	0.00032663
8.86917114	0.00059159
8.89301300	0.00062459
8.91685486	0.00031695
8.94069672	0.00057106
8.96453857	0.01365728
8.98838043	0.04059293
9.01222229	0.04032163
9.03606415	0.01330085
9.05990601	0.00089800
9.08374786	0.00012776
9.10758972	0.00023124
9.13143158	0.00017738
9.15527344	0.00035075
9.17911530	0.00056172
9.20295715	0.00066574
9.22679901	0.00056385
9.25064087	0.00064264
9.27448273	0.00094582
9.29832458	0.00217152
9.32216644	0.00271898
9.34600830	0.00308178
9.36985016	0.00173445
9.39369202	0.00034343
9.41753387	0.00025714
9.44137573	0.00037414
9.46521759	0.00043938
9.48905945	0.00023924
9.51290131	0.00029175
9.53674316	0.00027409
9.56058502	0.00058124
9.58442688	0.00067178
9.60826874	0.00090947
9.63211060	0.00186101
9.65595245	0.00260138
9.67979431	0.00159093
9.70363617	0.00072929
9.72747803	0.00075299
9.75131989	0.00056626
9.77516174	0.00041117
9.79900360	0.00029027
9.82284546	0.00035750
9.84668732	0.00041743
9.87052917	0.00068502
9.89437103	0.00070933
9.91821289	0.00070796
9.94205475	0.00012270
9.96589661	0.00850486
9.98973846	0.02391482
10.01358032	0.02250528
10.03742218	0.00694858
10.06126404	0.00066868
10.08510590	0.00054723
10.10894775	0.00041086
10.13278961	0.00038581
10.15663147	0.00055075
10.18047333	0.00045461
10.20431519	0.00030960
10.22815704	0.00041564
10.25199890	0.00032671
10.27584076	0.00086258
10.29968262	0.00203191
10.32352448	0.00313025
10.34736633	0.00426295
10.37120819	0.00248434
10.39505005	0.00056049
10.41889191	0.00020143
10.44273376	0.00044852
10.46657562	0.00055606
10.49041748	0.00048911
10.51425934	0.00041101
10.53810120	0.00016582
10.56194305	0.00018725
10.58578491	0.00041505
10.60962677	0.00110691
10.63346863	0.00325665
10.65731049	0.00463567
10.68115234	0.00244180
10.70499420	0.00048208
10.72883606	0.00063228
10.75267792	0.00067904
10.77651978	0.00061693
10.80036163	0.00042855
10.82420349	0.00036054
10.84804535	0.00024095
10.87188721	0.00041699
10.89572906	0.00048963
10.91957092	0.00075595
10.94341278	0.00099952
10.96725464	0.00132347
10.99109650	0.00239193
11.01493835	0.00211235
11.03878021	0.00114805
11.06262207	0.00092609
11.08646393	0.00077506
11.11030579	0.00049421
11.13414764	0.00031738
11.15798950	0.00035160
11.18183136	0.00049934
11.20567322	0.00052394
11.22951508	0.00060609
11.25335693	0.00037648
11.27719879	0.00040711
11.30104065	0.00099417
11.32488251	0.00278107
11.34872437	0.00398697
11.37256622	0.00234818
11.39640808	0.00098182
11.42024994	0.00045149
11.44409180	0.00047964
11.46793365	0.00055624
11.49177551	0.00054619
11.51561737	0.00049780
11.53945923	0.00043108
11.56330109	0.00023809
11.58714294	0.00025083
11.61098480	0.00095653
11.63482666	0.00377011
11.65866852	0.00537611
11.68251038	0.00313800
11.70635223	0.00137987
11.73019409	0.00050944
11.75403595	0.00042030
11.77787781	0.00039472
11.80171967	0.00049011
11.82556152	0.00052577
11.84940338	0.00041596
11.87324524	0.00023790
11.89708710	0.00028076
11.92092896	0.00047588
11.94477081	0.00141839
11.96861267	0.00726263
11.99245453	0.01700942
12.01629639	0.01423415
12.04013824	0.00393293
12.06398010	0.00062076
12.08782196	0.00052529
12.11166382	0.00049141
12.13550568	0.00040254
12.15934753	0.00042639
12.18318939	0.00042555
12.20703125	0.00045225
12.23087311	0.00034829
12.25471497	0.00068041
12.27855682	0.00091531
12.30239868	0.00048534
12.32624054	0.00172381
12.35008240	0.00245574
12.37392426	0.00155454
12.39776611	0.00097052
12.42160797	0.00066538
12.44544983	0.00059034
12.46929169	0.00048066
12.49313354	0.00052734
12.51697540	0.00049523
12.54081726	0.00046569
12.56465912	0.00040678
12.58850098	0.00042269
12.61234283	0.00093753
12.63618469	0.00323819
12.66002655	0.00424644
12.68386841	0.00271104
12.70771027	0.00153954
12.73155212	0.00050834
12.75539398	0.00028299
12.77923584	0.00026555
12.80307770	0.00059828
12.82691956	0.00063501
12.85076141	0.00052557
12.87460327	0.00044188
12.89844513	0.00039954
12.92228699	0.00054457
12.94612885	0.00200857
12.96997070	0.01302826
12.99381256	0.02903882
13.01765442	0.02294307
13.04149628	0.00581629
13.06533813	0.00063692
13.08917999	0.00046162
13.11302185	0.00048898
13.13686371	0.00039617
13.16070557	0.00036094
13.18454742	0.00024078
13.20838928	0.00037536
13.23223114	0.00046561
13.25607300	0.00071175
13.27991486	0.00096264
13.30375671	0.00141916
13.32759857	0.00099268
13.35144043	0.00024094
13.37528229	0.00096957
13.39912415	0.00088180
13.42296600	0.00072959
13.44680786	0.00050033
13.47064972	0.00035872
13.49449158	0.00028044
13.51833344	0.00044431
13.54217529	0.00076427
13.56601715	0.00078712
13.58985901	0.00046201
13.61370087	0.00063680
13.63754272	0.00167221
13.66138458	0.00217387
13.68522644	0.00200392
13.70906830	0.00147581
13.73291016	0.00082318
13.75675201	0.00053970
13.78059387	0.00030182
13.80443573	0.00031519
13.82827759	0.00044155
13.85211945	0.00058932
13.87596130	0.00069970
13.89980316	0.00048678
13.92364502	0.00043700
13.94748688	0.00187217
13.97132874	0.01467694
13.99517059	0.03105650
14.01901245	0.02320081
14.04285431	0.00537738
14.06669617	0.00052217
14.09053802	0.00022461
14.11437988	0.00044670
14.13822174	0.00053047
14.16206360	0.00043354
14.18590546	0.00021230
14.20974731	0.00018921
14.23358917	0.00016642
14.25743103	0.00063742
14.28127289	0.00131110
14.30511475	0.00238069
14.32895660	0.00217506
14.35279846	0.00190059
14.37664032	0.00099785
14.40048218	0.00049058
14.42432404	0.00062117
14.44816589	0.00045184
14.47200775	0.00026526
14.49584961	0.00013459
14.51969147	0.00017674
14.54353333	0.00032922
14.56737518	0.00049291
14.59121704	0.00091341
14.61505890	0.00127532
14.63890076	0.00101224
14.66274261	0.00103171
14.68658447	0.00135079
14.71042633	0.00109264
14.73426819	0.00088989
14.75811005	0.00065393
14.78195190	0.00043745
14.80579376	0.00020364
14.82963562	0.00029590
14.85347748	0.00034875
14.87731934	0.00055255
14.90116119	0.00068279
14.92500305	0.00061618
14.94884491	0.00114290
14.97268677	0.01183479
14.99652863	0.02370003
15.02037048	0.01662949
15.04421234	0.00354557
15.06805420	0.00071054
15.09189606	0.00032792
15.11573792	0.00028901
15.13957977	0.00045056
15.16342163	0.00054052
15.18726349	0.00049824
15.21110535	0.00036004
15.23494720	0.00029224
15.25878906	0.00057780
15.28263092	0.00147700
15.30647278	0.00264991
15.33031464	0.00327465
15.35415649	0.00338376
15.37799835	0.00139388
15.40184021	0.00035932
15.42568207	0.00043571
15.44952393	0.00063429
15.47336578	0.00073447
15.49720764	0.00050332
15.52104950	0.00018975
15.54489136	0.00014580
15.56873322	0.00043830
15.59257507	0.00092133
15.61641693	0.00141573
15.64025879	0.00287303
15.66410065	0.00324606
15.68794250	0.00121602
15.71178436	0.00027119
15.73562622	0.00058561
15.75946808	0.00063840
15.78330994	0.00063395
15.80715179	0.00048284
15.83099365	0.00040280
15.85483551	0.00045433
15.87867737	0.00063781
15.90251923	0.00071831
15.92636108	0.00080128
15.95020294	0.00060012
15.97404480	0.00525756
15.99788666	0.01001213
16.02172852	0.00671620
16.04557037	0.00156493
16.06941223	0.00077224
16.09325409	0.00044711
16.11709595	0.00015723
16.14093781	0.00018420
16.16477966	0.00044004
16.18862152	0.00085769
16.21246338	0.00076971
16.23630524	0.00053786
16.26014709	0.00059106
16.28398895	0.00119596
16.30783081	0.00190197
16.33167267	0.00323138
16.35551453	0.00358402
16.37935638	0.00166413
16.40319824	0.00067677
16.42704010	0.00030831
16.45088196	0.00041202
16.47472382	0.00039016
16.49856567	0.00056875
16.52240753	0.00061125
16.54624939	0.00045576
16.57009125	0.00029080
16.59393311	0.00052906
16.61777496	0.00154264
16.64161682	0.00456488
16.66545868	0.00479083
16.68930054	0.00192233
16.71314240	0.00062357
16.73698425	0.00018561
16.76082611	0.00035291
16.78466797	0.00061180
16.80850983	0.00064987
16.83235168	0.00053338
16.85619354	0.00043922
16.88003540	0.00046729
16.90387726	0.00062297
16.92771912	0.00080226
16.95156097	0.00138967
16.97540283	0.00307973
16.99924469	0.00500358
17.02308655	0.00331916
17.04692841	0.00126655
17.07077026	0.00101841
17.09461212	0.00081590
17.11845398	0.00032665
17.14229584	0.00004847
17.16613770	0.00014842
17.18997955	0.00046043
17.21382141	0.00070504
17.23766327	0.00077991
17.26150513	0.00066994
17.28534698	0.00055266
17.30918884	0.00075796
17.33303070	0.00267732
17.35687256	0.00282029
17.38071442	0.00130798
17.40455627	0.00080067
17.42839813	0.00048867
17.45223999	0.00028907
17.47608185	0.00031193
17.49992371	0.00046156
17.52376556	0.00056509
17.54760742	0.00072053
17.57144928	0.00058555
17.59529114	0.00061496
17.61913300	0.00174743
17.64297485	0.00484292
17.66681671	0.00486326
17.69065857	0.00241905
17.71450043	0.00116900
17.73834229	0.00042904
17.76218414	0.00051615
17.78602600	0.00057256
17.80986786	0.00060137
17.83370972	0.00052822
17.85755157	0.00046760
17.88139343	0.00032357
17.90523529	0.00055145
17.92907715	0.00091844
17.95291901	0.00254998
17.97676086	0.01031378
18.00060272	0.01695610
18.02444458	0.01011900
18.04828644	0.00194965
18.07212830	0.00070289
18.09597015	0.00066707
18.11981201	0.00056591
18.14365387	0.00038042
18.16749573	0.00024189
18.19133759	0.00030464
18.21517944	0.00050927
18.23902130	0.00065755
18.26286316	0.00104526
18.28670502	0.00109653
18.31054688	0.00101908
18.33438873	0.00119852
18.35823059	0.00132694
18.38207245	0.00114766
18.40591431	0.00097710
18.42975616	0.00069908
18.45359802	0.00028261
18.47743988	0.00011227
18.50128174	0.00028393
18.52512360	0.00063949
18.54896545	0.00067765
18.57280731	0.00068326
18.59664917	0.00053735
18.62049103	0.00128843
18.64433289	0.00332735
18.66817474	0.00334988
18.69201660	0.00227439
18.71585846	0.00127010
18.73970032	0.00066354
18.76354218	0.00035930
18.78738403	0.00035224
18.81122589	0.00050116
18.83506775	0.00060304
18.85890961	0.00053790
18.88275146	0.00061106
18.90659332	0.00051238
18.93043518	0.00072284
18.95427704	0.00308165
18.97811890	0.01456747
19.00196075	0.02265675
19.02580261	0.01251757
19.04964447	0.00188608
19.07348633	0.00037343
19.09732819	0.00054429
19.12117004	0.00053838
19.14501190	0.00029964
19.16885376	0.00033519
19.19269562	0.00031070
19.21653748	0.00037335
19.24037933	0.00048569
19.26422119	0.00087828
19.28806305	0.00165497
19.31190491	0.00214040
19.33574677	0.00116950
19.35958862	0.00077495
19.38343048	0.00094022
19.40727234	0.00069162
19.43111420	0.00067091
19.45495605	0.00059085
19.47879791	0.00047925
19.50263977	0.00034052
19.52648163	0.00043973
19.55032349	0.00049378
19.57416534	0.00070630
19.59800720	0.00081899
19.62184906	0.00087629
19.64569092	0.00069770
19.66953278	0.00121869
19.69337463	0.00183287
19.71721649	0.00121855
19.74105835	0.00068762
19.76490021	0.00042694
19.78874207	0.00030117
19.81258392	0.00029298
19.83642578	0.00054876
19.86026764	0.00060630
19.88410950	0.00057772
19.90795135	0.00038530
19.93179321	0.00036452
19.95563507	0.00283668
19.97947693	0.01417149
20.00331879	0.02085221
20.02716064	0.01082044
20.05100250	0.00157150
20.07484436	0.00031300
20.09868622	0.00015333
20.12252808	0.00025209
20.14636993	0.00036893
20.17021179	0.00043855
20.19405365	0.00041572
20.21789551	0.00016272
20.24173737	0.00021445
20.26557922	0.00047876
20.28942108	0.00177233
20.31326294	0.00278139
20.33710480	0.00284011
20.36094666	0.00222016
20.38478851	0.00078312
20.40863037	0.00047817
20.43247223	0.00058299
20.45631409	0.00056334
20.48015594	0.00047836
20.50399780	0.00037995
20.52783966	0.00025173
20.55168152	0.00033814
20.57552338	0.00049960
20.59936523	0.00075285
20.62320709	0.00150307
20.64704895	0.00255347
20.67089081	0.00208441
20.69473267	0.00076723
20.71857452	0.00091512
20.74241638	0.00096543
20.76625824	0.00074623
20.79010010	0.00048294
20.81394196	0.00037841
20.83778381	0.00049629
20.86162567	0.00055872
20.88546753	0.00058876
20.90930939	0.00060198
20.93315125	0.00058092
20.95699310	0.00175936
20.98083496	0.00953094
21.00467682	0.01334057
21.02851868	0.00651327
21.05236053	0.00126489
21.07620239	0.00067674
21.10004425	0.00042492
21.12388611	0.00029118
21.14772797	0.00038128
21.17156982	0.00033038
21.19541168	0.00044377
21.21925354	0.00036818
21.24309540	0.00036870
21.26693726	0.00067170
21.29077911	0.00179890
21.31462097	0.00260819
21.33846283	0.00355260
21.36230469	0.00289474
21.38614655	0.00098072
21.40998840	0.00036134
21.43383026	0.00024556
21.45767212	0.00042531
21.48151398	0.00055576
21.50535583	0.00060956
21.52919769	0.00044334
21.55303955	0.00036628
21.57688141	0.00031999
21.60072327	0.00089608
21.62456512	0.00234164
21.64840698	0.00484200
21.67224884	0.00382469
21.69609070	0.00091502
21.71993256	0.00052303
21.74377441	0.00056928
21.76761627	0.00074702
21.79145813	0.00066092
21.81529999	0.00043108
21.83914185	0.00024383
21.86298370	0.00039104
21.88682556	0.00052484
21.91066742	0.00073846
21.93450928	0.00087463
21.95835114	0.00098659
21.98219299	0.00182848
22.00603485	0.00223943
22.02987671	0.00136638
22.05371857	0.00097754
22.07756042	0.00081666
22.10140228	0.00064132
22.12524414	0.00037456
22.14908600	0.00028686
22.17292786	0.00024503
22.19676971	0.00037213
22.22061157	0.00046290
22.24445343	0.00048253
22.26829529	0.00052340
22.29213715	0.00095158
22.31597900	0.00198427
22.33982086	0.00360032
22.36366272	0.00282612
22.38750458	0.00108346
22.41134644	0.00040554
22.43518829	0.00015087
22.45903015	0.00035567
22.48287201	0.00052086
22.50671387	0.00058783
22.53055573	0.00048585
22.55439758	0.00035119
22.57823944	0.00039899
22.60208130	0.00086321
22.62592316	0.00295018
22.64976501	0.00594059
22.67360687	0.00456533
22.69744873	0.00177879
22.72129059	0.00070180
22.74513245	0.00035402
22.76897430	0.00049420
22.79281616	0.00051269
22.81665802	0.00040621
22.84049988	0.00025993
22.86434174	0.00026593
22.88818359	0.00029123
22.91202545	0.00053337
22.93586731	0.00088807
22.95970917	0.00244143
22.98355103	0.00661093
23.00739288	0.00808283
23.03123474	0.00372828
23.05507660	0.00094906
23.07891846	0.00074590
23.10276031	0.00063383
23.12660217	0.00054323
23.15044403	0.00023355
23.17428589	0.00024318
23.19812775	0.00045694
23.22196960	0.00066370
23.24581146	0.00069883
23.26965332	0.00085484
23.29349518	0.00049767
23.31733704	0.00113294
23.34117889	0.00227137
23.36502075	0.00182187
23.38886261	0.00131584
23.41270447	0.00083087
23.43654633	0.00042515
23.46038818	0.00029474
23.48423004	0.00035310
23.50807190	0.00047646
23.53191376	0.00060115
23.55575562	0.00054664
23.57959747	0.00049073
23.60343933	0.00060854
23.62728119	0.00262016
23.65112305	0.00510842
23.67496490	0.00385291
23.69880676	0.00196923
23.72264862	0.00070273
23.74649048	0.00025558
23.77033234	0.00028764
23.79417419	0.00047048
23.81801605	0.00059961
23.84185791	0.00060462
23.86569977	0.00045492
23.88954163	0.00034963
23.91338348	0.00052477
23.93722534	0.00108360
23.96106720	0.00403197
23.98490906	0.01280888
24.00875092	0.01484814
24.03259277	0.00602050
24.05643463	0.00074235
24.08027649	0.00041393
24.10411835	0.00057702
24.12796021	0.00065180
24.15180206	0.00044732
24.17564392	0.00018741
24.19948578	0.00008599
24.22332764	0.00025657
24.24716949	0.00075759
24.27101135	0.00120995
24.29485321	0.00155907
24.31869507	0.00154093
24.34253693	0.00067048
24.36637878	0.00065912
24.39022064	0.00066048
24.41406250	0.00073101
24.43790436	0.00084930
24.46174622	0.00056505
24.48558807	0.00030249
24.50942993	0.00032345
24.53327179	0.00063523
24.55711365	0.00070899
24.58095551	0.00082771
24.60479736	0.00088510
24.62863922	0.00167590
24.65248108	0.00260812
24.67632294	0.00224906
24.70016479	0.00193889
24.72400665	0.00112197
24.74784851	0.00068754
24.77169037	0.00033427
24.79553223	0.00032608
24.81937408	0.00037583
24.84321594	0.00051884
24.86705780	0.00055495
24.89089966	0.00048907
24.91474152	0.00033194
24.93858337	0.00068087
24.96242523	0.00465617
24.98626709	0.01511249
25.01010895	0.01659667
25.03395081	0.00635169
25.05779266	0.00096085
25.08163452	0.00028721
25.10547638	0.00043454
25.12931824	0.00051868
25.15316010	0.00056148
25.17700195	0.00042077
25.20084381	0.00032202
25.22468567	0.00026874
25.24852753	0.00064558
25.27236938	0.00108318
25.29621124	0.00213984
25.32005310	0.00237593
25.34389496	0.00173064
25.36773682	0.00098786
25.39157867	0.00036863
25.41542053	0.00058386
25.43926239	0.00077556
25.46310425	0.00052580
25.48694611	0.00036762
25.51078796	0.00049606
25.53462982	0.00065514
25.55847168	0.00070194
25.58231354	0.00072239
25.60615540	0.00074751
25.62999725	0.00088565
25.65383911	0.00069242
25.67768097	0.00101932
25.70152283	0.00127504
25.72536469	0.00115246
25.74920654	0.00081603
25.77304840	0.00045445
25.79689026	0.00032040
25.82073212	0.00036117
25.84457397	0.00046154
25.86841583	0.00061489
25.89225769	0.00072078
25.91609955	0.00040808
25.93994141	0.00024474
25.96378326	0.00405386
25.98762512	0.01262620
26.01146698	0.01311175
26.03530884	0.00475601
26.05915070	0.00105710
26.08299255	0.00041176
26.10683441	0.00028363
26.13067627	0.00034422
26.15451813	0.00057447
26.17835999	0.00065585
26.20220184	0.00062389
26.22604370	0.00030410
26.24988556	0.00038447
26.27372742	0.00088892
26.29756927	0.00223888
26.32141113	0.00271252
26.34525299	0.00305399
26.36909485	0.00186164
26.39293671	0.00067110
26.41677856	0.00057816
26.44062042	0.00049749
26.46446228	0.00054714
26.48830414	0.00055326
26.51214600	0.00048750
26.53598785	0.00026025
26.55982971	0.00038700
26.58367157	0.00066659
26.60751343	0.00110508
26.63135529	0.00245144
26.65519714	0.00395216
26.67903900	0.00227583
26.70288086	0.00010254
26.72672272	0.00060910
26.75056458	0.00046714
26.77440643	0.00052172
26.79824829	0.00038398
26.82209015	0.00022024
26.84593201	0.00012945
26.86977386	0.00035065
26.89361572	0.00054141
26.91745758	0.00077296
26.94129944	0.00070637
26.96514130	0.00195108
26.98898315	0.00620776
27.01282501	0.00615869
27.03666687	0.00217313
27.06050873	0.00098619
27.08435059	0.00059880
27.10819244	0.00026919
27.13203430	0.00019021
27.15587616	0.00025612
27.17971802	0.00057167
27.20355988	0.00069429
27.22740173	0.00066172
27.25124359	0.00047566
27.27508545	0.00071515
27.29892731	0.00168021
27.32276917	0.00269532
27.34661102	0.00359382
27.37045288	0.00202110
27.39429474	0.00071993
27.41813660	0.00046939
27.44197845	0.00044274
27.46582031	0.00046328
27.48966217	0.00033741
27.51350403	0.00030296
27.53734589	0.00027097
27.56118774	0.00037095
27.58502960	0.00061952
27.60887146	0.00112939
27.63271332	0.00391029
27.65655518	0.00608014
27.68039703	0.00337585
27.70423889	0.00085985
27.72808075	0.00062072
27.75192261	0.00059994
27.77576447	0.00067425
27.79960632	0.00065295
27.82344818	0.00049656
27.84729004	0.00035031
27.87113190	0.00047430
27.89497375	0.00053259
27.91881561	0.00073639
27.94265747	0.00130668
27.96649933	0.00184014
27.99034119	0.00205444
28.01418304	0.00169988
28.03802490	0.00099836
28.06186676	0.00075949
28.08570862	0.00073032
28.10955048	0.00052630
28.13339233	0.00052283
28.15723419	0.00026804
28.18107605	0.00024733
28.20491791	0.00035549
28.22875977	0.00062076
28.25260162	0.00068974
28.27644348	0.00084402
28.30028534	0.00065627
28.32412720	0.00174203
28.34796906	0.00291559
28.37181091	0.00177228
28.39565277	0.00092863
28.41949463	0.00055125
28.44333649	0.00026672
28.46717834	0.00022320
28.49102020	0.00038162
28.51486206	0.00044499
28.53870392	0.00057028
28.56254578	0.00047396
28.58638763	0.00050367
28.61022949	0.00114555
28.63407135	0.00432546
28.65791321	0.00627811
28.68175507	0.00352206
28.70559692	0.00144256
28.72943878	0.00048256
28.75328064	0.00028598
28.77712250	0.00027963
28.80096436	0.00048858
28.82480621	0.00059421
28.84864807	0.00053796
28.87248993	0.00030611
28.89633179	0.00032016
28.92017365	0.00063182
28.94401550	0.00138532
28.96785736	0.00409429
28.99169922	0.00919041
29.01554108	0.00800296
29.03938293	0.00237794
29.06322479	0.00053246
29.08706665	0.00058774
29.11090851	0.00061209
29.13475037	0.00073136
29.15859222	0.00049479
29.18243408	0.00016337
29.20627594	0.00025350
29.23011780	0.00056709
29.25395966	0.00085359
29.27780151	0.00111221
29.30164337	0.00093371
29.32548523	0.00118346
29.34932709	0.00143952
29.37316895	0.00099330
29.39701080	0.00076988
29.42085266	0.00053260
29.44469452	0.00033409
29.46853638	0.00026820
29.49237823	0.00028169
29.51622009	0.00043655
29.54006195	0.00058823
29.56390381	0.00057406
29.58774567	0.00045467
29.61158752	0.00076206
29.63542938	0.00311126
29.65927124	0.00443748
29.68311310	0.00302025
29.70695496	0.00192150
29.73079681	0.00084793
29.75463867	0.00038186
29.77848053	0.00024491
29.80232239	0.00045956
29.82616425	0.00060580
29.85000610	0.00064886
29.87384796	0.00042313
29.89768982	0.00025711
29.92153168	0.00032665
29.94537354	0.00129105
29.96921539	0.00610413
29.99305725	0.01371009
30.01689911	0.01127610
30.04074097	0.00307474
30.06458282	0.00048035
30.08842468	0.00034253
30.11226654	0.00057188
30.13610840	0.00058344
30.15995026	0.00056180
30.18379211	0.00039641
30.20763397	0.00041754
30.23147583	0.00053999
30.25531769	0.00082738
30.27915955	0.00123136
30.30300140	0.00207488
30.32684326	0.00158663
30.35068512	0.00038627
30.37452698	0.00065292
30.39836884	0.00060082
30.42221069	0.00062610
30.44605255	0.00050759
30.46989441	0.00043765
30.49373627	0.00037399
30.51757813	0.00049049
30.54141998	0.00048953
30.56526184	0.00060827
30.58910370	0.00077551
30.61294556	0.00090769
30.63678741	0.00111049
30.66062927	0.00142707
30.68447113	0.00168908
30.70831299	0.00140496
30.73215485	0.00086043
30.75599670	0.00042861
30.77983856	0.00023684
30.80368042	0.00016089
30.82752228	0.00030168
30.85136414	0.00044342
30.87520599	0.00043849
30.89904785	0.00043651
30.92288971	0.00038993
30.94673157	0.00083246
30.97057343	0.00609846
30.99441528	0.01354656
31.01825714	0.01059577
31.04209900	0.00270833
31.06594086	0.00064019
31.08978271	0.00030309
31.11362457	0.00045177
31.13746643	0.00057185
31.16130829	0.00055352
31.18515015	0.00031249
31.20899200	0.00033790
31.23283386	0.00025835
31.25667572	0.00052087
31.28051758	0.00135893
31.30435944	0.00269294
31.32820129	0.00260665
31.35204315	0.00229242
31.37588501	0.00114334
31.39972687	0.00047762
31.42356873	0.00062162
31.44741058	0.00061779
31.47125244	0.00047825
31.49509430	0.00030424
31.51893616	0.00017968
31.54277802	0.00013959
31.56661987	0.00050109
31.59046173	0.00073705
31.61430359	0.00094387
31.63814545	0.00189201
31.66198730	0.00235502
31.68582916	0.00118302
31.70967102	0.00068461
31.73351288	0.00079946
31.75735474	0.00067264
31.78119659	0.00062581
31.80503845	0.00036423
31.82888031	0.00029975
31.85272217	0.00032122
31.87656403	0.00050480
31.90040588	0.00053766
31.92424774	0.00064262
31.94808960	0.00014901
31.97193146	0.00440417
31.99577332	0.00928822
32.01961517	0.00680409
32.04345703	0.00178931
32.06729889	0.00083696
32.09114075	0.00052340
32.11498260	0.00029799
32.13882446	0.00042992
32.16266632	0.00048050
32.18650818	0.00036417
32.21035004	0.00026186
32.23419189	0.00032758
32.25803375	0.00050276
32.28187561	0.00150886
32.30571747	0.00272177
32.32955933	0.00320836
32.35340118	0.00322134
32.37724304	0.00135771
32.40108490	0.00037666
32.42492676	0.00024006
32.44876862	0.00032440
32.47261047	0.00048853
32.49645233	0.00050677
32.52029419	0.00032986
32.54413605	0.00025274
32.56797791	0.00037688
32.59181976	0.00074638
32.61566162	0.00163500
32.63950348	0.00455362
32.66334534	0.00530619
32.68718719	0.00216782
32.71102905	0.00026538
32.73487091	0.00055151
32.75871277	0.00055674
32.78255463	0.00055159
32.80639648	0.00041635
32.83023834	0.00022001
32.85408020	0.00009493
32.87792206	0.00028337
32.90176392	0.00069964
32.92560577	0.00083976
32.94944763	0.00082097
32.97328949	0.00147017
32.99713135	0.00248890
33.02097321	0.00187610
33.04481506	0.00105311
33.06865692	0.00071428
33.09249878	0.00065732
33.11634064	0.00041863
33.14018250	0.00041721
33.16402435	0.00040303
33.18786621	0.00035214
33.21170807	0.00047470
33.23554993	0.00073945
33.25939178	0.00071500
33.28323364	0.00097355
33.30707550	0.00162947
33.33091736	0.00283974
33.35475922	0.00300362
33.37860107	0.00127600
33.40244293	0.00058331
33.42628479	0.00017938
33.45012665	0.00021445
33.47396851	0.00036887
33.49781036	0.00062500
33.52165222	0.00067816
33.54549408	0.00058295
33.56933594	0.00037844
33.59317780	0.00065762
33.61701965	0.00198129
33.64086151	0.00593052
33.66470337	0.00647211
33.68854523	0.00265938
33.71238708	0.00078349
33.73622894	0.00024596
33.76007080	0.00046389
33.78391266	0.00066784
33.80775452	0.00072209
33.83159637	0.00040353
33.85543823	0.00020203
33.87928009	0.00024127
33.90312195	0.00058281
33.92696381	0.00087028
33.95080566	0.00160249
33.97464752	0.00305381
33.99848938	0.00488398
34.02233124	0.00325597
34.04617310	0.00104878
34.07001495	0.00073581
34.09385681	0.00069697
34.11769867	0.00050901
34.14154053	0.00035096
34.16538239	0.00033741
34.18922424	0.00036739
34.21306610	0.00057735
34.23690796	0.00078568
34.26074982	0.00083237
34.28459167	0.00073533
34.30843353	0.00033678
34.33227539	0.00178810
34.35611725	0.00211827
34.37995911	0.00144365
34.40380096	0.00103488
34.42764282	0.00048517
34.45148468	0.00012987
34.47532654	0.00014274
34.49916840	0.00045917
34.52301025	0.00053461
34.54685211	0.00056300
34.57069397	0.00048143
34.59453583	0.00057447
34.61837769	0.00194833
34.64221954	0.00546453
34.66606140	0.00571900
34.68990326	0.00285086
34.71374512	0.00144794
34.73758698	0.00059500
34.76142883	0.00035310
34.78527069	0.00035760
34.80911255	0.00049985
34.83295441	0.00049133
34.85679626	0.00043055
34.88063812	0.00023398
34.90447998	0.00028092
34.92832184	0.00058617
34.95216370	0.00181411
34.97600555	0.00621295
34.99984741	0.01043878
35.02368927	0.00649507
35.04753113	0.00138626
35.07137299	0.00060196
35.09521484	0.00057588
35.11905670	0.00052313
35.14289856	0.00050278
35.16674042	0.00042906
35.19058228	0.00024556
35.21442413	0.00036899
35.23826599	0.00061285
35.26210785	0.00099669
35.28594971	0.00120352
35.30979156	0.00163133
35.33363342	0.00101634
35.35747528	0.00059712
35.38131714	0.00096279
35.40515900	0.00080676
35.42900085	0.00068364
35.45284271	0.00053107
35.47668457	0.00027381
35.50052643	0.00019377
35.52436829	0.00032485
35.54821014	0.00042502
35.57205200	0.00052348
35.59589386	0.00055924
35.61973572	0.00121856
35.64357758	0.00292281
35.66741943	0.00307379
35.69126129	0.00223957
35.71510315	0.00138902
35.73894501	0.00075106
35.76278687	0.00041426
35.78662872	0.00040996
35.81047058	0.00046349
35.83431244	0.00042135
35.85815430	0.00053169
35.88199615	0.00069705
35.90583801	0.00056519
35.92967987	0.00059830
35.95352173	0.00171931
35.97736359	0.00756023
36.00120544	0.01239519
36.02504730	0.00722628
36.04888916	0.00131052
36.07273102	0.00052641
36.09657288	0.00062329
36.12041473	0.00077212
36.14425659	0.00059935
36.16809845	0.00053732
36.19194031	0.00051703
36.21578217	0.00037081
36.23962402	0.00047188
36.26346588	0.00094683
36.28730774	0.00180325
36.31114960	0.00268130
36.33499146	0.00192114
36.35883331	0.00121556
36.38267517	0.00070391
36.40651703	0.00047691
36.43035889	0.00046604
36.45420074	0.00052671
36.47804260	0.00038932
36.50188446	0.00017555
36.52572632	0.00039273
36.54956818	0.00049820
36.57341003	0.00066002
36.59725189	0.00083794
36.62109375	0.00095204
36.64493561	0.00050361
36.66877747	0.00078773
36.69261932	0.00133501
36.71646118	0.00108721
36.74030304	0.00076982
36.76414490	0.00031939
36.78798676	0.00040600
36.81182861	0.00040649
36.83567047	0.00052314
36.85951233	0.00047131
36.88335419	0.00063357
36.90719604	0.00057805
36.93103790	0.00062246
36.95487976	0.00097380
36.97872162	0.00675430
37.00256348	0.01055395
37.02640533	0.00585458
37.05024719	0.00153128
37.07408905	0.00081601
37.09793091	0.00035623
37.12177277	0.00021441
37.14561462	0.00046564
37.16945648	0.00069160
37.19329834	0.00079490
37.21714020	0.00050066
37.24098206	0.00039840
37.26482391	0.00074375
37.28866577	0.00203698
37.31250763	0.00305541
37.33634949	0.00292294
37.36019135	0.00235014
37.38403320	0.00086983
37.40787506	0.00042511
37.43171692	0.00045015
37.45555878	0.00045793
37.47940063	0.00042077
37.50324249	0.00043816
37.52708435	0.00040930
37.55092621	0.00054948
37.57476807	0.00073312
37.59860992	0.00089368
37.62245178	0.00187749
37.64629364	0.00412959
37.67013550	0.00354838
37.69397736	0.00088993
37.71781921	0.00052674
37.74166107	0.00044085
37.76550293	0.00042137
37.78934479	0.00055207
37.81318665	0.00038134
37.83702850	0.00022888
37.86087036	0.00015608
37.88471222	0.00035973
37.90855408	0.00051596
37.93239594	0.00065834
37.95623779	0.00068637
37.98007965	0.00375135
38.00392151	0.00553390
38.02776337	0.00296387
38.05160522	0.00126940
38.07544708	0.00080772
38.09928894	0.00052838
38.12313080	0.00034609
38.14697266	0.00034711
38.17081451	0.00034837
38.19465637	0.00055709
38.21849823	0.00053791
38.24234009	0.00037752
38.26618195	0.00037204
38.29002380	0.00138934
38.31386566	0.00228794
38.33770752	0.00322572
38.36154938	0.00274258
38.38539124	0.00093896
38.40923309	0.00030796
38.43307495	0.00027746
38.45691681	0.00046927
38.48075867	0.00055190
38.50460052	0.00065187
38.52844238	0.00034713
38.55228424	0.00019335
38.57612610	0.00026301
38.59996796	0.00098434
38.62380981	0.00317889
38.64765167	0.00688933
38.67149353	0.00566250
38.69533539	0.00156781
38.71917725	0.00044740
38.74301910	0.00040230
38.76686096	0.00054184
38.79070282	0.00044354
38.81454468	0.00030824
38.83838654	0.00019263
38.86222839	0.00023123
38.88607025	0.00047269
38.90991211	0.00091989
38.93375397	0.00107172
38.95759583	0.00145654
38.98143768	0.00118524
39.00527954	0.00074222
39.02912140	0.00100990
39.05296326	0.00099092
39.07680511	0.00080287
39.10064697	0.00041652
39.12448883	0.00035723
39.14833069	0.00031603
39.17217255	0.00043800
39.19601440	0.00056383
39.21985626	0.00061977
39.24369812	0.00067161
39.26753998	0.00060132
39.29138184	0.00050050
39.31522369	0.00137524
39.33906555	0.00293127
39.36290741	0.00254139
39.38674927	0.00117208
39.41059113	0.00051112
39.43443298	0.00026195
39.45827484	0.00021676
39.48211670	0.00036425
39.50595856	0.00051983
39.52980042	0.00053603
39.55364227	0.00046647
39.57748413	0.00037865
39.60132599	0.00074267
39.62516785	0.00323569
39.64900970	0.00719296
39.67285156	0.00568017
39.69669342	0.00189032
39.72053528	0.00055473
39.74437714	0.00005766
39.76821899	0.00023050
39.79206085	0.00049057
39.81590271	0.00057325
39.83974457	0.00054327
39.86358643	0.00044703
39.88742828	0.00035137
39.91127014	0.00054898
39.93511200	0.00089082
39.95895386	0.00228536
39.98279572	0.00530311
40.00663757	0.00658768
40.03047943	0.00315021
40.05432129	0.00087956
40.07816315	0.00075348
40.10200500	0.00068107
40.12584686	0.00066542
40.14968872	0.00038252
40.17353058	0.00030306
40.19737244	0.00039490
40.22121429	0.00064037
40.24505615	0.00061698
40.26889801	0.00075145
40.29273987	0.00072728
40.31658173	0.00099273
40.34042358	0.00150828
40.36426544	0.00136580
40.38810730	0.00114534
40.41194916	0.00069909
40.43579102	0.00054226
40.45963287	0.00036447
40.48347473	0.00047045
40.50731659	0.00058499
40.53115845	0.00063429
40.55500031	0.00048939
40.57884216	0.00032049
40.60268402	0.00048158
40.62652588	0.00280052
40.65036774	0.00568414
40.67420959	0.00441499
40.69805145	0.00222790
40.72189331	0.00102407
40.74573517	0.00045462
40.76957703	0.00032377
40.79341888	0.00039422
40.81726074	0.00032024
40.84110260	0.00040980
40.86494446	0.00049005
40.88878632	0.00039227
40.91262817	0.00036925
40.93647003	0.00088388
40.96031189	0.00268390
40.98415375	0.00800774
41.00799561	0.00966866
41.03183746	0.00413232
41.05567932	0.00073351
41.07952118	0.00043273
41.10336304	0.00051841
41.12720490	0.00055548
41.15104675	0.00048514
41.17488861	0.00045965
41.19873047	0.00037144
41.22257233	0.00034259
41.24641418	0.00057601
41.27025604	0.00096488
41.29409790	0.00176805
41.31793976	0.00203446
41.34178162	0.00084249
41.36562347	0.00026818
41.38946533	0.00053771
41.41330719	0.00058026
41.43714905	0.00053108
41.46099091	0.00039563
41.48483276	0.00024432
41.50867462	0.00020877
41.53251648	0.00024224
41.55635834	0.00052136
41.58020020	0.00074196
41.60404205	0.00071555
41.62788391	0.00127687
41.65172577	0.00207063
41.67556763	0.00196715
41.69940948	0.00171040
41.72325134	0.00086743
41.74709320	0.00056789
41.77093506	0.00040296
41.79477692	0.00035660
41.81861877	0.00041257
41.84246063	0.00049310
41.86630249	0.00039551
41.89014435	0.00042428
41.91398621	0.00022033
41.93782806	0.00038962
41.96166992	0.00246977
41.98551178	0.00850604
42.00935364	0.00993888
42.03319550	0.00413051
42.05703735	0.00091497
42.08087921	0.00042476
42.10472107	0.00038836
42.12856293	0.00038130
42.15240479	0.00053845
42.17624664	0.00043735
42.20008850	0.00044905
42.22393036	0.00035973
42.24777222	0.00050937
42.27161407	0.00093357
42.29545593	0.00246086
42.31929779	0.00277561
42.34313965	0.00193569
42.36698151	0.00132537
42.39082336	0.00058715
42.41466522	0.00063970
42.43850708	0.00069410
42.46234894	0.00063083
42.48619080	0.00057967
42.51003265	0.00048457
42.53387451	0.00041414
42.55771637	0.00055528
42.58155823	0.00065918
42.60540009	0.00109905
42.62924194	0.00183115
42.65308380	0.00274540
42.67692566	0.00191194
42.70076752	0.00086114
42.72460938	0.00081959
42.74845123	0.00084431
42.77229309	0.00061878
42.79613495	0.00023399
42.81997681	0.00009558
42.84381866	0.00018718
42.86766052	0.00050569
42.89150238	0.00074558
42.91534424	0.00078829
42.93918610	0.00053216
42.96302795	0.00176705
42.98686981	0.00642685
43.01071167	0.00706649
43.03455353	0.00285954
43.05839539	0.00088928
43.08223724	0.00050751
43.10607910	0.00029593
43.12992096	0.00028717
43.15376282	0.00053084
43.17760468	0.00062034
43.20144653	0.00060340
43.22528839	0.00037605
43.24913025	0.00037710
43.27297211	0.00094778
43.29681396	0.00250887
43.32065582	0.00302687
43.34449768	0.00310396
43.36833954	0.00189573
43.39218140	0.00041283
43.41602325	0.00019761
43.43986511	0.00028466
43.46370697	0.00040700
43.48754883	0.00045639
43.51139069	0.00043233
43.53523254	0.00007663
43.55907440	0.00009023
43.58291626	0.00042446
43.60675812	0.00126045
43.63059998	0.00390866
43.65444183	0.00645706
43.67828369	0.00385192
43.70212555	0.00041001
43.72596741	0.00059290
43.74980927	0.00057096
43.77365112	0.00057798
43.79749298	0.00025421
43.82133484	0.00020428
43.84517670	0.00011601
43.86901855	0.00029317
43.89286041	0.00056986
43.91670227	0.00083488
43.94054413	0.00083256
43.96438599	0.00113040
43.98822784	0.00222874
44.01206970	0.00226382
44.03591156	0.00149799
44.05975342	0.00116028
44.08359528	0.00070813
44.10743713	0.00050542
44.13127899	0.00041208
44.15512085	0.00042231
44.17896271	0.00049451
44.20280457	0.00057009
44.22664642	0.00055145
44.25048828	0.00046393
44.27433014	0.00065474
44.29817200	0.00145180
44.32201385	0.00227637
44.34585571	0.00314413
44.36969757	0.00202799
44.39353943	0.00094408
44.41738129	0.00046312
44.44122314	0.00041852
44.46506500	0.00057661
44.48890686	0.00053631
44.51274872	0.00058365
44.53659058	0.00056346
44.56043243	0.00035306
44.58427429	0.00034644
44.60811615	0.00113657
44.63195801	0.00517951
44.65579987	0.00842372
44.67964172	0.00497466
44.70348358	0.00129282
44.72732544	0.00057890
44.75116730	0.00052649
44.77500916	0.00059371
44.79885101	0.00032330
44.82269287	0.00022461
44.84653473	0.00023465
44.87037659	0.00024131
44.89421844	0.00036494
44.91806030	0.00076838
44.94190216	0.00130544
44.96574402	0.00200898
44.98958588	0.00273536
45.01342773	0.00258884
45.03726959	0.00124513
45.06111145	0.00079458
45.08495331	0.00089990
45.10879517	0.00063344
45.13263702	0.00032086
45.15647888	0.00022112
45.18032074	0.00042508
45.20416260	0.00051946
45.22800446	0.00059687
45.25184631	0.00070844
45.27568817	0.00069163
45.29953003	0.00006219
45.32337189	0.00150981
45.34721375	0.00238267
45.37105560	0.00148637
45.39489746	0.00093041
45.41873932	0.00065604
45.44258118	0.00036332
45.46642303	0.00032095
45.49026489	0.00051802
45.51410675	0.00056120
45.53794861	0.00058885
45.56179047	0.00036597
45.58563232	0.00041789
45.60947418	0.00120424
45.63331604	0.00504228
45.65715790	0.00762078
45.68099976	0.00445835
45.70484161	0.00182146
45.72868347	0.00058647
45.75252533	0.00036366
45.77636719	0.00047649
45.80020905	0.00063122
45.82405090	0.00046957
45.84789276	0.00037188
45.87173462	0.00023636
45.89557648	0.00014497
45.91941833	0.00038021
45.94326019	0.00133659
45.96710205	0.00317035
45.99094391	0.00687540
46.01478577	0.00632080
46.03862762	0.00205663
46.06246948	0.00059637
46.08631134	0.00066942
46.11015320	0.00063688
46.13399506	0.00051627
46.15783691	0.00032890
46.18167877	0.00014971
46.20552063	0.00019791
46.22936249	0.00039121
46.25320435	0.00062872
46.27704620	0.00086755
46.30088806	0.00131788
46.32472992	0.00120347
46.34857178	0.00062266
46.37241364	0.00084348
46.39625549	0.00091866
46.42009735	0.00054190
46.44393921	0.00041207
46.46778107	0.00030565
46.49162292	0.00028056
46.51546478	0.00032265
46.53930664	0.00047617
46.56314850	0.00061853
46.58699036	0.00071289
46.61083221	0.00102666
46.63467407	0.00320994
46.65851593	0.00461605
46.68235779	0.00297306
46.70619965	0.00180414
46.73004150	0.00079893
46.75388336	0.00047151
46.77772522	0.00030422
46.80156708	0.00036453
46.82540894	0.00032491
46.84925079	0.00057251
46.87309265	0.00059827
46.89693451	0.00054010
46.92077637	0.00050522
46.94461823	0.00114385
46.96846008	0.00381111
46.99230194	0.00888744
47.01614380	0.00777732
47.03998566	0.00236483
47.06382751	0.00045397
47.08766937	0.00031333
47.11151123	0.00041727
47.13535309	0.00035465
47.15919495	0.00046476
47.18303680	0.00034759
47.20687866	0.00024662
47.23072052	0.00019992
47.25456238	0.00066320
47.27840424	0.00125602
47.30224609	0.00264802
47.32608795	0.00235403
47.34992981	0.00099409
47.37377167	0.00047440
47.39761353	0.00046346
47.42145538	0.00060557
47.44529724	0.00039456
47.46913910	0.00032895
47.49298096	0.00012774
47.51682281	0.00013170
47.54066467	0.00023278
47.56450653	0.00052539
47.58834839	0.00084929
47.61219025	0.00100285
47.63603210	0.00063722
47.65987396	0.00048547
47.68371582	0.00130707
47.70755768	0.00113473
47.73139954	0.00081628
47.75524139	0.00064227
47.77908325	0.00044129
47.80292511	0.00027344
47.82676697	0.00041903
47.85060883	0.00058136
47.87445068	0.00056988
47.89829254	0.00055245
47.92213440	0.00066092
47.94597626	0.00042966
47.96981812	0.00314306
47.99365997	0.00779414
48.01750183	0.00645508
48.04134369	0.00191758
48.06518555	0.00072427
48.08902740	0.00031307
48.11286926	0.00038069
48.13671112	0.00054276
48.16055298	0.00049639
48.18439484	0.00042591
48.20823669	0.00032940
48.23207855	0.00018316
48.25592041	0.00049168
48.27976227	0.00139043
48.30360413	0.00297176
48.32744598	0.00289921
48.35128784	0.00243842
48.37512970	0.00115199
48.39897156	0.00030496
48.42281342	0.00043286
48.44665527	0.00057636
48.47049713	0.00055452
48.49433899	0.00035729
48.51818085	0.00032652
48.54202271	0.00025444
48.56586456	0.00047441
48.58970642	0.00093787
48.61354828	0.00155218
48.63739014	0.00387095
48.66123199	0.00489996
48.68507385	0.00211656
48.70891571	0.00043395
48.73275757	0.00080362
48.75659943	0.00062017
48.78044128	0.00045232
48.80428314	0.00018799
