Частота	A * B
(kГц)	(?)

0.00000000	2.32379700
0.02384186	1.00428700
0.04768372	0.23064630
0.07152557	0.05737806
0.09536743	0.10470820
0.11920929	0.11838580
0.14305115	0.16237610
0.16689301	0.11741590
0.19073486	0.06098365
0.21457672	0.09427144
0.23841858	0.08511661
0.26226044	0.07553772
0.28610229	0.08125540
0.30994415	0.05962587
0.33378601	0.08485094
0.35762787	0.12442280
0.38146973	0.11879230
0.40531158	0.10308850
0.42915344	0.04389803
0.45299530	0.07694986
0.47683716	0.10235330
0.50067902	0.09652053
0.52452087	0.07568776
0.54836273	0.09266675
0.57220459	0.02386549
0.59604645	0.09996178
0.61988831	0.12384710
0.64373016	0.21290970
0.66757202	0.16913680
0.69141388	0.06427231
0.71525574	0.08685833
0.73909760	0.07957602
0.76293945	0.06721465
0.78678131	0.08086614
0.81062317	0.05951786
0.83446503	0.03912805
0.85830688	0.07966005
0.88214874	0.11978070
0.90599060	0.09990848
0.92983246	0.03828071
0.95367432	0.08799912
0.97751617	0.13667600
1.00135803	0.14177160
1.02519989	0.07078730
1.04904175	0.09785994
1.07288361	0.02662832
1.09672546	0.10036340
1.12056732	0.13522690
1.14440918	0.25241580
1.16825104	0.20602220
1.19209290	0.07542832
1.21593475	0.08881588
1.23977661	0.08357204
1.26361847	0.06508112
1.28746033	0.07947063
1.31130219	0.06714430
1.33514404	0.03173755
1.35898590	0.07369354
1.38282776	0.12779220
1.40666962	0.10602750
1.43051147	0.04476121
1.45435333	0.07529505
1.47819519	0.16132120
1.50203705	0.18847900
1.52587891	0.07095678
1.54972076	0.10575610
1.57356262	0.01698977
1.59740448	0.08961879
1.62124634	0.13987960
1.64508820	0.30069890
1.66893005	0.23869540
1.69277191	0.07971950
1.71661377	0.08489707
1.74045563	0.08275249
1.76429749	0.06617415
1.78813934	0.08511221
1.81198120	0.08657826
1.83582306	0.06019464
1.85966492	0.06493302
1.88350677	0.12623090
1.90734863	0.10562980
1.93119049	0.04468811
1.95503235	0.05968679
1.97887421	0.18130860
2.00271606	0.23391880
2.02655792	0.06378449
2.05039978	0.04797703
2.07424164	0.02582534
2.09808350	0.09368639
2.12192535	0.15884180
2.14576721	0.35862270
2.16960907	0.28556440
2.19345093	0.09541298
2.21729279	0.09890488
2.24113464	0.10106610
2.26497650	0.07658225
2.28881836	0.07752237
2.31266022	0.08396286
2.33650208	0.08324170
2.36034393	0.08457917
2.38418579	0.12625040
2.40802765	0.09822045
2.43186951	0.04069267
2.45571136	0.05497914
2.47955322	0.20800610
2.50339508	0.26712660
2.52723694	0.06633496
2.55107880	0.10819900
2.57492065	0.01142817
2.59876251	0.08055725
2.62260437	0.17572680
2.64644623	0.41026420
2.67028809	0.32092440
2.69412994	0.10700940
2.71797180	0.10534220
2.74181366	0.10879430
2.76565552	0.08862302
2.78949738	0.09279522
2.81333923	0.10644520
2.83718109	0.11381630
2.86102295	0.09793504
2.88486481	0.12656200
2.90870667	0.10129070
2.93254852	0.04067345
2.95639038	0.05466627
2.98023224	0.23460030
3.00407410	0.29804600
3.02791595	0.05835553
3.05175781	0.10227680
3.07559967	0.01854276
3.09944153	0.07610339
3.12328339	0.20525210
3.14712524	0.46693010
3.17096710	0.35593210
3.19480896	0.11816390
3.21865082	0.10923340
3.24249268	0.11445230
3.26633453	0.08691639
3.29017639	0.08355800
3.31401825	0.10763140
3.33786011	0.14024030
3.36170197	0.11598870
3.38554382	0.12247360
3.40938568	0.09294622
3.43322754	0.03745041
3.45706940	0.05337137
3.48091125	0.25742130
3.50475311	0.32596310
3.52859497	0.06123210
3.55243683	0.10951230
3.57627869	0.02532549
3.60012054	0.07465915
3.62396240	0.23566140
3.64780426	0.50945880
3.67164612	0.37466540
3.69548798	0.13108820
3.71932983	0.11866030
3.74317169	0.11987120
3.76701355	0.09601875
3.79085541	0.09231680
3.81469727	0.12459260
3.83853912	0.17030760
3.86238098	0.13571280
3.88622284	0.11200310
3.91006470	0.07372053
3.93390656	0.02770086
3.95774841	0.05489746
3.98159027	0.27817060
4.00543213	0.35667380
4.02927399	0.07162456
4.05311584	0.10164950
4.07695770	0.04605794
4.10079956	0.05525183
4.12464142	0.25089760
4.14848328	0.55151400
4.17232513	0.39925800
4.19616699	0.13328600
4.22000885	0.12415960
4.24385071	0.12611310
4.26769257	0.09585965
4.29153442	0.07776519
4.31537628	0.11637650
4.33921814	0.17134240
4.36306000	0.13394720
4.38690186	0.10047010
4.41074371	0.06678298
4.43458557	0.03217331
4.45842743	0.05051354
4.48226929	0.28939650
4.50611115	0.35897510
4.52995300	0.05448822
4.55379486	0.11351340
4.57763672	0.06814777
4.60147858	0.06078000
4.62532043	0.28547500
4.64916229	0.59819690
4.67300415	0.42078810
4.69684601	0.13325430
4.72068787	0.11345840
4.74452972	0.11743130
4.76837158	0.09001109
4.79221344	0.06586073
4.81605530	0.11696310
4.83989716	0.19428320
4.86373901	0.15165340
4.88758087	0.10790300
4.91142273	0.07256223
4.93526459	0.03383523
4.95910645	0.06477693
4.98294830	0.29828830
5.00679016	0.35887990
5.03063202	0.05119132
5.05447388	0.10294440
5.07831573	0.06183473
5.10215759	0.05255939
5.12599945	0.31909410
5.14984131	0.65299000
5.17368317	0.46582090
5.19752502	0.16488390
5.22136688	0.13190800
5.24520874	0.12745120
5.26905060	0.09984517
5.29289246	0.06195609
5.31673431	0.11396830
5.34057617	0.19089470
5.36441803	0.13910150
5.38825989	0.09226331
5.41210175	0.05763473
5.43594360	0.03280645
5.45978546	0.06270166
5.48362732	0.29015990
5.50746918	0.35036220
5.53131104	0.04027384
5.55515289	0.11930440
5.57899475	0.07542445
5.60283661	0.04402600
5.62667847	0.34049900
5.65052032	0.67335410
5.67436218	0.46341840
5.69820404	0.15987990
5.72204590	0.13181680
5.74588776	0.13285010
5.76972961	0.10988090
5.79357147	0.07278769
5.81741333	0.12551380
5.84125519	0.20064550
5.86509705	0.14427780
5.88893890	0.07814538
5.91278076	0.04506736
5.93662262	0.03899657
5.96046448	0.09221800
5.98430634	0.30000980
6.00814819	0.33979710
6.03199005	0.03691209
6.05583191	0.11990030
6.07967377	0.08608147
6.10351563	0.03391336
6.12735748	0.36020110
6.15119934	0.69607960
6.17504120	0.46999420
6.19888306	0.16653100
6.22272491	0.13570720
6.24656677	0.13469800
6.27040863	0.10681510
6.29425049	0.06166880
6.31809235	0.12448670
6.34193420	0.20665820
6.36577606	0.14256430
6.38961792	0.07396155
6.41345978	0.05398005
6.43730164	0.06374791
6.46114349	0.08230148
6.48498535	0.26624180
6.50882721	0.30144800
6.53266907	0.03063167
6.55651093	0.12192740
6.58035278	0.09583393
6.60419464	0.05404720
6.62803650	0.38540670
6.65187836	0.71460940
6.67572021	0.47225290
6.69956207	0.16759140
6.72340393	0.12583960
6.74724579	0.12585470
6.77108765	0.10784990
6.79492950	0.06289753
6.81877136	0.12325180
6.84261322	0.19877180
6.86645508	0.13308890
6.89029694	0.06605808
6.91413879	0.04974487
6.93798065	0.06331574
6.96182251	0.09670625
6.98566437	0.26258470
7.00950623	0.28487150
7.03334808	0.04899529
7.05718994	0.12574500
7.08103180	0.10518590
7.10487366	0.03826820
7.12871552	0.40855550
7.15255737	0.72883760
7.17639923	0.47198690
7.20024109	0.17586350
7.22408295	0.12247970
7.24792480	0.12705760
7.27176666	0.12036310
7.29560852	0.06566108
7.31945038	0.11593880
7.34329224	0.18977980
7.36713409	0.12145440
7.39097595	0.05092706
7.41481781	0.04300937
7.43865967	0.06129158
7.46250153	0.09172455
7.48634338	0.21899570
7.51018524	0.23585990
7.53402710	0.04807245
7.55786896	0.13514530
7.58171082	0.11238370
7.60555267	0.03152220
7.62939453	0.42886700
7.65323639	0.74426860
7.67707825	0.47164010
7.70092010	0.17438880
7.72476196	0.11568980
7.74860382	0.12673370
7.77244568	0.11546740
7.79628754	0.06110937
7.82012939	0.10926510
7.84397125	0.17647970
7.86781311	0.10312620
7.89165497	0.03285115
7.91549683	0.03214193
7.93933868	0.06247347
7.96318054	0.09285100
7.98702240	0.18848120
8.01086426	0.18345150
8.03470612	0.09891065
8.05854797	0.15168630
8.08238983	0.12430080
8.10623169	0.04165188
8.13007355	0.44242210
8.15391541	0.74724250
8.17775726	0.47415710
8.20159912	0.19068890
8.22544098	0.12240200
8.24928284	0.13016370
8.27312469	0.12164010
8.29696655	0.06530038
8.32080841	0.09579577
8.34465027	0.15889850
8.36849213	0.09490161
8.39233398	0.04163118
8.41617584	0.04997709
8.44001770	0.08220426
8.46385956	0.11611320
8.48770142	0.15657520
8.51154327	0.14411090
8.53538513	0.09246677
8.55922699	0.14519410
8.58306885	0.12796000
8.60691071	0.04572771
8.63075256	0.45529230
8.65459442	0.73420180
8.67843628	0.44837350
8.70227814	0.18489540
8.72612000	0.10475690
8.74996185	0.12476900
8.77380371	0.13423940
8.79764557	0.08155438
8.82148743	0.09420742
8.84532928	0.14701240
8.86917114	0.08904329
8.89301300	0.04798150
8.91685486	0.06037447
8.94069672	0.08879083
8.96453857	0.11287710
8.98838043	0.10809050
9.01222229	0.09566440
9.03606415	0.10298250
9.05990601	0.14904420
9.08374786	0.12748750
9.10758972	0.05512383
9.13143158	0.46781080
9.15527344	0.72188740
9.17911530	0.43588840
9.20295715	0.19397180
9.22679901	0.11130230
9.25064087	0.13507020
9.27448273	0.14121670
9.29832458	0.08944071
9.32216644	0.09197554
9.34600830	0.13482390
9.36985016	0.07976853
9.39369202	0.05578110
9.41753387	0.06687436
9.44137573	0.09368870
9.46521759	0.11730330
9.48905945	0.07157377
9.51290131	0.05376030
9.53674316	0.11468710
9.56058502	0.14821640
9.58442688	0.14375490
9.60826874	0.06506574
9.63211060	0.45927750
9.65595245	0.70458720
9.67979431	0.43038160
9.70363617	0.19940870
9.72747803	0.09270391
9.75131989	0.12148710
9.77516174	0.13716350
9.79900360	0.09291711
9.82284546	0.07168087
9.84668732	0.10402890
9.87052917	0.06392093
9.89437103	0.06245015
9.91821289	0.07122365
9.94205475	0.09414226
9.96589661	0.11439010
9.98973846	0.05908241
10.01358032	0.04730107
10.03742218	0.10758970
10.06126404	0.12509960
10.08510590	0.12221880
10.10894775	0.06299930
10.13278961	0.45998430
10.15663147	0.68034400
10.18047333	0.40823390
10.20431519	0.19655990
10.22815704	0.08052458
10.25199890	0.11273410
10.27584076	0.13097310
10.29968262	0.09500459
10.32352448	0.07501999
10.34736633	0.09239081
10.37120819	0.06596442
10.39505005	0.07149695
10.41889191	0.07676465
10.44273376	0.09030633
10.46657562	0.13924640
10.49041748	0.13251760
10.51425934	0.11266030
10.53810120	0.12974910
10.56194305	0.14033540
10.58578491	0.13424360
10.60962677	0.07761750
10.63346863	0.45999970
10.65731049	0.65575600
10.68115234	0.40675360
10.70499420	0.22405670
10.72883606	0.08516596
10.75267792	0.12459740
10.77651978	0.14679900
10.80036163	0.11176110
10.82420349	0.07284275
10.84804535	0.07506849
10.87188721	0.07237680
10.89572906	0.07631347
10.91957092	0.08211770
10.94341278	0.09413034
10.96725464	0.13266060
10.99109650	0.15915080
11.01493835	0.13648090
11.03878021	0.12344750
11.06262207	0.13688770
11.08646393	0.13343840
11.11030579	0.08735991
11.13414764	0.44580120
11.15798950	0.61775330
11.18183136	0.38776730
11.20567322	0.21759780
11.22951508	0.07744353
11.25335693	0.12501630
11.27719879	0.14410870
11.30104065	0.11718780
11.32488251	0.07265449
11.34872437	0.05849608
11.37256622	0.06563920
11.39640808	0.07159050
11.42024994	0.08215064
11.44409180	0.08786495
11.46793365	0.14513040
11.49177551	0.22148950
11.51561737	0.18516450
11.53945923	0.11899130
11.56330109	0.11787730
11.58714294	0.12268510
11.61098480	0.09820554
11.63482666	0.43301500
11.65866852	0.58078460
11.68251038	0.37170840
11.70635223	0.22020970
11.73019409	0.08417173
11.75403595	0.13181250
11.77787781	0.14531180
11.80171967	0.12178660
11.82556152	0.06681524
11.84940338	0.04195467
11.87324524	0.07665316
11.89708710	0.09025875
11.92092896	0.08753053
11.94477081	0.07476725
11.96861267	0.14719860
11.99245453	0.28045920
12.01629639	0.23214330
12.04013824	0.11704820
12.06398010	0.12255280
12.08782196	0.13500240
12.11166382	0.11358340
12.13550568	0.41933670
12.15934753	0.54204170
12.18318939	0.36259530
12.20703125	0.23555950
12.23087311	0.06233565
12.25471497	0.11444390
12.27855682	0.14177040
12.30239868	0.13417070
12.32624054	0.07557619
12.35008240	0.03916511
12.37392426	0.07494342
12.39776611	0.08816605
12.42160797	0.08657038
12.44544983	0.07279901
12.46929169	0.16198620
12.49313354	0.32653040
12.51697540	0.26189900
12.54081726	0.11408450
12.56465912	0.12341590
12.58850098	0.13423830
12.61234283	0.11948860
12.63618469	0.39608760
12.66002655	0.50451200
12.68386841	0.35805440
12.70771027	0.23344140
12.73155212	0.04456383
12.75539398	0.11643750
12.77923584	0.14526430
12.80307770	0.14454880
12.82691956	0.08651990
12.85076141	0.05384852
12.87460327	0.09630751
12.89844513	0.09820163
12.92228699	0.08485203
12.94612885	0.05309293
12.96997070	0.17502070
12.99381256	0.37646920
13.01765442	0.28560410
13.04149628	0.10015200
13.06533813	0.11674910
13.08917999	0.13480580
13.11302185	0.11831380
13.13686371	0.36504250
13.16070557	0.45697420
13.18454742	0.34408470
13.20838928	0.23562140
13.23223114	0.04078168
13.25607300	0.11632130
13.27991486	0.14395450
13.30375671	0.14862680
13.32759857	0.09461700
13.35144043	0.05937642
13.37528229	0.08758947
13.39912415	0.08355316
13.42296600	0.06934319
13.44680786	0.03945945
13.47064972	0.20252830
13.49449158	0.42444820
13.51833344	0.31209020
13.54217529	0.08655780
13.56601715	0.10193730
13.58985901	0.12524530
13.61370087	0.12649000
13.63754272	0.34215860
13.66138458	0.41502570
13.68522644	0.32845770
13.70906830	0.22545240
13.73291016	0.02657724
13.75675201	0.11109790
13.78059387	0.14476600
13.80443573	0.15867040
13.82827759	0.10683100
13.85211945	0.07534486
13.87596130	0.09047241
13.89980316	0.08344840
13.92364502	0.05790253
13.94748688	0.01710424
13.97132874	0.22037710
13.99517059	0.45577130
14.01901245	0.32406770
14.04285431	0.08152259
14.06669617	0.10613550
14.09053802	0.12560960
14.11437988	0.13324860
14.13822174	0.31396450
14.16206360	0.37331370
14.18590546	0.32952600
14.20974731	0.23825440
14.23358917	0.03507214
14.25743103	0.10344660
14.28127289	0.13312070
14.30511475	0.16162120
14.32895660	0.12020690
14.35279846	0.08703451
14.37664032	0.09146130
14.40048218	0.08623107
14.42432404	0.06731291
14.44816589	0.01063417
14.47200775	0.23040780
14.49584961	0.47106190
14.51969147	0.31829930
14.54353333	0.05967727
14.56737518	0.10078830
14.59121704	0.12543450
14.61505890	0.13486360
14.63890076	0.28369030
14.66274261	0.32862870
14.68658447	0.32147460
14.71042633	0.23668300
14.73426819	0.02740294
14.75811005	0.10620670
14.78195190	0.14233160
14.80579376	0.16310180
14.82963562	0.12225690
14.85347748	0.09667435
14.87731934	0.08769650
14.90116119	0.07529005
14.92500305	0.06235137
14.94884491	0.02173829
14.97268677	0.24060650
14.99652863	0.48519150
15.02037048	0.31128560
15.04421234	0.04235593
15.06805420	0.09171209
15.09189606	0.11632390
15.11573792	0.13229280
15.13957977	0.25359470
15.16342163	0.29278460
15.18726349	0.31416420
15.21110535	0.23298500
15.23494720	0.02932489
15.25878906	0.09131707
15.28263092	0.13744530
15.30647278	0.18033360
15.33031464	0.14312920
15.35415649	0.10630640
15.37799835	0.08063455
15.40184021	0.06738951
15.42568207	0.05601061
15.44952393	0.03360876
15.47336578	0.24808200
15.49720764	0.48479320
15.52104950	0.29914510
15.54489136	0.01660763
15.56873322	0.08604803
15.59257507	0.11740650
15.61641693	0.13299020
15.64025879	0.21782800
15.66410065	0.25533660
15.68794250	0.30924550
15.71178436	0.22638240
15.73562622	0.02167907
15.75946808	0.08855060
15.78330994	0.12489480
15.80715179	0.17800460
15.83099365	0.16047490
15.85483551	0.12062690
15.87867737	0.06719441
15.90251923	0.04891786
15.92636108	0.04708968
15.95020294	0.05562783
15.97404480	0.25037240
15.99788666	0.47655770
16.02172852	0.27959480
16.04557037	0.00628351
16.06941223	0.08863059
16.09325409	0.11403020
16.11709595	0.13053010
16.14093781	0.19465100
16.16477966	0.22534450
16.18862152	0.28762170
16.21246338	0.20035010
16.23630524	0.01109424
16.26014709	0.07399159
16.28398895	0.10538050
16.30783081	0.16218600
16.33167267	0.13631030
16.35551453	0.09739771
16.37935638	0.05464261
16.40319824	0.05996235
16.42704010	0.05645351
16.45088196	0.08167307
16.47472382	0.24051520
16.49856567	0.44333830
16.52240753	0.25081430
16.54624939	0.02144654
16.57009125	0.08332860
16.59393311	0.11292480
16.61777496	0.13070720
16.64161682	0.16024160
16.66545868	0.19530790
16.68930054	0.29218800
16.71314240	0.21210130
16.73698425	0.01721838
16.76082611	0.06718054
16.78466797	0.10671060
16.80850983	0.16891030
16.83235168	0.15223050
16.85619354	0.11246180
16.88003540	0.04832158
16.90387726	0.03935474
16.92771912	0.05606296
16.95156097	0.10371570
16.97540283	0.23406670
16.99924469	0.40970580
17.02308655	0.21709830
17.04692841	0.03073657
17.07077026	0.08175500
17.09461212	0.11481070
17.11845398	0.12636150
17.14229584	0.12898930
17.16613770	0.16822920
17.18997955	0.27636840
17.21382141	0.19875680
17.23766327	0.01828339
17.26150513	0.05454454
17.28534698	0.10409990
17.30918884	0.16971610
17.33303070	0.16160680
17.35687256	0.12454520
17.38071442	0.05009484
17.40455627	0.04025531
17.42839813	0.06265463
17.45223999	0.10932940
17.47608185	0.21275690
17.49992371	0.35456200
17.52376556	0.17111740
17.54760742	0.05803776
17.57144928	0.08335834
17.59529114	0.11007680
17.61913300	0.11697620
17.64297485	0.10086270
17.66681671	0.14689920
17.69065857	0.25846920
17.71450043	0.18330890
17.73834229	0.01643459
17.76218414	0.04535932
17.78602600	0.10641730
17.80986786	0.16918900
17.83370972	0.16038790
17.85755157	0.12093740
17.88139343	0.03123800
17.90523529	0.02849325
17.92907715	0.06938486
17.95291901	0.13338910
17.97676086	0.18265530
18.00060272	0.28395350
18.02444458	0.12726280
18.04828644	0.06744249
18.07212830	0.07980923
18.09597015	0.10440210
18.11981201	0.10824920
18.14365387	0.07190041
18.16749573	0.11927550
18.19133759	0.23522720
18.21517944	0.16357030
18.23902130	0.02469946
18.26286316	0.03218554
18.28670502	0.08988404
18.31054688	0.16032910
18.33438873	0.16110320
18.35823059	0.11560180
18.38207245	0.01503366
18.40591431	0.01880150
18.42975616	0.07710849
18.45359802	0.15910310
18.47743988	0.16025130
18.50128174	0.21164160
18.52512360	0.09059612
18.54896545	0.07908507
18.57280731	0.07434794
18.59664917	0.09832212
18.62049103	0.09887192
18.64433289	0.05171018
18.66817474	0.10562540
18.69201660	0.21409260
18.71585846	0.14918980
18.73970032	0.02538939
18.76354218	0.01336268
18.78738403	0.08195481
18.81122589	0.14966120
18.83506775	0.16298150
18.85890961	0.13376020
18.88275146	0.03546371
18.90659332	0.00708334
18.93043518	0.08241203
18.95427704	0.17253970
18.97811890	0.13669250
19.00196075	0.12007180
19.02580261	0.04972306
19.04964447	0.09842250
19.07348633	0.09055451
19.09732819	0.10126520
19.12117004	0.09318700
19.14501190	0.03558629
19.16885376	0.09695616
19.19269562	0.19895440
19.21653748	0.13252790
19.24037933	0.02838271
19.26422119	0.00989316
19.28806305	0.09422296
19.31190491	0.15248660
19.33574677	0.15470010
19.35958862	0.11750640
19.38343048	0.03507377
19.40727234	0.01821903
19.43111420	0.08285077
19.45495605	0.17965420
19.47879791	0.12384040
19.50263977	0.04631506
19.52648163	0.06428516
19.55032349	0.10175930
19.57416534	0.08085463
19.59800720	0.07992664
19.62184906	0.06192970
19.64569092	0.01027035
19.66953278	0.07984166
19.69337463	0.17985840
19.71721649	0.12649920
19.74105835	0.04216633
19.76490021	0.01893127
19.78874207	0.08698954
19.81258392	0.15111810
19.83642578	0.16267040
19.86026764	0.12689460
19.88410950	0.04420102
19.90795135	0.02151902
19.93179321	0.08808365
19.95563507	0.19729810
19.97947693	0.14861210
20.00331879	0.09197945
20.02716064	0.10311250
20.05100250	0.10195400
20.07484436	0.07704701
20.09868622	0.07624088
20.12252808	0.05650780
20.14636993	0.02093762
20.17021179	0.08025375
20.19405365	0.16137290
20.21789551	0.10751150
20.24173737	0.04611233
20.26557922	0.02813071
20.28942108	0.08473224
20.31326294	0.14133530
20.33710480	0.16006330
20.36094666	0.13329180
20.38478851	0.06490336
20.40863037	0.02258683
20.43247223	0.10377210
20.45631409	0.20940910
20.48015594	0.19567840
20.50399780	0.20378060
20.52783966	0.16087690
20.55168152	0.11025340
20.57552338	0.08593857
20.59936523	0.07762107
20.62320709	0.04585846
20.64704895	0.03478432
20.67089081	0.05895805
20.69473267	0.12337180
20.71857452	0.08838205
20.74241638	0.05610937
20.76625824	0.03683850
20.79010010	0.09421672
20.81394196	0.15041770
20.83778381	0.17294230
20.86162567	0.14021140
20.88546753	0.07166094
20.90930939	0.02479879
20.93315125	0.10558360
20.95699310	0.21837570
20.98083496	0.27071060
21.00467682	0.31865620
21.02851868	0.20629040
21.05236053	0.12167140
21.07620239	0.09255251
21.10004425	0.06537098
21.12388611	0.03156481
21.14772797	0.04576372
21.17156982	0.06161664
21.19541168	0.11163380
21.21925354	0.08639131
21.24309540	0.05588223
21.26693726	0.05145698
21.29077911	0.08878945
21.31462097	0.13181530
21.33846283	0.16363970
21.36230469	0.13944810
21.38614655	0.08646473
21.40998840	0.02897975
21.43383026	0.12655780
21.45767212	0.24711390
21.48151398	0.35469390
21.50535583	0.43532900
21.52919769	0.25588850
21.55303955	0.12290810
21.57688141	0.09040779
21.60072327	0.05969400
21.62456512	0.02598546
21.64840698	0.04866194
21.67224884	0.05850502
21.69609070	0.09191690
21.71993256	0.07480255
21.74377441	0.07002310
21.76761627	0.05545473
21.79145813	0.09052196
21.81529999	0.13287190
21.83914185	0.16308790
21.86298370	0.14331530
21.88682556	0.09780429
21.91066742	0.03581425
21.93450928	0.11415690
21.95835114	0.24566480
21.98219299	0.44506480
22.00603485	0.56190620
22.02987671	0.30177420
22.05371857	0.12265600
22.07756042	0.10221680
22.10140228	0.06279763
22.12524414	0.02534127
22.14908600	0.05713831
22.17292786	0.05018588
22.19676971	0.06479684
22.22061157	0.07495546
22.24445343	0.08214515
22.26829529	0.07259880
22.29213715	0.08299542
22.31597900	0.11459670
22.33982086	0.15157720
22.36366272	0.13089670
22.38750458	0.09629820
22.41134644	0.03955491
22.43518829	0.10927010
22.45903015	0.26384050
22.48287201	0.54970080
22.50671387	0.67952840
22.53055573	0.33574490
22.55439758	0.11877810
22.57823944	0.11170430
22.60208130	0.06105945
22.62592316	0.02305106
22.64976501	0.07237122
22.67360687	0.05102512
22.69744873	0.03589103
22.72129059	0.07445935
22.74513245	0.08470813
22.76897430	0.07213132
22.79281616	0.07691420
22.81665802	0.11016990
22.84049988	0.15986040
22.86434174	0.14583590
22.88818359	0.11381810
22.91202545	0.03826303
22.93586731	0.11718760
22.95970917	0.28562090
22.98355103	0.65004300
23.00739288	0.78781550
23.03123474	0.37080350
23.05507660	0.10561150
23.07891846	0.09990648
23.10276031	0.05631806
23.12660217	0.04162317
23.15044403	0.08262970
23.17428589	0.06424143
23.19812775	0.01722230
23.22196960	0.07450460
23.24581146	0.09040824
23.26965332	0.07540468
23.29349518	0.06839199
23.31733704	0.09431250
23.34117889	0.15297570
23.36502075	0.14560410
23.38886261	0.11686140
23.41270447	0.03524576
23.43654633	0.12536380
23.46038818	0.30852700
23.48423004	0.74709500
23.50807190	0.89177570
23.53191376	0.40317780
23.55575562	0.10506110
23.57959747	0.09593780
23.60343933	0.05584113
23.62728119	0.04741762
23.65112305	0.08323428
23.67496490	0.06769625
23.69880676	0.03668715
23.72264862	0.09455257
23.74649048	0.09648878
23.77033234	0.07451156
23.79417419	0.06409318
23.81801605	0.09384339
23.84185791	0.15424810
23.86569977	0.14598180
23.88954163	0.13390600
23.91338348	0.04595663
23.93722534	0.12480790
23.96106720	0.33849200
23.98490906	0.86101790
24.00875092	1.00507300
24.03259277	0.42838360
24.05643463	0.10412320
24.08027649	0.11686580
24.10411835	0.07415353
24.12796021	0.05723187
24.15180206	0.07669843
24.17564392	0.07508477
24.19948578	0.04450390
24.22332764	0.08612093
24.24716949	0.10281640
24.27101135	0.08810539
24.29485321	0.05942118
24.31869507	0.07548218
24.34253693	0.14647460
24.36637878	0.14838800
24.39022064	0.12326580
24.41406250	0.03199842
24.43790436	0.13024250
24.46174622	0.35941320
24.48558807	0.95395060
24.50942993	1.08710400
24.53327179	0.43931180
24.55711365	0.09368923
24.58095551	0.12010860
24.60479736	0.08791207
24.62863922	0.07303397
24.65248108	0.09556900
24.67632294	0.10578680
24.70016479	0.06363076
24.72400665	0.07926623
24.74784851	0.09186468
24.77169037	0.07400112
24.79553223	0.04120920
24.81937408	0.05688179
24.84321594	0.13225430
24.86705780	0.14530840
24.89089966	0.13785810
24.91474152	0.04228537
24.93858337	0.13244500
24.96242523	0.39396370
24.98626709	1.06093100
25.01010895	1.17830700
25.03395081	0.45719740
25.05779266	0.10240470
25.08163452	0.12676110
25.10547638	0.09408093
25.12931824	0.07284157
25.15316010	0.08237550
25.17700195	0.09512187
25.20084381	0.07153119
25.22468567	0.08927051
25.24852753	0.09049497
25.27236938	0.07472974
25.29621124	0.04103904
25.32005310	0.05448296
25.34389496	0.12915840
25.36773682	0.14532150
25.39157867	0.13827140
25.41542053	0.04836113
25.43926239	0.12230020
25.46310425	0.42128190
25.48694611	1.15710500
25.51078796	1.24513000
25.53462982	0.45536390
25.55847168	0.08770698
25.58231354	0.12263960
25.60615540	0.09654918
25.62999725	0.07089242
25.65383911	0.08006559
25.67768097	0.10765980
25.70152283	0.08700778
25.72536469	0.08187650
25.74920654	0.09161748
25.77304840	0.07793899
25.79689026	0.04431813
25.82073212	0.05571752
25.84457397	0.12626850
25.86841583	0.14596250
25.89225769	0.14803770
25.91609955	0.04663038
25.93994141	0.12337130
25.96378326	0.46401350
25.98762512	1.25254300
26.01146698	1.30884500
26.03530884	0.45411860
26.05915070	0.10766760
26.08299255	0.14108770
26.10683441	0.11316190
26.13067627	0.08609704
26.15451813	0.08807731
26.17835999	0.11611050
26.20220184	0.09960692
26.22604370	0.08808529
26.24988556	0.08586750
26.27372742	0.07474230
26.29756927	0.04680555
26.32141113	0.05264380
26.34525299	0.10643500
26.36909485	0.13171570
26.39293671	0.13945670
26.41677856	0.06093623
26.44062042	0.13591370
26.46446228	0.49416160
26.48830414	1.33071700
26.51214600	1.36028100
26.53598785	0.45927550
26.55982971	0.10625850
26.58367157	0.13868260
26.60751343	0.11445740
26.63135529	0.07648964
26.65519714	0.07475157
26.67903900	0.11809620
26.70288086	0.10876660
26.72672272	0.08852352
26.75056458	0.08263951
26.77440643	0.06188081
26.79824829	0.04987513
26.82209015	0.05225809
26.84593201	0.09280121
26.86977386	0.12452880
26.89361572	0.14228980
26.91745758	0.07734599
26.94129944	0.12630880
26.96514130	0.51724400
26.98898315	1.39218400
27.01282501	1.38236000
27.03666687	0.43930020
27.06050873	0.09946883
27.08435059	0.12702270
27.10819244	0.11088470
27.13203430	0.07239363
27.15587616	0.07389824
27.17971802	0.12451200
27.20355988	0.11651410
27.22740173	0.08131779
27.25124359	0.06269357
27.27508545	0.05430435
27.29892731	0.06174322
27.32276917	0.06133501
27.34661102	0.08779041
27.37045288	0.12229590
27.39429474	0.14329400
27.41813660	0.08672119
27.44197845	0.13672940
27.46582031	0.55731280
27.48966217	1.46036700
27.51350403	1.41070800
27.53734589	0.42632890
27.56118774	0.11128820
27.58502960	0.14918710
27.60887146	0.13199420
27.63271332	0.08435604
27.65655518	0.08654523
27.68039703	0.13584080
27.70423889	0.11733980
27.72808075	0.07713506
27.75192261	0.06607296
27.77576447	0.06068760
27.79960632	0.08469731
27.82344818	0.07535478
27.84729004	0.06944329
27.87113190	0.11213500
27.89497375	0.14105840
27.91881561	0.08935498
27.94265747	0.13527430
27.96649933	0.58166060
27.99034119	1.50862800
28.01418304	1.42381500
28.03802490	0.41836470
28.06186676	0.09830362
28.08570862	0.13580400
28.10955048	0.12788610
28.13339233	0.06828178
28.15723419	0.06252009
28.18107605	0.12388860
28.20491791	0.11434540
28.22875977	0.07512770
28.25260162	0.06188865
28.27644348	0.05773332
28.30028534	0.09499910
28.32412720	0.08031544
28.34796906	0.06242012
28.37181091	0.11008920
28.39565277	0.14084920
28.41949463	0.09388734
28.44333649	0.13934800
28.46717834	0.62381120
28.49102020	1.56058700
28.51486206	1.41886400
28.53870392	0.39026160
28.56254578	0.10780210
28.58638763	0.13200710
28.61022949	0.13539040
28.63407135	0.07456046
28.65791321	0.06383253
28.68175507	0.12908680
28.70559692	0.11975770
28.72943878	0.06191293
28.75328064	0.03781695
28.77712250	0.04318499
28.80096436	0.10351590
28.82480621	0.08973905
28.84864807	0.04488273
28.87248993	0.09519503
28.89633179	0.13709030
28.92017365	0.11016030
28.94401550	0.14785180
28.96785736	0.65524320
28.99169922	1.59988600
29.01554108	1.41678100
29.03938293	0.37248900
29.06322479	0.10655900
29.08706665	0.12936570
29.11090851	0.13064680
29.13475037	0.06701140
29.15859222	0.05967295
29.18243408	0.12809520
29.20627594	0.11075580
29.23011780	0.05242740
29.25395966	0.04159566
29.27780151	0.06283800
29.30164337	0.12792660
29.32548523	0.11259260
29.34932709	0.05399391
29.37316895	0.11009650
29.39701080	0.14125010
29.42085266	0.10864410
29.44469452	0.14869920
29.46853638	0.66574710
29.49237823	1.59532900
29.51622009	1.38246800
29.54006195	0.34890740
29.56390381	0.12393800
29.58774567	0.14623470
29.61158752	0.14032710
29.63542938	0.05219756
29.65927124	0.03108107
29.68311310	0.11298890
29.70695496	0.11154220
29.73079681	0.06985042
29.75463867	0.06069224
29.77848053	0.08056936
29.80232239	0.13092990
29.82616425	0.11267580
29.85000610	0.06917770
29.87384796	0.13600320
29.89768982	0.14447530
29.92153168	0.17302170
29.94537354	0.56800760
29.96921539	5.28441600
29.99305725	12.67506000
30.01689911	10.62841000
30.04074097	2.82317800
30.06458282	0.01339617
30.08842468	0.10615800
30.11226654	0.13269950
30.13610840	0.02514013
30.15995026	0.04457871
30.18379211	0.11080980
30.20763397	0.10368680
30.23147583	0.04541336
30.25531769	0.02888159
30.27915955	0.05984411
30.30300140	0.14486140
30.32684326	0.12581330
30.35068512	0.05596790
30.37452698	0.09668139
30.39836884	0.13213120
30.42221069	0.11456740
30.44605255	0.14446920
30.46989441	0.69765880
30.49373627	1.57638400
30.51757813	1.27910800
30.54141998	0.29384500
30.56526184	0.10731370
30.58910370	0.13854170
30.61294556	0.14991260
30.63678741	0.05432589
30.66062927	0.01253676
30.68447113	0.08994082
30.70831299	0.08329850
30.73215485	0.03581291
30.75599670	0.04497581
30.77983856	0.08331259
30.80368042	0.15297850
30.82752228	0.11978250
30.85136414	0.04571699
30.87520599	0.09474791
30.89904785	0.13765250
30.92288971	0.12987650
30.94673157	0.15888140
30.97057343	0.69777920
30.99441528	1.53612400
31.01825714	1.20993800
31.04209900	0.25332890
31.06594086	0.10616240
31.08978271	0.12416270
31.11362457	0.14567610
31.13746643	0.06069402
31.16130829	0.01266683
31.18515015	0.08040037
31.20899200	0.06786214
31.23283386	0.03291717
31.25667572	0.05019683
31.28051758	0.08545677
31.30435944	0.15167550
31.32820129	0.12654720
31.35204315	0.05508194
31.37588501	0.08923228
31.39972687	0.12808640
31.42356873	0.12933890
31.44741058	0.15468240
31.47125244	0.67591020
31.49509430	1.46732200
31.51893616	1.13068100
31.54277802	0.23331860
31.56661987	0.09288174
31.59046173	0.11399010
31.61430359	0.14185330
31.63814545	0.06606244
31.66198730	0.02960182
31.68582916	0.06904516
31.70967102	0.06598336
31.73351288	0.04504206
31.75735474	0.06342409
31.78119659	0.09226547
31.80503845	0.15735260
31.82888031	0.12990170
31.85272217	0.06510270
31.87656403	0.09434699
31.90040588	0.12849080
31.92424774	0.13849680
31.94808960	0.16495190
31.97193146	0.67500600
31.99577332	1.40296300
32.01961517	1.04156300
32.04345703	0.20438680
32.06729889	0.08820011
32.09114075	0.10186520
32.11498260	0.14076240
32.13882446	0.07263874
32.16266632	0.03465518
32.18650818	0.05227564
32.21035004	0.05099255
32.23419189	0.04437890
32.25803375	0.07285930
32.28187561	0.10258230
32.30571747	0.16199130
32.32955933	0.13892740
32.35340118	0.08320723
32.37724304	0.10155410
32.40108490	0.13245970
32.42492676	0.13397050
32.44876862	0.15429580
32.47261047	0.64325590
32.49645233	1.31642800
32.52029419	0.95420980
32.54413605	0.18854800
32.56797791	0.07989122
32.59181976	0.10271490
32.61566162	0.14587070
32.63950348	0.08424903
32.66334534	0.04506772
32.68718719	0.04099210
32.71102905	0.03641548
32.73487091	0.04661985
32.75871277	0.07691550
32.78255463	0.09899159
32.80639648	0.14365750
32.83023834	0.11902140
32.85408020	0.06949045
32.87792206	0.08952457
32.90176392	0.12942680
32.92560577	0.14618610
32.94944763	0.16188490
32.97328949	0.62377520
32.99713135	1.23691000
33.02097321	0.87012340
33.04481506	0.17139520
33.06865692	0.06456025
33.09249878	0.09687130
33.11634064	0.14605170
33.14018250	0.09849033
33.16402435	0.05951293
33.18786621	0.02717194
33.21170807	0.03669748
33.23554993	0.06491985
33.25939178	0.09251392
33.28323364	0.10181350
33.30707550	0.14509840
33.33091736	0.12895380
33.35475922	0.08338723
33.37860107	0.08752697
33.40244293	0.11401960
33.42628479	0.11982030
33.45012665	0.13886340
33.47396851	0.59217510
33.49781036	1.15054800
33.52165222	0.78505020
33.54549408	0.15481640
33.56933594	0.05701215
33.59317780	0.09941081
33.61701965	0.14752370
33.64086151	0.11481150
33.66470337	0.08355774
33.68854523	0.01974803
33.71238708	0.03337136
33.73622894	0.06605665
33.76007080	0.09668233
33.78391266	0.09487974
33.80775452	0.12301440
33.83159637	0.11059980
33.85543823	0.07274829
33.87928009	0.07691403
33.90312195	0.10639280
33.92696381	0.12202980
33.95080566	0.13751100
33.97464752	0.56670920
33.99848938	1.06214300
34.02233124	0.69668390
34.04617310	0.13627640
34.07001495	0.05710270
34.09385681	0.07852445
34.11769867	0.12802310
34.14154053	0.10925950
34.16538239	0.08417477
34.18922424	0.02120817
34.21306610	0.03323193
34.23690796	0.06355510
34.26074982	0.09626170
34.28459167	0.09935054
34.30843353	0.11503840
34.33227539	0.10658450
34.35611725	0.08651106
34.37995911	0.08934232
34.40380096	0.11409780
34.42764282	0.13494570
34.45148468	0.14356860
34.47532654	0.51334960
34.49916840	0.94915060
34.52301025	0.61185670
34.54685211	0.14526610
34.57069397	0.05825984
34.59453583	0.08326004
34.61837769	0.13276330
34.64221954	0.12734500
34.66606140	0.10935980
34.68990326	0.03779930
34.71374512	0.04394933
34.73758698	0.08071942
34.76142883	0.10560470
34.78527069	0.08821137
34.80911255	0.09638900
34.83295441	0.09791994
34.85679626	0.07620887
34.88063812	0.06881473
34.90447998	0.08909272
34.92832184	0.10985150
34.95216370	0.12377960
34.97600555	0.46645190
34.99984741	0.84853910
35.02368927	0.53501910
35.04753113	0.13485000
35.07137299	0.04863314
35.09521484	0.08019655
35.11905670	0.13361040
35.14289856	0.13711010
35.16674042	0.12166650
35.19058228	0.05647052
35.21442413	0.05049244
35.23826599	0.08614764
35.26210785	0.10905550
35.28594971	0.08083784
35.30979156	0.06463669
35.33363342	0.07338659
35.35747528	0.06796111
35.38131714	0.06258764
35.40515900	0.08725171
35.42900085	0.11269690
35.45284271	0.11861250
35.47668457	0.41014480
35.50052643	0.73824330
35.52436829	0.45198420
35.54821014	0.14045210
35.57205200	0.04863945
35.59589386	0.09052221
35.61973572	0.13752190
35.64357758	0.14081870
35.66741943	0.12380350
35.69126129	0.06425938
35.71510315	0.05089713
35.73894501	0.07338134
35.76278687	0.10183120
35.78662872	0.07260799
35.81047058	0.04239051
35.83431244	0.05606762
35.85815430	0.05977800
35.88199615	0.06666207
35.90583801	0.09056735
35.92967987	0.11428520
35.95352173	0.11611210
35.97736359	0.36701820
36.00120544	0.64276530
36.02504730	0.38833870
36.04888916	0.14811210
36.07273102	0.05930026
36.09657288	0.07303859
36.12041473	0.12601870
36.14425659	0.15226760
36.16809845	0.13113050
36.19194031	0.07079217
36.21578217	0.05694532
36.23962402	0.08383574
36.26346588	0.10892560
36.28730774	0.06918844
36.31114960	0.02311517
36.33499146	0.05055452
36.35883331	0.06832220
36.38267517	0.07090416
36.40651703	0.08682095
36.43035889	0.10673640
36.45420074	0.10086420
36.47804260	0.29212000
36.50188446	0.52058570
36.52572632	0.30963860
36.54956818	0.13775590
36.57341003	0.04566981
36.59725189	0.08041875
36.62109375	0.13010390
36.64493561	0.15901680
36.66877747	0.13814900
36.69261932	0.08319728
36.71646118	0.05873147
36.74030304	0.07882190
36.76414490	0.10192360
36.78798676	0.07716134
36.81182861	0.02952690
36.83567047	0.03512780
36.85951233	0.06029747
36.88335419	0.06218440
36.90719604	0.07108814
36.93103790	0.10096380
36.95487976	0.10142780
36.97872162	0.24642460
37.00256348	0.43044070
37.02640533	0.26029310
37.05024719	0.15128110
37.07408905	0.05580241
37.09793091	0.07489312
37.12177277	0.12375230
37.14561462	0.16331130
37.16945648	0.14301120
37.19329834	0.09369676
37.21714020	0.05862853
37.24098206	0.07541894
37.26482391	0.09957663
37.28866577	0.07862390
37.31250763	0.05034796
37.33634949	0.02614526
37.36019135	0.06610377
37.38403320	0.06830712
37.40787506	0.06420134
37.43171692	0.08424105
37.45555878	0.08818429
37.47940063	0.18976900
37.50324249	0.32967820
37.52708435	0.20390600
37.55092621	0.15975830
37.57476807	0.06226291
37.59860992	0.06984786
37.62245178	0.12165950
37.64629364	0.16245080
37.67013550	0.13889150
37.69397736	0.08991931
37.71781921	0.04598634
37.74166107	0.06736572
37.76550293	0.09919044
37.78934479	0.09885883
37.81318665	0.08107988
37.83702850	0.02228304
37.86087036	0.05768727
37.88471222	0.06321386
37.90855408	0.06300061
37.93239594	0.09065706
37.95623779	0.08810163
37.98007965	0.13195900
38.00392151	0.23711000
38.02776337	0.16678430
38.05160522	0.15351740
38.07544708	0.05128115
38.09928894	0.06909086
38.12313080	0.10852470
38.14697266	0.16088650
38.17081451	0.14319670
38.19465637	0.10115730
38.21849823	0.04912147
38.24234009	0.07272059
38.26618195	0.09581628
38.29002380	0.10931280
38.31386566	0.09936985
38.33770752	0.02289831
38.36154938	0.05629336
38.38539124	0.07041825
38.40923309	0.06974626
38.43307495	0.08854903
38.45691681	0.08305167
38.48075867	0.08211683
38.50460052	0.15952240
38.52844238	0.14290280
38.55228424	0.14686740
38.57612610	0.05264461
38.59996796	0.05127856
38.62380981	0.09025724
38.64765167	0.15727390
38.67149353	0.15459480
38.69533539	0.12297450
38.71917725	0.05276135
38.74301910	0.06069705
38.76686096	0.08596290
38.79070282	0.13580180
38.81454468	0.14124760
38.83838654	0.03583656
38.86222839	0.05249660
38.88607025	0.07930312
38.90991211	0.07224308
38.93375397	0.09194236
38.95759583	0.09485941
38.98143768	0.04281675
39.00527954	0.07991917
39.02912140	0.13180670
39.05296326	0.15040610
39.07680511	0.05492162
39.10064697	0.05345729
39.12448883	0.09081656
39.14833069	0.15121810
39.17217255	0.14076890
39.19601440	0.11246870
39.21985626	0.04338403
39.24369812	0.05654554
39.26753998	0.08412516
39.29138184	0.17256000
39.31522369	0.18306570
39.33906555	0.05770339
39.36290741	0.06183926
39.38674927	0.08600451
39.41059113	0.07294016
39.43443298	0.08724286
39.45827484	0.09378029
39.48211670	0.05223620
39.50595856	0.05033462
39.52980042	0.13572550
39.55364227	0.14659670
39.57748413	0.04765042
39.60132599	0.04513312
39.62516785	0.07614086
39.64900970	0.15308440
39.67285156	0.18504800
39.69669342	0.18904570
39.72053528	0.08924539
39.74437714	0.03567925
39.76821899	0.07081014
39.79206085	0.18700050
39.81590271	0.19876100
39.83974457	0.06060905
39.86358643	0.06064624
39.88742828	0.09285664
39.91127014	0.08651942
39.93511200	0.09821188
39.95895386	0.10510800
39.98279572	0.08823387
40.00663757	0.07051457
40.03047943	0.13186900
40.05432129	0.14022840
40.07816315	0.05426143
40.10200500	0.02849602
40.12584686	0.06662453
40.14968872	0.15015140
40.17353058	0.15505470
40.19737244	0.13473030
40.22121429	0.05075077
40.24505615	0.03854468
40.26889801	0.07008534
40.29273987	0.22202290
40.31658173	0.23788170
40.34042358	0.08750916
40.36426544	0.07233655
40.38810730	0.10261320
40.41194916	0.08031028
40.43579102	0.07783670
40.45963287	0.09584896
40.48347473	0.12334110
40.50731659	0.12595580
40.53115845	0.14701430
40.55500031	0.13191170
40.57884216	0.03968574
40.60268402	0.01620715
40.62652588	0.06532236
40.65036774	0.15269460
40.67420959	0.16323840
40.69805145	0.14599970
40.72189331	0.04975840
40.74573517	0.04143607
40.76957703	0.08012473
40.79341888	0.24619460
40.81726074	0.25174420
40.84110260	0.08719236
40.86494446	0.07202629
40.88878632	0.09559441
40.91262817	0.07816448
40.93647003	0.07914621
40.96031189	0.10975160
40.98415375	0.16205230
41.00799561	0.16212160
41.03183746	0.15190830
41.05567932	0.12885080
41.07952118	0.04275723
41.10336304	0.00256126
41.12720490	0.04926284
41.15104675	0.13894280
41.17488861	0.15045990
41.19873047	0.14157000
41.22257233	0.05178525
41.24641418	0.05040917
41.27025604	0.08110987
41.29409790	0.28297030
41.31793976	0.29018790
41.34178162	0.10903370
41.36562347	0.08550817
41.38946533	0.10944260
41.41330719	0.09397227
41.43714905	0.08218526
41.46099091	0.10957710
41.48483276	0.18371790
41.50867462	0.18823860
41.53251648	0.14587630
41.55635834	0.11792700
41.58020020	0.04124261
41.60404205	0.01296081
41.62788391	0.04896542
41.65172577	0.12845790
41.67556763	0.15412640
41.69940948	0.15392510
41.72325134	0.05997861
41.74709320	0.03537361
41.77093506	0.09821086
41.79477692	0.31205870
41.81861877	0.32052030
41.84246063	0.13681730
41.86630249	0.10306960
41.89014435	0.11750060
41.91398621	0.10463700
41.93782806	0.08845608
41.96166992	0.11890070
41.98551178	0.21085840
42.00935364	0.21047050
42.03319550	0.14209640
42.05703735	0.10246310
42.08087921	0.03368909
42.10472107	0.01989955
42.12856293	0.05236701
42.15240479	0.12831370
42.17624664	0.15198640
42.20008850	0.14668630
42.22393036	0.06324960
42.24777222	0.04973134
42.27161407	0.08815634
42.29545593	0.32256560
42.31929779	0.32738520
42.34313965	0.14219360
42.36698151	0.11648260
42.39082336	0.13346230
42.41466522	0.11624700
42.43850708	0.09053640
42.46234894	0.12809490
42.48619080	0.23463320
42.51003265	0.22772450
42.53387451	0.13709420
42.55771637	0.09041558
42.58155823	0.03004294
42.60540009	0.02974940
42.62924194	0.06213969
42.65308380	0.12055060
42.67692566	0.14730840
42.70076752	0.15129220
42.72460938	0.07629965
42.74845123	0.04858366
42.77229309	0.09754577
42.79613495	0.33589200
42.81997681	0.32907400
42.84381866	0.14342970
42.86766052	0.11490980
42.89150238	0.12827030
42.91534424	0.11206390
42.93918610	0.07857820
42.96302795	0.12116180
42.98686981	0.24896340
43.01071167	0.24763180
43.03455353	0.13318730
43.05839539	0.07383380
43.08223724	0.03383857
43.10607910	0.04806230
43.12992096	0.06202992
43.15376282	0.11152210
43.17760468	0.14133190
43.20144653	0.15154500
43.22528839	0.08919738
43.24913025	0.05655871
43.27297211	0.10767380
43.29681396	0.35808390
43.32065582	0.34933990
43.34449768	0.16436660
43.36833954	0.12457020
43.39218140	0.12429730
43.41602325	0.11112870
43.43986511	0.06948587
43.46370697	0.11858830
43.48754883	0.25798310
43.51139069	0.24736600
43.53523254	0.12190090
43.55907440	0.07258254
43.58291626	0.04418279
43.60675812	0.05870432
43.63059998	0.08183224
43.65444183	0.12571190
43.67828369	0.15344070
43.70212555	0.16091850
43.72596741	0.10524550
43.74980927	0.06828894
43.77365112	0.12872900
43.79749298	0.39136910
43.82133484	0.37220340
43.84517670	0.18320040
43.86901855	0.13726000
43.89286041	0.12823920
43.91670227	0.11647920
43.94054413	0.07061691
43.96438599	0.11038390
43.98822784	0.24755070
44.01206970	0.23561530
44.03591156	0.11252520
44.05975342	0.06318317
44.08359528	0.05031478
44.10743713	0.07405408
44.13127899	0.08002112
44.15512085	0.09020577
44.17896271	0.12760980
44.20280457	0.15163780
44.22664642	0.09993675
44.25048828	0.05724257
44.27433014	0.13335690
44.29817200	0.39501600
44.32201385	0.36961230
44.34585571	0.19707080
44.36969757	0.14757420
44.39353943	0.12053000
44.41738129	0.11607820
44.44122314	0.06956198
44.46506500	0.10279350
44.48890686	0.24102690
44.51274872	0.21918620
44.53659058	0.08529741
44.56043243	0.04117876
44.58427429	0.04235216
44.60811615	0.07884649
44.63195801	0.08600666
44.65579987	0.09993675
44.67964172	0.13492580
44.70348358	0.14652060
44.72732544	0.11363460
44.75116730	0.07316958
44.77500916	0.13674650
44.79885101	0.40496590
44.82269287	0.37950270
44.84653473	0.21351790
44.87037659	0.15606910
44.89421844	0.12742960
44.91806030	0.12187560
44.94190216	0.07160920
44.96574402	0.10287260
44.98958588	0.23122080
45.01342773	0.20351190
45.03726959	0.07603429
45.06111145	0.04168832
45.08495331	0.05976830
45.10879517	0.09314005
45.13263702	0.08658572
45.15647888	0.09170097
45.18032074	0.14013550
45.20416260	0.15535600
45.22800446	0.11861700
45.25184631	0.07573526
45.27568817	0.14096840
45.29953003	0.40569710
45.32337189	0.37680510
45.34721375	0.22723730
45.37105560	0.15997920
45.39489746	0.11699510
45.41873932	0.12624910
45.44258118	0.08245786
45.46642303	0.10251060
45.49026489	0.22290720
45.51410675	0.19316300
45.53794861	0.07666218
45.56179047	0.05366734
45.58563232	0.07396648
45.60947418	0.10343230
45.63331604	0.09651892
45.65715790	0.08102353
45.68099976	0.11507210
45.70484161	0.13846400
45.72868347	0.12467800
45.75252533	0.07439048
45.77636719	0.15549690
45.80020905	0.41299460
45.82405090	0.37967300
45.84789276	0.24774580
45.87173462	0.16584790
45.89557648	0.10920340
45.91941833	0.12481120
45.94326019	0.08018862
45.96710205	0.09262404
45.99094391	0.20238880
46.01478577	0.16513850
46.03862762	0.05993451
46.06246948	0.04971101
46.08631134	0.07100677
46.11015320	0.09555290
46.13399506	0.07864197
46.15783691	0.06195115
46.18167877	0.11565090
46.20552063	0.14953550
46.22936249	0.13587740
46.25320435	0.07831071
46.27704620	0.16087160
46.30088806	0.40622170
46.32472992	0.37673060
46.34857178	0.26647840
46.37241364	0.17297920
46.39625549	0.11082930
46.42009735	0.12934700
46.44393921	0.08975473
46.46778107	0.08825864
46.49162292	0.17724550
46.51546478	0.14098910
46.53930664	0.05883823
46.56314850	0.05745187
46.58699036	0.07475067
46.61083221	0.09637816
46.63467407	0.08167505
46.65851593	0.06276515
46.68235779	0.11960260
46.70619965	0.15141320
46.73004150	0.14866370
46.75388336	0.09081499
46.77772522	0.15677000
46.80156708	0.40405740
46.82540894	0.38287340
46.84925079	0.29024450
46.87309265	0.17991700
46.89693451	0.09709096
46.92077637	0.12657130
46.94461823	0.09462040
46.96846008	0.08892032
46.99230194	0.15882060
47.01614380	0.12151660
47.03998566	0.05883311
47.06382751	0.05860434
47.08766937	0.07524294
47.11151123	0.09664334
47.13535309	0.07526052
47.15919495	0.04906865
47.18303680	0.10993480
47.20687866	0.14303230
47.23072052	0.13477710
47.25456238	0.07492150
47.27840424	0.17524850
47.30224609	0.39421180
47.32608795	0.36388960
47.34992981	0.29548260
47.37377167	0.17149390
47.39761353	0.10000820
47.42145538	0.14063580
47.44529724	0.10698740
47.46913910	0.08300742
47.49298096	0.13256490
47.51682281	0.10300140
47.54066467	0.06552866
47.56450653	0.06196715
47.58834839	0.07591027
47.61219025	0.10405980
47.63603210	0.08338758
47.65987396	0.05052767
47.68371582	0.10914910
47.70755768	0.15177550
47.73139954	0.15575410
47.75524139	0.09064102
47.77908325	0.16718320
47.80292511	0.37811760
47.82676697	0.36879900
47.85060883	0.32416910
47.87445068	0.17692310
47.89829254	0.09657155
47.92213440	0.14508470
47.94597626	0.11926720
47.96981812	0.08416058
47.99365997	0.10401870
48.01750183	0.08575980
48.04134369	0.08042447
48.06518555	0.07789267
48.08902740	0.08094976
48.11286926	0.09169173
48.13671112	0.06915705
48.16055298	0.05322044
48.18439484	0.09625035
48.20823669	0.13753100
48.23207855	0.15069850
48.25592041	0.08795808
48.27976227	0.17214750
48.30360413	0.37218490
48.32744598	0.36777050
48.35128784	0.33719000
48.37512970	0.17561350
48.39897156	0.08548469
48.42281342	0.14209230
48.44665527	0.12559610
48.47049713	0.08238911
48.49433899	0.08099639
48.51818085	0.07968547
48.54202271	0.08643531
48.56586456	0.07587617
48.58970642	0.08081678
48.61354828	0.09761305
48.63739014	0.07597175
48.66123199	0.06335722
48.68507385	0.08698488
48.70891571	0.12778040
48.73275757	0.14516100
48.75659943	0.08597666
48.78044128	0.17639940
48.80428314	0.35654840
