Частота	A * B
(kГц)	(?)

0.00000000	4.27988100
0.02384186	1.86183800
0.04768372	0.36160610
0.07152557	0.03852011
0.09536743	0.09405827
0.11920929	0.08879982
0.14305115	0.08132765
0.16689301	0.02211317
0.19073486	0.09462322
0.21457672	0.11041320
0.23841858	0.08698509
0.26226044	0.05343022
0.28610229	0.09067864
0.30994415	0.24281330
0.33378601	0.31146290
0.35762787	0.25360190
0.38146973	0.11526290
0.40531158	0.02974558
0.42915344	0.10113770
0.45299530	0.11828330
0.47683716	0.08274750
0.50067902	0.03640998
0.52452087	0.06738005
0.54836273	0.11113840
0.57220459	0.09381627
0.59604645	0.02724539
0.61988831	0.11012440
0.64373016	0.23818150
0.66757202	0.29970100
0.69141388	0.24869050
0.71525574	0.11087040
0.73909760	0.04026746
0.76293945	0.08548578
0.78678131	0.11971420
0.81062317	0.10365950
0.83446503	0.02213217
0.85830688	0.08123065
0.88214874	0.09982803
0.90599060	0.10200200
0.92983246	0.04432892
0.95367432	0.18865980
0.97751617	0.77927370
1.00135803	1.17062700
1.02519989	0.73176870
1.04904175	0.18121370
1.07288361	0.03518157
1.09672546	0.08955318
1.12056732	0.10221730
1.14440918	0.11036930
1.16825104	0.03224705
1.19209290	0.08900867
1.21593475	0.10256950
1.23977661	0.07971891
1.26361847	0.04995115
1.28746033	0.08195494
1.31130219	0.23464050
1.33514404	0.31148490
1.35898590	0.26622830
1.38282776	0.13647670
1.40666962	0.02323263
1.43051147	0.10097680
1.45435333	0.11245090
1.47819519	0.08625663
1.50203705	0.04231710
1.52587891	0.06559028
1.54972076	0.10710040
1.57356262	0.08658992
1.59740448	0.04304386
1.62124634	0.07397736
1.64508820	0.21626390
1.66893005	0.29712730
1.69277191	0.25830360
1.71661377	0.12534630
1.74045563	0.04005282
1.76429749	0.08993690
1.78813934	0.11841410
1.81198120	0.09575471
1.83582306	0.03029425
1.85966492	0.05591216
1.88350677	0.09154805
1.90734863	0.10020890
1.93119049	0.04569443
1.95503235	0.17728370
1.97887421	0.70558260
2.00271606	1.01913300
2.02655792	0.63115270
2.05039978	0.17235810
2.07424164	0.03713603
2.09808350	0.09938096
2.12192535	0.11455630
2.14576721	0.10900960
2.16960907	0.02400490
2.19345093	0.07855042
2.21729279	0.08519027
2.24113464	0.07648409
2.26497650	0.05298468
2.28881836	0.08046915
2.31266022	0.24299640
2.33650208	0.32907290
2.36034393	0.28437420
2.38418579	0.14401460
2.40802765	0.02701614
2.43186951	0.10373700
2.45571136	0.11075600
2.47955322	0.09287500
2.50339508	0.04434779
2.52723694	0.06763869
2.55107880	0.10682260
2.57492065	0.07496622
2.59876251	0.04489245
2.62260437	0.06163424
2.64644623	0.20521260
2.67028809	0.29666930
2.69412994	0.27345720
2.71797180	0.15184790
2.74181366	0.03255141
2.76565552	0.08118182
2.78949738	0.11345090
2.81333923	0.08577814
2.83718109	0.03412095
2.86102295	0.05935770
2.88486481	0.09785709
2.90870667	0.10393540
2.93254852	0.07191484
2.95639038	0.12483860
2.98023224	0.54651480
3.00407410	0.78379090
3.02791595	0.50932370
3.05175781	0.17588910
3.07559967	0.04144822
3.09944153	0.08219737
3.12328339	0.10583260
3.14712524	0.10972050
3.17096710	0.03194822
3.19480896	0.07137383
3.21865082	0.08038308
3.24249268	0.07185300
3.26633453	0.05436690
3.29017639	0.06617882
3.31401825	0.22424000
3.33786011	0.32775820
3.36170197	0.30517540
3.38554382	0.16778320
3.40938568	0.01980394
3.43322754	0.09046050
3.45706940	0.09896214
3.48091125	0.09517860
3.50475311	0.05077086
3.52859497	0.06126377
3.55243683	0.09748031
3.57627869	0.06649654
3.60012054	0.04624641
3.62396240	0.04042794
3.64780426	0.19382850
3.67164612	0.28755650
3.69548798	0.27173750
3.71932983	0.15780470
3.74317169	0.03135043
3.76701355	0.08920542
3.79085541	0.12221420
3.81469727	0.10335520
3.83853912	0.05934630
3.86238098	0.04239702
3.88622284	0.09969187
3.91006470	0.08937616
3.93390656	0.03909213
3.95774841	0.09452213
3.98159027	0.33683960
4.00543213	0.47917630
4.02927399	0.35878050
4.05311584	0.16976020
4.07695770	0.03521514
4.10079956	0.08597429
4.12464142	0.12777750
4.14848328	0.12390090
4.17232513	0.04502936
4.19616699	0.06495633
4.22000885	0.07867254
4.24385071	0.08311286
4.26769257	0.06496722
4.29153442	0.05913483
4.31537628	0.21870930
4.33921814	0.32952640
4.36306000	0.31042950
4.38690186	0.17331870
4.41074371	0.03003408
4.43458557	0.08990091
4.45842743	0.10024630
4.48226929	0.10759520
4.50611115	0.06170162
4.52995300	0.05775352
4.55379486	0.09211957
4.57763672	0.06218880
4.60147858	0.05392750
4.62532043	0.04927585
4.64916229	0.21802500
4.67300415	0.31200260
4.69684601	0.29168370
4.72068787	0.17140350
4.74452972	0.03249442
4.76837158	0.08988901
4.79221344	0.11447040
4.81605530	0.09445482
4.83989716	0.06282235
4.86373901	0.03943399
4.88758087	0.08856498
4.91142273	0.06772187
4.93526459	0.02938628
4.95910645	0.02418625
4.98294830	0.07204503
5.00679016	0.18459790
5.03063202	0.24675060
5.05447388	0.17329660
5.07831573	0.04782054
5.10215759	0.07235524
5.12599945	0.11841570
5.14984131	0.11332290
5.17368317	0.04411494
5.19752502	0.05134847
5.22136688	0.06676855
5.24520874	0.07225163
5.26905060	0.05180766
5.29289246	0.05970108
5.31673431	0.19114920
5.34057617	0.29990900
5.36441803	0.30154590
5.38825989	0.18503540
5.41210175	0.03883317
5.43594360	0.08075351
5.45978546	0.10528420
5.48362732	0.11918820
5.50746918	0.06666566
5.53131104	0.05530529
5.55515289	0.08034952
5.57899475	0.05696207
5.60283661	0.06125588
5.62667847	0.03540323
5.65052032	0.21784320
5.67436218	0.31912850
5.69820404	0.31556390
5.72204590	0.20358210
5.74588776	0.05739841
5.76972961	0.08539810
5.79357147	0.11369290
5.81741333	0.10279530
5.84125519	0.07703651
5.86509705	0.02606625
5.88893890	0.07749707
5.91278076	0.05328748
5.93662262	0.03083492
5.96046448	0.07886398
5.98430634	0.23455930
6.00814819	0.25087570
6.03199005	0.19973280
6.05583191	0.18085520
6.07967377	0.05297354
6.10351563	0.06590133
6.12735748	0.11609790
6.15119934	0.11185260
6.17504120	0.05713776
6.19888306	0.03495948
6.22272491	0.06435776
6.24656677	0.06063315
6.27040863	0.04472700
6.29425049	0.05912980
6.31809235	0.17670730
6.34193420	0.28006120
6.36577606	0.28741230
6.38961792	0.18688790
6.41345978	0.04608748
6.43730164	0.07843474
6.46114349	0.11154260
6.48498535	0.11755230
6.50882721	0.06077361
6.53266907	0.04723485
6.55651093	0.05874327
6.58035278	0.04228630
6.60419464	0.05495355
6.62803650	0.04009775
6.65187836	0.21325830
6.67572021	0.29730620
6.69956207	0.29000110
6.72340393	0.19292190
6.74724579	0.05247429
6.77108765	0.08353523
6.79492950	0.11063490
6.81877136	0.10324580
6.84261322	0.07963012
6.86645508	0.02098043
6.89029694	0.06596565
6.91413879	0.03255633
6.93798065	0.03397785
6.96182251	0.18468210
6.98566437	0.52295130
7.00950623	0.52244710
7.03334808	0.22652540
7.05718994	0.19569650
7.08103180	0.06868230
7.10487366	0.06161961
7.12871552	0.11248850
7.15255737	0.09942194
7.17639923	0.05935423
7.20024109	0.03299914
7.22408295	0.06675727
7.24792480	0.06427992
7.27176666	0.05655480
7.29560852	0.03999525
7.31945038	0.13787680
7.34329224	0.23733450
7.36713409	0.27236960
7.39097595	0.20161030
7.41481781	0.07047971
7.43865967	0.05591469
7.46250153	0.09680393
7.48634338	0.11152920
7.51018524	0.06751991
7.53402710	0.03693600
7.55786896	0.05390291
7.58171082	0.04458938
7.60555267	0.05453964
7.62939453	0.06967895
7.65323639	0.23345420
7.67707825	0.29522450
7.70092010	0.28961850
7.72476196	0.20324210
7.74860382	0.06312600
7.77244568	0.06474618
7.79628754	0.09207264
7.82012939	0.09180774
7.84397125	0.07428595
7.86781311	0.02396461
7.89165497	0.06867379
7.91549683	0.02945534
7.93933868	0.04694147
7.96318054	0.29879710
7.98702240	0.79727840
8.01086426	0.77034500
8.03470612	0.28482630
8.05854797	0.20691630
8.08238983	0.07551173
8.10623169	0.05418896
8.13007355	0.09694609
8.15391541	0.08502054
8.17775726	0.07228380
8.20159912	0.03130079
8.22544098	0.05016422
8.24928284	0.04833447
8.27312469	0.05507738
8.29696655	0.00907247
8.32080841	0.08336661
8.34465027	0.19038200
8.36849213	0.25149680
8.39233398	0.21097440
8.41617584	0.09000732
8.44001770	0.04027933
8.46385956	0.10016410
8.48770142	0.11452760
8.51154327	0.06739412
8.53538513	0.03944671
8.55922699	0.03867365
8.58306885	0.02992939
8.60691071	0.07487385
8.63075256	0.07303993
8.65459442	0.21404070
8.67843628	0.28512930
8.70227814	0.29570460
8.72612000	0.21804410
8.74996185	0.08409066
8.77380371	0.05499075
8.79764557	0.09762183
8.82148743	0.11266890
8.84532928	0.08773486
8.86917114	0.01688413
8.89301300	0.05228127
8.91685486	0.01900502
8.94069672	0.06356005
8.96453857	0.40260040
8.98838043	1.00145100
9.01222229	0.92123550
9.03606415	0.32022650
9.05990601	0.21861690
9.08374786	0.08995606
9.10758972	0.04408262
9.13143158	0.09289246
9.15527344	0.08954508
9.17911530	0.07889644
9.20295715	0.02116814
9.22679901	0.05350274
9.25064087	0.03157917
9.27448273	0.06435664
9.29832458	0.02957785
9.32216644	0.04638609
9.34600830	0.15303940
9.36985016	0.23599230
9.39369202	0.21336370
9.41753387	0.09350780
9.44137573	0.03947573
9.46521759	0.09546275
9.48905945	0.09978775
9.51290131	0.06159013
9.53674316	0.02735066
9.56058502	0.02241071
9.58442688	0.01634471
9.60826874	0.07961796
9.63211060	0.07550029
9.65595245	0.18135770
9.67979431	0.22909390
9.70363617	0.26642160
9.72747803	0.21962850
9.75131989	0.09191822
9.77516174	0.04442514
9.79900360	0.08397456
9.82284546	0.09230982
9.84668732	0.06803050
9.87052917	0.01853169
9.89437103	0.04657895
9.91821289	0.01314825
9.94205475	0.08986337
9.96589661	0.48958110
9.98973846	1.12133300
10.01358032	0.97482760
10.03742218	0.31777990
10.06126404	0.21706310
10.08510590	0.09633178
10.10894775	0.04031200
10.13278961	0.09596664
10.15663147	0.08757159
10.18047333	0.07367790
10.20431519	0.00821507
10.22815704	0.06151346
10.25199890	0.02861571
10.27584076	0.07218998
10.29968262	0.06329304
10.32352448	0.06937469
10.34736633	0.13073240
10.37120819	0.22929720
10.39505005	0.22921810
10.41889191	0.10905540
10.44273376	0.03346802
10.46657562	0.09243178
10.49041748	0.09034879
10.51425934	0.05785838
10.53810120	0.03147253
10.56194305	0.02976911
10.58578491	0.02627744
10.60962677	0.10908560
10.63346863	0.07543842
10.65731049	0.12789610
10.68115234	0.18384370
10.70499420	0.23995710
10.72883606	0.21826140
10.75267792	0.11148340
10.77651978	0.03183258
10.80036163	0.07081237
10.82420349	0.08831604
10.84804535	0.06496673
10.87188721	0.01919260
10.89572906	0.03984994
10.91957092	0.00214127
10.94341278	0.11472310
10.96725464	0.54374390
10.99109650	1.14209800
11.01493835	0.94101350
11.03878021	0.31737890
11.06262207	0.21252990
11.08646393	0.10010860
11.11030579	0.03357474
11.13414764	0.08156798
11.15798950	0.08755746
11.18183136	0.08026356
11.20567322	0.01723095
11.22951508	0.03897563
11.25335693	0.04114287
11.27719879	0.10073130
11.30104065	0.13237110
11.32488251	0.14221220
11.34872437	0.13390580
11.37256622	0.20741380
11.39640808	0.21583890
11.42024994	0.11010040
11.44409180	0.02804141
11.46793365	0.07606810
11.49177551	0.07104338
11.51561737	0.04909719
11.53945923	0.02914586
11.56330109	0.02965780
11.58714294	0.02667744
11.61098480	0.12163290
11.63482666	0.08513051
11.65866852	0.05767670
11.68251038	0.13171320
11.70635223	0.21314540
11.73019409	0.21224470
11.75403595	0.11557660
11.77787781	0.02877664
11.80171967	0.07008051
11.82556152	0.08232444
11.84940338	0.05727622
11.87324524	0.02410958
11.89708710	0.01393681
11.92092896	0.01799299
11.94477081	0.14292020
11.96861267	0.53987000
11.99245453	1.03162300
12.01629639	0.80396420
12.04013824	0.28098990
12.06398010	0.21526020
12.08782196	0.11931650
12.11166382	0.03241585
12.13550568	0.06538795
12.15934753	0.07655653
12.18318939	0.07925078
12.20703125	0.01967546
12.23087311	0.03993615
12.25471497	0.03378129
12.27855682	0.11176960
12.30239868	0.19096190
12.32624054	0.20824700
12.35008240	0.16411420
12.37392426	0.20806450
12.39776611	0.22423430
12.42160797	0.12358560
12.44544983	0.02324858
12.46929169	0.07303131
12.49313354	0.07099860
12.51697540	0.05519816
12.54081726	0.02890610
12.56465912	0.02930638
12.58850098	0.02866778
12.61234283	0.14871680
12.63618469	0.13163920
12.66002655	0.07396500
12.68386841	0.10951940
12.70771027	0.19579930
12.73155212	0.21740410
12.75539398	0.12672880
12.77923584	0.02188046
12.80307770	0.06474035
12.82691956	0.08378401
12.85076141	0.06198089
12.87460327	0.02809413
12.89844513	0.00859065
12.92228699	0.02726715
12.94612885	0.17876520
12.96997070	0.48554550
12.99381256	0.80818430
13.01765442	0.59369830
13.04149628	0.24186000
13.06533813	0.20906820
13.08917999	0.12127050
13.11302185	0.02556305
13.13686371	0.05818369
13.16070557	0.07186998
13.18454742	0.06925291
13.20838928	0.01171706
13.23223114	0.03599259
13.25607300	0.03992844
13.27991486	0.13876660
13.30375671	0.26405370
13.32759857	0.27014090
13.35144043	0.19150770
13.37528229	0.21294040
13.39912415	0.22319050
13.42296600	0.12287580
13.44680786	0.02626302
13.47064972	0.06513309
13.49449158	0.06626461
13.51833344	0.06303820
13.54217529	0.03439886
13.56601715	0.02552564
13.58985901	0.05229469
13.61370087	0.18257690
13.63754272	0.21798870
13.66138458	0.19746110
13.68522644	0.13099690
13.70906830	0.17781150
13.73291016	0.21253570
13.75675201	0.12513000
13.78059387	0.02084256
13.80443573	0.06713200
13.82827759	0.07339095
13.85211945	0.05105395
13.87596130	0.03488489
13.89980316	0.01388473
13.92364502	0.03083948
13.94748688	0.20895340
13.97132874	0.39615780
13.99517059	0.49199230
14.01901245	0.33352670
14.04285431	0.21425000
14.06669617	0.22254010
14.09053802	0.14789500
14.11437988	0.03161891
14.13822174	0.05194965
14.16206360	0.06833241
14.18590546	0.05970389
14.20974731	0.01059910
14.23358917	0.02155596
14.25743103	0.05724884
14.28127289	0.17788100
14.30511475	0.33657240
14.32895660	0.31497010
14.35279846	0.19951930
14.37664032	0.19104040
14.40048218	0.21076870
14.42432404	0.13297050
14.44816589	0.03762863
14.47200775	0.05179793
14.49584961	0.05736497
14.51969147	0.05848809
14.54353333	0.02946454
14.56737518	0.02847040
14.59121704	0.04595394
14.61505890	0.19023740
14.63890076	0.32465450
14.66274261	0.34603240
14.68658447	0.18928840
14.71042633	0.16563580
14.73426819	0.20935230
14.75811005	0.14003930
14.78195190	0.03611928
14.80579376	0.05691920
14.82963562	0.06394672
14.85347748	0.04521159
14.87731934	0.03191155
14.90116119	0.00745614
14.92500305	0.02896611
14.94884491	0.21655120
14.97268677	0.25340830
14.99652863	0.10558040
15.02037048	0.08594640
15.04421234	0.16614970
15.06805420	0.19865230
15.09189606	0.13860490
15.11573792	0.02900147
15.13957977	0.05084984
15.16342163	0.06886753
15.18726349	0.05812764
15.21110535	0.01847985
15.23494720	0.01651755
15.25878906	0.05152258
15.28263092	0.20796190
15.30647278	0.39935510
15.33031464	0.33894210
15.35415649	0.19202130
15.37799835	0.17792800
15.40184021	0.19671160
15.42568207	0.12752360
15.44952393	0.02666131
15.47336578	0.03888882
15.49720764	0.04660227
15.52104950	0.05399791
15.54489136	0.04117331
15.56873322	0.01441399
15.59257507	0.06335667
15.61641693	0.23546200
15.64025879	0.46987380
15.66410065	0.49572950
15.68794250	0.24357570
15.71178436	0.15604100
15.73562622	0.19992680
15.75946808	0.13824600
15.78330994	0.04473493
15.80715179	0.03950138
15.83099365	0.04289546
15.85483551	0.03131172
15.87867737	0.02701773
15.90251923	0.01126134
15.92636108	0.03891920
15.95020294	0.22228800
15.97404480	0.25923870
15.99788666	0.44748250
16.02172852	0.31260980
16.04557037	0.13360710
16.06941223	0.19065230
16.09325409	0.14280940
16.11709595	0.03666971
16.14093781	0.04208209
16.16477966	0.05544677
16.18862152	0.03331767
16.21246338	0.00775394
16.23630524	0.01432557
16.26014709	0.05256628
16.28398895	0.26258150
16.30783081	0.46634160
16.33167267	0.33716460
16.35551453	0.15506260
16.37935638	0.15182450
16.40319824	0.17878690
16.42704010	0.13406760
16.45088196	0.04202184
16.47472382	0.04195575
16.49856567	0.04723859
16.52240753	0.04411994
16.54624939	0.02058402
16.57009125	0.02970669
16.59393311	0.06420536
16.61777496	0.27931800
16.64161682	0.64013680
16.66545868	0.65884480
16.68930054	0.29904280
16.71314240	0.15966510
16.73698425	0.20082800
16.76082611	0.13794160
16.78466797	0.02943802
16.80850983	0.05027197
16.83235168	0.04930519
16.85619354	0.03286180
16.88003540	0.02461907
16.90387726	0.01998309
16.92771912	0.05561874
16.95156097	0.23465880
16.97540283	0.49759550
16.99924469	0.96849280
17.02308655	0.60481150
17.04692841	0.11159390
17.07077026	0.17978420
17.09461212	0.14179200
17.11845398	0.04686816
17.14229584	0.02370875
17.16613770	0.03851600
17.18997955	0.03121393
17.21382141	0.01214490
17.23766327	0.00994823
17.26150513	0.05548654
17.28534698	0.30637900
17.30918884	0.51444200
17.33303070	0.32210540
17.35687256	0.11697490
17.38071442	0.13698620
17.40455627	0.17670690
17.42839813	0.14456620
17.45223999	0.05087505
17.47608185	0.02488163
17.49992371	0.04043321
17.52376556	0.04144004
17.54760742	0.02458862
17.57144928	0.01836094
17.59529114	0.08011758
17.61913300	0.33364130
17.64297485	0.79845390
17.66681671	0.78725400
17.69065857	0.32210370
17.71450043	0.14162880
17.73834229	0.17514780
17.76218414	0.12713790
17.78602600	0.04647065
17.80986786	0.02990652
17.83370972	0.03662521
17.85755157	0.02961289
17.88139343	0.02909496
17.90523529	0.02765593
17.92907715	0.05999781
17.95291901	0.21736050
17.97676086	0.83066500
18.00060272	1.50134300
18.02444458	0.87878230
18.04828644	0.11143420
18.07212830	0.16129100
18.09597015	0.12946910
18.11981201	0.05170688
18.14365387	0.02773415
18.16749573	0.04465458
18.19133759	0.03367103
18.21517944	0.01601685
18.23902130	0.01254087
18.26286316	0.03932150
18.28670502	0.33670830
18.31054688	0.54350270
18.33438873	0.28814170
18.35823059	0.07231359
18.38207245	0.10043000
18.40591431	0.15084670
18.42975616	0.13273180
18.45359802	0.04448627
18.47743988	0.02904561
18.50128174	0.03252007
18.52512360	0.03006006
18.54896545	0.02223953
18.57280731	0.01693010
18.59664917	0.06841240
18.62049103	0.40006190
18.64433289	0.98629950
18.66817474	0.92310090
18.69201660	0.34179620
18.71585846	0.11919120
18.73970032	0.15040500
18.76354218	0.12173640
18.78738403	0.05245233
18.81122589	0.01904745
18.83506775	0.02259993
18.85890961	0.02203579
18.88275146	0.03411446
18.90659332	0.02491298
18.93043518	0.06398793
18.95427704	0.24837550
18.97811890	1.19983800
19.00196075	1.98620500
19.02580261	1.08293100
19.04964447	0.09509230
19.07348633	0.16067600
19.09732819	0.13123840
19.12117004	0.04964617
19.14501190	0.02192620
19.16885376	0.01949796
19.19269562	0.02309817
19.21653748	0.02214048
19.24037933	0.01812700
19.26422119	0.05253987
19.28806305	0.37104150
19.31190491	0.53822770
19.33574677	0.24600150
19.35958862	0.10779110
19.38343048	0.07942142
19.40727234	0.13986200
19.43111420	0.12929690
19.45495605	0.04919107
19.47879791	0.01572981
19.50263977	0.02700219
19.52648163	0.03558399
19.55032349	0.03365032
19.57416534	0.00510480
19.59800720	0.06429414
19.62184906	0.46733850
19.64569092	1.13912000
19.66953278	1.00648200
19.69337463	0.33263270
19.71721649	0.10722970
19.74105835	0.14131850
19.76490021	0.12226470
19.78874207	0.05933651
19.81258392	0.01580161
19.83642578	0.01411233
19.86026764	0.02779157
19.88410950	0.04083453
19.90795135	0.02694885
19.93179321	0.07393955
19.95563507	0.29009940
19.97947693	1.57368000
20.00331879	2.41417300
20.02716064	1.23186400
20.05100250	0.08699168
20.07484436	0.14274450
20.09868622	0.12130330
20.12252808	0.05044729
20.14636993	0.00981135
20.17021179	0.01427026
20.19405365	0.01947478
20.21789551	0.02849666
20.24173737	0.02708235
20.26557922	0.04957024
20.28942108	0.37927460
20.31326294	0.50973190
20.33710480	0.25377500
20.36094666	0.19805740
20.38478851	0.06490231
20.40863037	0.13149470
20.43247223	0.13205700
20.45631409	0.05494277
20.48015594	0.01460117
20.50399780	0.02472593
20.52783966	0.02608623
20.55168152	0.02790151
20.57552338	0.00799023
20.59936523	0.06628203
20.62320709	0.54261480
20.64704895	1.27125300
20.67089081	1.05027900
20.69473267	0.30124670
20.71857452	0.09406714
20.74241638	0.13365160
20.76625824	0.12822660
20.79010010	0.06098493
20.81394196	0.01045846
20.83778381	0.02131448
20.86162567	0.03360598
20.88546753	0.05578924
20.90930939	0.03263899
20.93315125	0.07193909
20.95699310	0.37508960
20.98083496	1.91770500
21.00467682	2.74396800
21.02851868	1.31435000
21.05236053	0.07327669
21.07620239	0.13353290
21.10004425	0.12141790
21.12388611	0.05347743
21.14772797	0.00823771
21.17156982	0.01495880
21.19541168	0.01930002
21.21925354	0.04109053
21.24309540	0.04241223
21.26693726	0.05921368
21.29077911	0.39320180
21.31462097	0.47923080
21.33846283	0.31065030
21.36230469	0.27601660
21.38614655	0.05378778
21.40998840	0.10974030
21.43383026	0.11741400
21.45767212	0.05594134
21.48151398	0.00847891
21.50535583	0.01192467
21.52919769	0.04010810
21.55303955	0.04987537
21.57688141	0.03055866
21.60072327	0.05138086
21.62456512	0.60615010
21.64840698	1.36870800
21.67224884	1.06234600
21.69609070	0.26653370
21.71993256	0.05843328
21.74377441	0.10028080
21.76761627	0.11503640
21.79145813	0.05879374
21.81529999	0.01410348
21.83914185	0.00854054
21.86298370	0.03836189
21.88682556	0.06260173
21.91066742	0.03140639
21.93450928	0.05632940
21.95835114	0.47446480
21.98219299	2.21892000
22.00603485	2.95886100
22.02987671	1.32820200
22.05371857	0.07210508
22.07756042	0.10320970
22.10140228	0.10085610
22.12524414	0.06064187
22.14908600	0.01729667
22.17292786	0.01328303
22.19676971	0.04107426
22.22061157	0.06260575
22.24445343	0.05395961
22.26829529	0.05303216
22.29213715	0.36701940
22.31597900	0.42479540
22.33982086	0.40605140
22.36366272	0.34124410
22.38750458	0.03506267
22.41134644	0.10265940
22.43518829	0.11065490
22.45903015	0.04704300
22.48287201	0.00704036
22.50671387	0.00699751
22.53055573	0.03871045
22.55439758	0.05587674
22.57823944	0.04048965
22.60208130	0.05479727
22.62592316	0.67864690
22.64976501	1.43696000
22.67360687	1.03947500
22.69744873	0.23035480
22.72129059	0.04983257
22.74513245	0.09483361
22.76897430	0.11204870
22.79281616	0.05881495
22.81665802	0.00251463
22.84049988	0.00553036
22.86434174	0.04165393
22.88818359	0.06545507
22.91202545	0.03613521
22.93586731	0.04183202
22.95970917	0.58555510
22.98355103	2.44819300
23.00739288	3.06303900
23.03123474	1.29134600
23.05507660	0.05384564
23.07891846	0.10055370
23.10276031	0.10290600
23.12660217	0.05259197
23.15044403	0.01512441
23.17428589	0.01183040
23.19812775	0.02610221
23.22196960	0.06214898
23.24581146	0.05695108
23.26965332	0.05826163
23.29349518	0.33919410
23.31733704	0.37439540
23.34117889	0.52349160
23.36502075	0.41106110
23.38886261	0.04182205
23.41270447	0.08947267
23.43654633	0.09209349
23.46038818	0.04204421
23.48423004	0.00742440
23.50807190	0.00628401
23.53191376	0.04689866
23.55575562	0.07354492
23.57959747	0.06617277
23.60343933	0.04146172
23.62728119	0.69601950
23.65112305	1.41482800
23.67496490	0.95041010
23.69880676	0.18628810
23.72264862	0.04290776
23.74649048	0.05901306
23.77033234	0.09375583
23.79417419	0.05836375
23.81801605	0.01015655
23.84185791	0.01713615
23.86569977	0.03440693
23.88954163	0.07382076
23.91338348	0.05172855
23.93722534	0.03884084
23.96106720	0.69782410
23.98490906	2.63112000
24.00875092	3.09286200
24.03259277	1.23235000
24.05643463	0.05888887
24.08027649	0.06451372
24.10411835	0.08103671
24.12796021	0.04827074
24.15180206	0.00874248
24.17564392	0.01344757
24.19948578	0.04512993
24.22332764	0.08981999
24.24716949	0.07503267
24.27101135	0.05064657
24.29485321	0.28666240
24.31869507	0.34381640
24.34253693	0.62933180
24.36637878	0.46038100
24.39022064	0.05013324
24.41406250	0.09038091
24.43790436	0.09003204
24.46174622	0.04584275
24.48558807	0.00961535
24.50942993	0.01097567
24.53327179	0.04445343
24.55711365	0.07847043
24.58095551	0.07604234
24.60479736	0.04401150
24.62863922	0.71851210
24.65248108	1.36016300
24.67632294	0.84812870
24.70016479	0.19417500
24.72400665	0.05230867
24.74784851	0.06174156
24.77169037	0.08954104
24.79553223	0.03680901
24.81937408	0.00511515
24.84321594	0.00828493
24.86705780	0.07367481
24.89089966	0.08415443
24.91474152	0.09034996
24.93858337	0.16543640
24.96242523	3.92659900
24.98626709	13.42398000
25.01010895	14.93741000
25.03395081	5.68083500
25.05779266	0.36689140
25.08163452	0.03147256
25.10547638	0.08750442
25.12931824	0.02977188
25.15316010	0.00364024
25.17700195	0.00191970
25.20084381	0.05707195
25.22468567	0.10098860
25.24852753	0.08737124
25.27236938	0.05829037
25.29621124	0.23604580
25.32005310	0.35916790
25.34389496	0.73323610
25.36773682	0.49698960
25.39157867	0.05621986
25.41542053	0.06355575
25.43926239	0.06501406
25.46310425	0.04186377
25.48694611	0.01163858
25.51078796	0.00928272
25.53462982	0.03924413
25.55847168	0.08941393
25.58231354	0.09449653
25.60615540	0.04736251
25.62999725	0.71020630
25.65383911	1.25614900
25.67768097	0.71952540
25.70152283	0.20652740
25.72536469	0.05657476
25.74920654	0.05769725
25.77304840	0.07649683
25.79689026	0.03600192
25.82073212	0.00778702
25.84457397	0.00726474
25.86841583	0.05279922
25.89225769	0.09272243
25.91609955	0.08660612
25.93994141	0.08373266
25.96378326	0.84403680
25.98762512	2.61012100
26.01146698	2.72945600
26.03530884	0.97030340
26.05915070	0.06345253
26.08299255	0.03404336
26.10683441	0.07114447
26.13067627	0.04606970
26.15451813	0.00613363
26.17835999	0.00780575
26.20220184	0.04885358
26.22604370	0.11264620
26.24988556	0.10055390
26.27372742	0.04368910
26.29756927	0.16078660
26.32141113	0.40265730
26.34525299	0.79083470
26.36909485	0.49347530
26.39293671	0.04667788
26.41677856	0.04949376
26.44062042	0.05614437
26.46446228	0.04020676
26.48830414	0.01384156
26.51214600	0.01695045
26.53598785	0.05455121
26.55982971	0.10357130
26.58367157	0.11322100
26.60751343	0.05028789
26.63135529	0.65265930
26.65519714	1.08552300
26.67903900	0.57855740
26.70288086	0.23684060
26.72672272	0.06535536
26.75056458	0.04417975
26.77440643	0.06281092
26.79824829	0.03129228
26.82209015	0.00054395
26.84593201	0.00042367
26.86977386	0.05589729
26.89361572	0.09322540
26.91745758	0.09445778
26.94129944	0.10302360
26.96514130	0.85529540
26.98898315	2.41813500
27.01282501	2.38651600
27.03666687	0.80967840
27.06050873	0.06701297
27.08435059	0.02637659
27.10819244	0.06463596
27.13203430	0.03738429
27.15587616	0.02294458
27.17971802	0.01620440
27.20355988	0.04986466
27.22740173	0.11600670
27.25124359	0.09892740
27.27508545	0.05082236
27.29892731	0.11720300
27.32276917	0.44987750
27.34661102	0.81848730
27.37045288	0.47209520
27.39429474	0.04250221
27.41813660	0.03998336
27.44197845	0.04182675
27.46582031	0.03337388
27.48966217	0.02538931
27.51350403	0.01642146
27.53734589	0.05096566
27.56118774	0.11379800
27.58502960	0.12078710
27.60887146	0.06243088
27.63271332	0.58008870
27.65655518	0.88620840
27.68039703	0.44471660
27.70423889	0.27282420
27.72808075	0.07141465
27.75192261	0.03706741
27.77576447	0.04789118
27.79960632	0.01190401
27.82344818	0.02422767
27.84729004	0.02213145
27.87113190	0.05380500
27.89497375	0.11910060
27.91881561	0.13616650
27.94265747	0.13395880
27.96649933	0.83425770
27.99034119	2.17137400
28.01418304	2.02892400
28.03802490	0.66378070
28.06186676	0.06885379
28.08570862	0.01947515
28.10955048	0.05236749
28.13339233	0.02219536
28.15723419	0.01777402
28.18107605	0.00477229
28.20491791	0.05987434
28.22875977	0.12315260
28.25260162	0.11596030
28.27644348	0.07088140
28.30028534	0.11228660
28.32412720	0.51220890
28.34796906	0.83055430
28.37181091	0.44959680
28.39565277	0.04266632
28.41949463	0.01748605
28.44333649	0.02806987
28.46717834	0.02665900
28.49102020	0.02816335
28.51486206	0.01821917
28.53870392	0.05105044
28.56254578	0.12879790
28.58638763	0.14020940
28.61022949	0.05086282
28.63407135	0.47559000
28.65791321	0.68719170
28.68175507	0.35979330
28.70559692	0.28804980
28.72943878	0.07067888
28.75328064	0.02371277
28.77712250	0.03496604
28.80096436	0.01377125
28.82480621	0.01136776
28.84864807	0.01313643
28.87248993	0.05168669
28.89633179	0.11982530
28.92017365	0.15226060
28.94401550	0.15351770
28.96785736	0.78177020
28.99169922	1.87697800
29.01554108	1.66618000
29.03938293	0.53804140
29.06322479	0.07367180
29.08706665	0.02386098
29.11090851	0.04036548
29.13475037	0.02815408
29.15859222	0.01266801
29.18243408	0.00755833
29.20627594	0.05689971
29.23011780	0.12606740
29.25395966	0.13257430
29.27780151	0.09255283
29.30164337	0.14133210
29.32548523	0.53885890
29.34932709	0.79190060
29.37316895	0.40937780
29.39701080	0.04786407
29.42085266	0.01744303
29.44469452	0.03500198
29.46853638	0.03335640
29.49237823	0.01481792
29.51622009	0.01245029
29.54006195	0.05005683
29.56390381	0.13722650
29.58774567	0.15219230
29.61158752	0.06259334
29.63542938	0.34608620
29.65927124	0.45944370
29.68311310	0.33418220
29.70695496	0.31245610
29.73079681	0.05978777
29.75463867	0.02183030
29.77848053	0.03038125
29.80232239	0.01845972
29.82616425	0.01390632
29.85000610	0.01392669
29.87384796	0.05817926
29.89768982	0.13873550
29.92153168	0.17135370
29.94537354	0.16872710
29.96921539	0.70220710
29.99305725	1.54807000
30.01689911	1.30907300
30.04074097	0.42967380
30.06458282	0.07282161
30.08842468	0.01661085
30.11226654	0.03419167
30.13610840	0.02900468
30.15995026	0.02829519
30.18379211	0.01958453
30.20763397	0.04772354
30.23147583	0.12483590
30.25531769	0.14548220
30.27915955	0.11021110
30.30300140	0.16979720
30.32684326	0.53764490
30.35068512	0.72435340
30.37452698	0.35286970
30.39836884	0.05151761
30.42221069	0.01135138
30.44605255	0.01291499
30.46989441	0.03651061
30.49373627	0.04143730
30.51757813	0.02930851
30.54141998	0.05641127
30.56526184	0.14442840
30.58910370	0.16007060
30.61294556	0.09568486
30.63678741	0.23092470
30.66062927	0.26715150
30.68447113	0.33133080
30.70831299	0.30558090
30.73215485	0.05793652
30.75599670	0.01221296
30.77983856	0.02356268
30.80368042	0.02363869
30.82752228	0.02914269
30.85136414	0.03043467
30.87520599	0.06726414
30.89904785	0.13553780
30.92288971	0.17846170
30.94673157	0.16479840
30.97057343	0.58652120
30.99441528	1.20676800
31.01825714	0.98709150
31.04209900	0.35954950
31.06594086	0.07946526
31.08978271	0.00900901
31.11362457	0.04019045
31.13746643	0.04270144
31.16130829	0.03303477
31.18515015	0.02291846
31.20899200	0.05461250
31.23283386	0.13663890
31.25667572	0.17800110
31.28051758	0.14728800
31.30435944	0.20434500
31.32820129	0.51997150
31.35204315	0.63989930
31.37588501	0.30547680
31.39972687	0.06783054
31.42356873	0.01957985
31.44741058	0.01811889
31.47125244	0.04598047
31.49509430	0.04385257
31.51893616	0.02408509
31.54277802	0.05542281
31.56661987	0.14581510
31.59046173	0.17153510
31.61430359	0.12054730
31.63814545	0.10940980
31.66198730	0.14821120
31.68582916	0.35006010
31.70967102	0.28495040
31.73351288	0.04720388
31.75735474	0.00785287
31.78119659	0.02265790
31.80503845	0.03276939
31.82888031	0.04307449
31.85272217	0.03543365
31.87656403	0.03714419
31.90040588	0.13477030
31.92424774	0.18901730
31.94808960	0.16827450
31.97193146	0.46327870
31.99577332	0.88703200
32.01961517	0.71893030
32.04345703	0.30601750
32.06729889	0.07126731
32.09114075	0.02082570
32.11498260	0.02656029
32.13882446	0.03464690
32.16266632	0.03409240
32.18650818	0.03894161
32.21035004	0.04753225
32.23419189	0.14091390
32.25803375	0.19414830
32.28187561	0.15726360
32.30571747	0.21528550
32.32955933	0.48339110
32.35340118	0.55838080
32.37724304	0.27134550
32.40108490	0.06523556
32.42492676	0.02196245
32.44876862	0.01733908
32.47261047	0.04589937
32.49645233	0.04026859
32.52029419	0.02948868
32.54413605	0.04962531
32.56797791	0.13837720
32.59181976	0.17822440
32.61566162	0.14418920
32.63950348	0.08943542
32.66334534	0.19899920
32.68718719	0.37250780
32.71102905	0.25521880
32.73487091	0.03091254
32.75871277	0.00246119
32.78255463	0.02007603
32.80639648	0.03304844
32.83023834	0.05015354
32.85408020	0.04036700
32.87792206	0.03261822
32.90176392	0.13794880
32.92560577	0.20085520
32.94944763	0.16734580
32.97328949	0.31435860
32.99713135	0.57202910
33.02097321	0.48431480
33.04481506	0.25635820
33.06865692	0.05722390
33.09249878	0.02030240
33.11634064	0.02983743
33.14018250	0.04161335
33.16402435	0.04316258
33.18786621	0.04201791
33.21170807	0.03918619
33.23554993	0.13315700
33.25939178	0.19716510
33.28323364	0.16051590
33.30707550	0.19408790
33.33091736	0.39770750
33.35475922	0.43090840
33.37860107	0.21252330
33.40244293	0.06050806
33.42628479	0.02149261
33.45012665	0.01386640
33.47396851	0.04767403
33.49781036	0.04877137
33.52165222	0.03521300
33.54549408	0.03560381
33.56933594	0.13660320
33.59317780	0.19763200
33.61701965	0.17658940
33.64086151	0.17980520
33.66470337	0.30103190
33.68854523	0.37392730
33.71238708	0.21985690
33.73622894	0.03199997
33.76007080	0.00401217
33.78391266	0.02009322
33.80775452	0.05002238
33.83159637	0.06175313
33.85543823	0.04132911
33.87928009	0.03282531
33.90312195	0.13139630
33.92696381	0.19272140
33.95080566	0.15863390
33.97464752	0.18071120
33.99848938	0.30904810
34.02233124	0.30767400
34.04617310	0.21845700
34.07001495	0.04810954
34.09385681	0.01487053
34.11769867	0.03172404
34.14154053	0.04648473
34.16538239	0.05999960
34.18922424	0.05834670
34.21306610	0.02915021
34.23690796	0.13842170
34.26074982	0.21872330
34.28459167	0.18095560
34.30843353	0.18424190
34.33227539	0.32690370
34.35611725	0.33430580
34.37995911	0.18264810
34.40380096	0.05618885
34.42764282	0.03467258
34.45148468	0.01087438
34.47532654	0.05536823
34.49916840	0.05899492
34.52301025	0.05161710
34.54685211	0.03158064
34.57069397	0.13771410
34.59453583	0.20831670
34.61837769	0.20204700
34.64221954	0.26012470
34.66606140	0.37128300
34.68990326	0.36095780
34.71374512	0.19087140
34.73758698	0.02686441
34.76142883	0.02340840
34.78527069	0.01775506
34.80911255	0.04986648
34.83295441	0.07325487
34.85679626	0.05888075
34.88063812	0.02943571
34.90447998	0.13165390
34.92832184	0.20521460
34.95216370	0.17848140
34.97600555	0.10877980
34.99984741	0.12613090
35.02368927	0.20637380
35.04753113	0.19087880
35.07137299	0.04186566
35.09521484	0.02247903
35.11905670	0.03755201
35.14289856	0.05062078
35.16674042	0.06681892
35.19058228	0.06862199
35.21442413	0.02486758
35.23826599	0.12536570
35.26210785	0.22074650
35.28594971	0.18795750
35.30979156	0.14897120
35.33363342	0.23195090
35.35747528	0.24253120
35.38131714	0.16577320
35.40515900	0.06111373
35.42900085	0.03000582
35.45284271	0.02759546
35.47668457	0.06848955
35.50052643	0.06776588
35.52436829	0.06389984
35.54821014	0.01799332
35.57205200	0.12391800
35.59589386	0.22075760
35.61973572	0.22601790
35.64357758	0.29602970
35.66741943	0.38004940
35.69126129	0.31110150
35.71510315	0.15527890
35.73894501	0.03220513
35.76278687	0.02751870
35.78662872	0.01265899
35.81047058	0.06631927
35.83431244	0.07964060
35.85815430	0.06120673
35.88199615	0.01923907
35.90583801	0.12136650
35.92967987	0.20396190
35.95352173	0.19779830
35.97736359	0.13258260
36.00120544	0.08321623
36.02504730	0.14216680
36.04888916	0.15597650
36.07273102	0.01297711
36.09657288	0.02370435
36.12041473	0.02815153
36.14425659	0.05615469
36.16809845	0.07884642
36.19194031	0.06785258
36.21578217	0.02194582
36.23962402	0.13733540
36.26346588	0.23435910
36.28730774	0.20743970
36.31114960	0.12837030
36.33499146	0.14519830
36.35883331	0.15135260
36.38267517	0.12880410
36.40651703	0.03354561
36.43035889	0.04549589
36.45420074	0.01611318
36.47804260	0.06675301
36.50188446	0.07222441
36.52572632	0.07311253
36.54956818	0.01516878
36.57341003	0.12036840
36.59725189	0.21779200
36.62109375	0.21477420
36.64493561	0.30504410
36.66877747	0.36612690
36.69261932	0.25668370
36.71646118	0.11287370
36.74030304	0.03276645
36.76414490	0.02475015
36.78798676	0.01978699
36.81182861	0.08012350
36.83567047	0.09400725
36.85951233	0.07102922
36.88335419	0.03089390
36.90719604	0.11880450
36.93103790	0.21392840
36.95487976	0.23016500
36.97872162	0.19918500
37.00256348	0.16106290
37.02640533	0.10984280
37.05024719	0.12187560
37.07408905	0.00813683
37.09793091	0.01770793
37.12177277	0.03416802
37.14561462	0.05898701
37.16945648	0.08634165
37.19329834	0.08121084
37.21714020	0.02378408
37.24098206	0.11236110
37.26482391	0.21839110
37.28866577	0.20851090
37.31250763	0.11658400
37.33634949	0.06647788
37.36019135	0.08996691
37.38403320	0.11067760
37.40787506	0.03688288
37.43171692	0.03284687
37.45555878	0.03650519
37.47940063	0.07746647
37.50324249	0.07831439
37.52708435	0.07684278
37.55092621	0.02266392
37.57476807	0.11032380
37.59860992	0.22553220
37.62245178	0.22670780
37.64629364	0.27209420
37.67013550	0.30954400
37.69397736	0.19811210
37.71781921	0.09172088
37.74166107	0.03510156
37.76550293	0.02951868
37.78934479	0.01195259
37.81318665	0.08488355
37.83702850	0.09481583
37.86087036	0.07470486
37.88471222	0.02895525
37.90855408	0.10835580
37.93239594	0.21731700
37.95623779	0.26274100
37.98007965	0.26204940
38.00392151	0.21554270
38.02776337	0.09002206
38.05160522	0.10234440
38.07544708	0.01920309
38.09928894	0.03535552
38.12313080	0.03000180
38.14697266	0.07367641
38.17081451	0.10835880
38.19465637	0.08697209
38.21849823	0.02581592
38.24234009	0.10816330
38.26618195	0.21765790
38.29002380	0.22545900
38.31386566	0.14521780
38.33770752	0.05053834
38.36154938	0.04954553
38.38539124	0.09509973
38.40923309	0.03459430
38.43307495	0.04676389
38.45691681	0.02481429
38.48075867	0.06710307
38.50460052	0.09036763
38.52844238	0.10206310
38.55228424	0.04394927
38.57612610	0.10039350
38.59996796	0.22302250
38.62380981	0.22391280
38.64765167	0.21699810
38.67149353	0.22471270
38.69533539	0.12933900
38.71917725	0.05858795
38.74301910	0.01993632
38.76686096	0.04609347
38.79070282	0.01334942
38.81454468	0.07956433
38.83838654	0.08079514
38.86222839	0.07831879
38.88607025	0.04923797
38.90991211	0.09147937
38.93375397	0.21394430
38.95759583	0.26962760
38.98143768	0.28825250
39.00527954	0.24515870
39.02912140	0.07658113
39.05296326	0.07130953
39.07680511	0.01166948
39.10064697	0.02967466
39.12448883	0.02904414
39.14833069	0.06870305
39.17217255	0.10726940
39.19601440	0.09970371
39.21985626	0.04910845
39.24369812	0.07989208
39.26753998	0.20613460
39.29138184	0.24891790
39.31522369	0.19387430
39.33906555	0.10628500
39.36290741	0.04896839
39.38674927	0.08138111
39.41059113	0.03312471
39.43443298	0.04740528
39.45827484	0.02360632
39.48211670	0.06533125
39.50595856	0.10416900
39.52980042	0.10567930
39.55364227	0.04732046
39.57748413	0.08264060
39.60132599	0.20611780
39.62516785	0.21575880
39.64900970	0.14606150
39.67285156	0.13146280
39.69669342	0.08026314
39.72053528	0.05834853
39.74437714	0.03502016
39.76821899	0.05537899
39.79206085	0.01408718
39.81590271	0.08349618
39.83974457	0.09498417
39.86358643	0.08970786
39.88742828	0.05126528
39.91127014	0.09045529
39.93511200	0.22217790
39.95895386	0.30123220
39.98279572	0.31362190
40.00663757	0.23375610
40.03047943	0.05957387
40.05432129	0.05989263
40.07816315	0.00777007
40.10200500	0.03753246
40.12584686	0.03153221
40.14968872	0.07241976
40.17353058	0.11017740
40.19737244	0.09380333
40.22121429	0.05049801
40.24505615	0.07831455
40.26889801	0.20313920
40.29273987	0.26350600
40.31658173	0.22265260
40.34042358	0.13607060
40.36426544	0.04356031
40.38810730	0.06945568
40.41194916	0.04830958
40.43579102	0.04838377
40.45963287	0.03290065
40.48347473	0.06173097
40.50731659	0.09324819
40.53115845	0.09254166
40.55500031	0.04010922
40.57884216	0.08556194
40.60268402	0.21589140
40.62652588	0.23424280
40.65036774	0.13078250
40.67420959	0.05119987
40.69805145	0.03487588
40.72189331	0.04249632
40.74573517	0.05684246
40.76957703	0.07742889
40.79341888	0.01854761
40.81726074	0.07250344
40.84110260	0.09230454
40.86494446	0.10417230
40.88878632	0.06244085
40.91262817	0.07766896
40.93647003	0.22178230
40.96031189	0.31311320
40.98415375	0.32490800
41.00799561	0.22903450
41.03183746	0.04587118
41.05567932	0.04502052
41.07952118	0.01864133
41.10336304	0.05339855
41.12720490	0.02611584
41.15104675	0.07370085
41.17488861	0.10385980
41.19873047	0.08879710
41.22257233	0.05763876
41.24641418	0.06602604
41.27025604	0.20795410
41.29409790	0.28879330
41.31793976	0.26306260
41.34178162	0.17488650
41.36562347	0.04744294
41.38946533	0.05875148
41.41330719	0.04780062
41.43714905	0.04474773
41.46099091	0.03840820
41.48483276	0.05507154
41.50867462	0.10939790
41.53251648	0.11011080
41.55635834	0.05870315
41.58020020	0.06745519
41.60404205	0.20061870
41.62788391	0.24708360
41.65172577	0.17232420
41.67556763	0.06413179
41.69940948	0.01135651
41.72325134	0.03004456
41.74709320	0.04913583
41.77093506	0.07836575
41.79477692	0.02416421
41.81861877	0.06393535
41.84246063	0.09341466
41.86630249	0.10896750
41.89014435	0.06671250
41.91398621	0.06508270
41.93782806	0.21061840
41.96166992	0.30785240
41.98551178	0.31890300
42.00935364	0.21611520
42.03319550	0.03251457
42.05703735	0.04101420
42.08087921	0.03130693
42.10472107	0.06441040
42.12856293	0.02847282
42.15240479	0.07659229
42.17624664	0.11660370
42.20008850	0.10516550
42.22393036	0.07130363
42.24777222	0.06277411
42.27161407	0.20659160
42.29545593	0.30798070
42.31929779	0.29830490
42.34313965	0.19850570
42.36698151	0.05058381
42.39082336	0.05541208
42.41466522	0.05267029
42.43850708	0.05421595
42.46234894	0.04422643
42.48619080	0.05082612
42.51003265	0.11493530
42.53387451	0.11796160
42.55771637	0.07269427
42.58155823	0.05355164
42.60540009	0.19590030
42.62924194	0.27939120
42.65308380	0.25594900
42.67692566	0.14816180
42.70076752	0.04514371
42.72460938	0.03451882
42.74845123	0.06282766
42.77229309	0.07624135
42.79613495	0.01603441
42.81997681	0.06148035
42.84381866	0.10620830
42.86766052	0.12299680
42.89150238	0.07769808
42.91534424	0.05759859
42.93918610	0.19433600
42.96302795	0.29693450
42.98686981	0.30266560
43.01071167	0.19267000
43.03455353	0.02457203
43.05839539	0.04320722
43.08223724	0.05009560
43.10607910	0.08498940
43.12992096	0.04077454
43.15376282	0.06459375
43.17760468	0.10102220
43.20144653	0.09739767
43.22528839	0.07439334
43.24913025	0.04454048
43.27297211	0.18806260
43.29681396	0.30029360
43.32065582	0.30685090
43.34449768	0.21780830
43.36833954	0.06147829
43.39218140	0.05441194
43.41602325	0.05940328
43.43986511	0.06519809
43.46370697	0.05091983
43.48754883	0.04608725
43.51139069	0.10534560
43.53523254	0.09535819
43.55907440	0.06694432
43.58291626	0.04580270
43.60675812	0.17865670
43.63059998	0.30029130
43.65444183	0.31593970
43.67828369	0.19478880
43.70212555	0.05752572
43.72596741	0.04553424
43.74980927	0.07902388
43.77365112	0.08145677
43.79749298	0.03995096
43.82133484	0.05282062
43.84517670	0.09996054
43.86901855	0.12012100
43.89286041	0.08118983
43.91670227	0.04483387
43.94054413	0.18165550
43.96438599	0.29562520
43.98822784	0.30082640
44.01206970	0.19024540
44.03591156	0.04280708
44.05975342	0.04597061
44.08359528	0.06636127
44.10743713	0.09679380
44.13127899	0.04396560
44.15512085	0.06249446
44.17896271	0.10273480
44.20280457	0.11578520
44.22664642	0.09769423
44.25048828	0.02453982
44.27433014	0.17641350
44.29817200	0.29920200
44.32201385	0.31164630
44.34585571	0.21514380
44.36969757	0.05464042
44.39353943	0.05513022
44.41738129	0.05894537
44.44122314	0.06857160
44.46506500	0.06044878
44.48890686	0.04912995
44.51274872	0.11437910
44.53659058	0.11085110
44.56043243	0.08597320
44.58427429	0.02798213
44.60811615	0.16965710
44.63195801	0.33132210
44.65579987	0.38328610
44.67964172	0.25749400
44.70348358	0.09292530
44.72732544	0.04368508
44.75116730	0.07721176
44.77500916	0.07786349
44.79885101	0.04529404
44.82269287	0.04966677
44.84653473	0.11301260
44.87037659	0.12561150
44.89421844	0.08322623
44.91806030	0.03588455
44.94190216	0.15571580
44.96574402	0.27200660
44.98958588	0.29637520
45.01342773	0.20599110
45.03726959	0.06398988
45.06111145	0.03308231
45.08495331	0.07188626
45.10879517	0.09843003
45.13263702	0.04979068
45.15647888	0.05580077
45.18032074	0.09239726
45.20416260	0.11679640
45.22800446	0.09979679
45.25184631	0.02433627
45.27568817	0.16930870
45.29953003	0.29684700
45.32337189	0.31366530
45.34721375	0.21358710
45.37105560	0.05241698
45.39489746	0.05391560
45.41873932	0.06102526
45.44258118	0.08182156
45.46642303	0.06247365
45.49026489	0.05512569
45.51410675	0.11556290
45.53794861	0.10726190
45.56179047	0.09332661
45.58563232	0.02955649
45.60947418	0.16774330
45.63331604	0.34710390
45.65715790	0.40824790
45.68099976	0.26855430
45.70484161	0.08384541
45.72868347	0.04696563
45.75252533	0.08753236
45.77636719	0.08522902
45.80020905	0.06520900
45.82405090	0.03494592
45.84789276	0.11348790
45.87173462	0.12527800
45.89557648	0.08530556
45.91941833	0.03212081
45.94326019	0.13980090
45.96710205	0.26978520
45.99094391	0.30722700
46.01478577	0.21653700
46.03862762	0.07302500
46.06246948	0.03811423
46.08631134	0.08746410
46.11015320	0.10944550
46.13399506	0.06056273
46.15783691	0.04468481
46.18167877	0.08884709
46.20552063	0.12164110
46.22936249	0.10586120
46.25320435	0.02968499
46.27704620	0.15046950
46.30088806	0.28002620
46.32472992	0.31129800
46.34857178	0.22725320
46.37241364	0.07130815
46.39625549	0.05391770
46.42009735	0.07093823
46.44393921	0.09868184
46.46778107	0.07757384
46.49162292	0.03679880
46.51546478	0.09837108
46.53930664	0.10298430
46.56314850	0.10168340
46.58699036	0.03445481
46.61083221	0.16110620
46.63467407	0.35618990
46.65851593	0.43423530
46.68235779	0.29493950
46.70619965	0.09144891
46.73004150	0.05900593
46.75388336	0.09237023
46.77772522	0.08110397
46.80156708	0.07096853
46.82540894	0.02306407
46.84925079	0.10761310
46.87309265	0.11631090
46.89693451	0.08456489
46.92077637	0.03849065
46.94461823	0.11981050
46.96846008	0.25918700
46.99230194	0.32207740
47.01614380	0.24098810
47.03998566	0.08803041
47.06382751	0.04122222
47.08766937	0.10111910
47.11151123	0.10954830
47.13535309	0.06608102
47.15919495	0.04203277
47.18303680	0.09175903
47.20687866	0.12649760
47.23072052	0.10708590
47.25456238	0.03648514
47.27840424	0.12446140
47.30224609	0.25235800
47.32608795	0.29403560
47.34992981	0.21837110
47.37377167	0.06766079
47.39761353	0.05464452
47.42145538	0.08836132
47.44529724	0.11366440
47.46913910	0.07800823
47.49298096	0.04347378
47.51682281	0.10276900
47.54066467	0.10806020
47.56450653	0.10535540
47.58834839	0.03621375
47.61219025	0.14181520
47.63603210	0.33177800
47.65987396	0.39974420
47.68371582	0.27400960
47.70755768	0.08906970
47.73139954	0.06552932
47.75524139	0.10082730
47.77908325	0.10067320
47.80292511	0.09533720
47.82676697	0.02112368
47.85060883	0.09697191
47.87445068	0.09902373
47.89829254	0.07807335
47.92213440	0.03951216
47.94597626	0.11173140
47.96981812	0.27312450
47.99365997	0.36235650
48.01750183	0.28466160
48.04134369	0.11321360
48.06518555	0.03520931
48.08902740	0.10137060
48.11286926	0.10360160
48.13671112	0.07473753
48.16055298	0.04121285
48.18439484	0.08547232
48.20823669	0.11696700
48.23207855	0.08908161
48.25592041	0.03274441
48.27976227	0.10418130
48.30360413	0.23922860
48.32744598	0.29314040
48.35128784	0.22768970
48.37512970	0.08597744
48.39897156	0.04370732
48.42281342	0.08553033
48.44665527	0.11137660
48.47049713	0.07673432
48.49433899	0.03995723
48.51818085	0.08338435
48.54202271	0.09895148
48.56586456	0.10157360
48.58970642	0.03946358
48.61354828	0.12085660
48.63739014	0.31479250
48.66123199	0.39626960
48.68507385	0.28616690
48.70891571	0.10177500
48.73275757	0.05425844
48.75659943	0.09632572
48.78044128	0.10281720
48.80428314	0.09487154
