Частота	A * B
(kГц)	(?)

0.00000000	0.59387190
0.02384186	0.24003710
0.04768372	0.02976350
0.07152557	0.10237660
0.09536743	0.12438060
0.11920929	0.09264056
0.14305115	0.05615278
0.16689301	0.06153511
0.19073486	0.07373565
0.21457672	0.08280779
0.23841858	0.05344423
0.26226044	0.01774749
0.28610229	0.05430949
0.30994415	0.09496830
0.33378601	0.08950398
0.35762787	0.08619918
0.38146973	0.09332333
0.40531158	0.11404120
0.42915344	0.13669170
0.45299530	0.13539510
0.47683716	0.11340060
0.50067902	0.12445960
0.52452087	0.15609890
0.54836273	0.13534940
0.57220459	0.09499073
0.59604645	0.10810810
0.61988831	0.12718180
0.64373016	0.09617111
0.66757202	0.03985600
0.69141388	0.11197760
0.71525574	0.33339210
0.73909760	0.28709150
0.76293945	0.03053879
0.78678131	0.55710860
0.81062317	0.94606530
0.83446503	0.56800940
0.85830688	0.11743010
0.88214874	0.14925540
0.90599060	0.18538370
0.92983246	0.03341438
0.95367432	0.03481772
0.97751617	0.08259572
1.00135803	0.09511262
1.02519989	0.09444989
1.04904175	0.10468960
1.07288361	0.14972960
1.09672546	0.15746310
1.12056732	0.13483800
1.14440918	0.14929210
1.16825104	0.18728910
1.19209290	0.16857500
1.21593475	0.13272610
1.23977661	0.14990950
1.26361847	0.16214200
1.28746033	0.12229170
1.31130219	0.09908045
1.33514404	0.09146668
1.35898590	0.10406090
1.38282776	0.04337716
1.40666962	0.01795412
1.43051147	0.13663890
1.45435333	0.20161620
1.47819519	0.09523273
1.50203705	0.36363830
1.52587891	0.97824710
1.54972076	0.88865350
1.57356262	0.24851140
1.59740448	0.17656140
1.62124634	0.35212550
1.64508820	0.20835430
1.66893005	0.04132611
1.69277191	0.06766640
1.71661377	0.12487810
1.74045563	0.11947630
1.76429749	0.09537011
1.78813934	0.11798960
1.81198120	0.15746910
1.83582306	0.14188860
1.85966492	0.11439930
1.88350677	0.12911510
1.90734863	0.14575700
1.93119049	0.12410990
1.95503235	0.10512790
1.97887421	0.08929411
2.00271606	0.09107177
2.02655792	0.09466946
2.05039978	0.07603031
2.07424164	0.02086044
2.09808350	0.02966127
2.12192535	0.07482107
2.14576721	0.07245750
2.16960907	0.07114563
2.19345093	0.04904378
2.21729279	0.07559093
2.24113464	0.12106790
2.26497650	0.13434570
2.28881836	0.06913579
2.31266022	0.12304210
2.33650208	0.38178240
2.36034393	0.35045750
2.38418579	0.08722709
2.40802765	0.06809557
2.43186951	0.10979880
2.45571136	0.10508480
2.47955322	0.07329637
2.50339508	0.05140956
2.52723694	0.07252129
2.55107880	0.08403786
2.57492065	0.07504028
2.59876251	0.03006225
2.62260437	0.03548757
2.64644623	0.08599715
2.67028809	0.09331735
2.69412994	0.08485842
2.71797180	0.08236400
2.74181366	0.10485400
2.76565552	0.12452430
2.78949738	0.13746850
2.81333923	0.11658680
2.83718109	0.11203410
2.86102295	0.14419560
2.88486481	0.14817190
2.90870667	0.10548230
2.93254852	0.09609487
2.95639038	0.12209900
2.98023224	0.11526130
3.00407410	0.05356243
3.02791595	0.05137884
3.05175781	0.25571670
3.07559967	0.35532550
3.09944153	0.13773080
3.12328339	0.27384760
3.14712524	0.77115980
3.17096710	0.72083160
3.19480896	0.22110640
3.21865082	0.09335379
3.24249268	0.19183260
3.26633453	0.09751602
3.29017639	0.02956079
3.31401825	0.04924089
3.33786011	0.09777399
3.36170197	0.08577543
3.38554382	0.09889102
3.40938568	0.12844360
3.43322754	0.15891730
3.45706940	0.14279970
3.48091125	0.13482370
3.50475311	0.17577390
3.52859497	0.18339970
3.55243683	0.14229340
3.57627869	0.13963450
3.60012054	0.16378110
3.62396240	0.14544560
3.64780426	0.10224550
3.67164612	0.09558387
3.69548798	0.10631820
3.71932983	0.07683371
3.74317169	0.03378558
3.76701355	0.06834677
3.79085541	0.21343240
3.81469727	0.14007390
3.83853912	0.19394040
3.86238098	0.84593180
3.88622284	1.18491900
3.91006470	0.58461980
3.93390656	0.03031352
3.95774841	0.30610590
3.98159027	0.29742030
4.00543213	0.07734265
4.02927399	0.04436402
4.05311584	0.11077820
4.07695770	0.12747360
4.10079956	0.10459940
4.12464142	0.10252730
4.14848328	0.14801900
4.17232513	0.15720060
4.19616699	0.12254640
4.22000885	0.12262570
4.24385071	0.14726890
4.26769257	0.13788730
4.29153442	0.11399610
4.31537628	0.09667156
4.33921814	0.09506893
4.36306000	0.09208088
4.38690186	0.09102501
4.41074371	0.03909292
4.43458557	0.01633579
4.45842743	0.05600519
4.48226929	0.07393022
4.50611115	0.07002897
4.52995300	0.06110851
4.55379486	0.05789525
4.57763672	0.10242810
4.60147858	0.15428830
4.62532043	0.11669110
4.64916229	0.03526091
4.67300415	0.28384200
4.69684601	0.41385300
4.72068787	0.19499340
4.74452972	0.03463463
4.76837158	0.08581073
4.79221344	0.10570600
4.81605530	0.08949912
4.83989716	0.05562033
4.86373901	0.06443152
4.88758087	0.08348890
4.91142273	0.08824769
4.93526459	0.05176627
4.95910645	0.02773354
4.98294830	0.06939300
5.00679016	0.09699994
5.03063202	0.08575021
5.05447388	0.07717167
5.07831573	0.09231294
5.10215759	0.11431850
5.12599945	0.13278420
5.14984131	0.12199920
5.17368317	0.10627610
5.19752502	0.12694630
5.22136688	0.15176510
5.24520874	0.12133880
5.26905060	0.09002727
5.29289246	0.11168490
5.31673431	0.12304710
5.34057617	0.07944124
5.36441803	0.03837250
5.38825989	0.15363630
5.41210175	0.36125360
5.43594360	0.25973260
5.45978546	0.06655393
5.48362732	0.52764180
5.50746918	0.75656810
5.53131104	0.37934290
5.55515289	0.08173205
5.57899475	0.15466160
5.60283661	0.15309660
5.62667847	0.00409916
5.65052032	0.03410089
5.67436218	0.08446281
5.69820404	0.08357640
5.72204590	0.09469728
5.74588776	0.10817360
5.76972961	0.15106680
5.79357147	0.14998710
5.81741333	0.13166940
5.84125519	0.15675620
5.86509705	0.18806990
5.88893890	0.16003340
5.91278076	0.13273260
5.93662262	0.15714900
5.96046448	0.16234290
5.98430634	0.11572410
6.00814819	0.09972056
6.03199005	0.10008790
6.05583191	0.10581750
6.07967377	0.03897687
6.10351563	0.01746016
6.12735748	0.17601950
6.15119934	0.20350390
6.17504120	0.11608000
6.19888306	0.60203420
6.22272491	1.33807300
6.24656677	1.03204000
6.27040863	0.21824260
6.29425049	0.21120410
6.31809235	0.33842200
6.34193420	0.16136640
6.36577606	0.03859096
6.38961792	0.08333971
6.41345978	0.13008160
6.43730164	0.11551460
6.46114349	0.09657750
6.48498535	0.13106050
6.50882721	0.16351440
6.53266907	0.13830010
6.55651093	0.11898270
6.58035278	0.14188950
6.60419464	0.15089730
6.62803650	0.12306750
6.65187836	0.10654480
6.67572021	0.09814174
6.69956207	0.09535168
6.72340393	0.09504548
6.74724579	0.06429197
6.77108765	0.01673113
6.79492950	0.03171819
6.81877136	0.07215294
6.84261322	0.06261345
6.86645508	0.07518897
6.89029694	0.04780501
6.91413879	0.07997468
6.93798065	0.15098970
6.96182251	0.16111250
6.98566437	0.06356966
7.00950623	0.16374560
7.03334808	0.40333250
7.05718994	0.31144610
7.08103180	0.05891746
7.10487366	0.06178355
7.12871552	0.09211151
7.15255737	0.09983344
7.17639923	0.07135074
7.20024109	0.05539826
7.22408295	0.08001840
7.24792480	0.09399720
7.27176666	0.07400486
7.29560852	0.03431155
7.31945038	0.05257405
7.34329224	0.09354541
7.36713409	0.09111945
7.39097595	0.07715059
7.41481781	0.07842594
7.43865967	0.10523380
7.46250153	0.12354060
7.48634338	0.12633060
7.51018524	0.10523860
7.53402710	0.11156420
7.55786896	0.14434460
7.58171082	0.13607860
7.60555267	0.09454090
7.62939453	0.09822311
7.65323639	0.12233160
7.67707825	0.10167410
7.70092010	0.04318132
7.72476196	0.07184596
7.74860382	0.30066130
7.77244568	0.34780390
7.79628754	0.09719409
7.82012939	0.29165050
7.84397125	0.66571120
7.86781311	0.52722090
7.89165497	0.13630650
7.91549683	0.09885257
7.93933868	0.17494170
7.96318054	0.06092692
7.98702240	0.03721695
8.01086426	0.05489986
8.03470612	0.08773051
8.05854797	0.08374155
8.08238983	0.09911279
8.10623169	0.13318770
8.13007355	0.15317700
8.15391541	0.13647240
8.17775726	0.13874170
8.20159912	0.18082180
8.22544098	0.17680870
8.24928284	0.13657730
8.27312469	0.14564640
8.29696655	0.16809550
8.32080841	0.13874300
8.34465027	0.10102490
8.36849213	0.09885871
8.39233398	0.11524230
8.41617584	0.06825942
8.44001770	0.02993393
8.46385956	0.10757610
8.48770142	0.23530500
8.51154327	0.13214530
8.53538513	0.34918830
8.55922699	1.27864200
8.58306885	1.51474100
8.60691071	0.61927100
8.63075256	0.06895567
8.65459442	0.31554130
8.67843628	0.25559530
8.70227814	0.05231481
8.72612000	0.05290806
8.74996185	0.12190550
8.77380371	0.12475340
8.79764557	0.10180760
8.82148743	0.11226300
8.84532928	0.15843050
8.86917114	0.15552920
8.89301300	0.12202580
8.91685486	0.13344750
8.94069672	0.15679420
8.96453857	0.13697450
8.98838043	0.11458250
9.01222229	0.10253190
9.03606415	0.10250800
9.05990601	0.09378003
9.08374786	0.08506346
9.10758972	0.02802765
9.13143158	0.02052906
9.15527344	0.05836142
9.17911530	0.06201767
9.20295715	0.07498616
9.22679901	0.06104453
9.25064087	0.06061572
9.27448273	0.12494030
9.29832458	0.19196420
9.32216644	0.12596840
9.34600830	0.05696425
9.36985016	0.32363520
9.39369202	0.39602680
9.41753387	0.15150050
9.44137573	0.03886196
9.46521759	0.07127605
9.48905945	0.09900454
9.51290131	0.08823665
9.53674316	0.05677137
9.56058502	0.07142741
9.58442688	0.09520742
9.60826874	0.09074296
9.63211060	0.05194268
9.65595245	0.04241366
9.67979431	0.08259632
9.70363617	0.09744668
9.72747803	0.08067794
9.75131989	0.06966909
9.77516174	0.09299925
9.79900360	0.11432720
9.82284546	0.12582910
9.84668732	0.10807890
9.87052917	0.10146430
9.89437103	0.12904830
9.91821289	0.14406370
9.94205475	0.10706600
9.96589661	0.08760542
9.98973846	0.11448130
10.01358032	0.11469490
10.03742218	0.06249785
10.06126404	0.03964612
10.08510590	0.19972120
10.10894775	0.37924450
10.13278961	0.22575480
10.15663147	0.10177740
10.18047333	0.49264910
10.20431519	0.59924900
10.22815704	0.24961440
10.25199890	0.06750922
10.27584076	0.15422780
10.29968262	0.11881450
10.32352448	0.01890211
10.34736633	0.03337440
10.37120819	0.08191551
10.39505005	0.07414364
10.41889191	0.09545255
10.44273376	0.11217700
10.46657562	0.14928530
10.49041748	0.14223810
10.51425934	0.13034350
10.53810120	0.16376350
10.56194305	0.18561800
10.58578491	0.15105650
10.60962677	0.13483080
10.63346863	0.16372670
10.65731049	0.15934410
10.68115234	0.10971610
10.70499420	0.10107410
10.72883606	0.11001110
10.75267792	0.10284310
10.77651978	0.03662625
10.80036163	0.04138910
10.82420349	0.21350340
10.84804535	0.19768080
10.87188721	0.18241630
10.89572906	1.02437800
10.91957092	1.89575300
10.94341278	1.23817800
10.96725464	0.18764030
10.99109650	0.23949140
11.01493835	0.31517980
11.03878021	0.11742200
11.06262207	0.03906149
11.08646393	0.09841784
11.11030579	0.13099130
11.13414764	0.11120720
11.15798950	0.10008520
11.18183136	0.14360550
11.20567322	0.16619940
11.22951508	0.13438790
11.25335693	0.12579680
11.27719879	0.15391890
11.30104065	0.15292150
11.32488251	0.12210360
11.34872437	0.10958560
11.37256622	0.10747540
11.39640808	0.09774666
11.42024994	0.09421799
11.44409180	0.05245472
11.46793365	0.02510711
11.49177551	0.03507811
11.51561737	0.06597333
11.53945923	0.06043862
11.56330109	0.08168140
11.58714294	0.04778554
11.61098480	0.09120811
11.63482666	0.19428670
11.65866852	0.18634200
11.68251038	0.05129147
11.70635223	0.20673660
11.73019409	0.41364170
11.75403595	0.26729620
11.77787781	0.04078409
11.80171967	0.05298589
11.82556152	0.08525244
11.84940338	0.09980574
11.87324524	0.06976639
11.89708710	0.06189659
11.92092896	0.09165768
11.94477081	0.10105850
11.96861267	0.07288247
11.99245453	0.04290957
12.01629639	0.06929635
12.04013824	0.09861728
12.06398010	0.08809737
12.08782196	0.06898873
12.11166382	0.07771594
12.13550568	0.10583900
12.15934753	0.12043560
12.18318939	0.11295170
12.20703125	0.09582888
12.23087311	0.11237940
12.25471497	0.14165230
12.27855682	0.12197020
12.30239868	0.08592110
12.32624054	0.10109740
12.35008240	0.11929380
12.37392426	0.08517746
12.39776611	0.03752221
12.42160797	0.10231030
12.44544983	0.34044690
12.46929169	0.33006450
12.49313354	0.05813852
12.51697540	0.30042870
12.54081726	0.56713370
12.56465912	0.37912840
12.58850098	0.08881241
12.61234283	0.10553340
12.63618469	0.15239020
12.66002655	0.03003057
12.68386841	0.04016360
12.70771027	0.05863703
12.73155212	0.07535511
12.75539398	0.08482590
12.77923584	0.09982531
12.80307770	0.13569260
12.82691956	0.14570130
12.85076141	0.13138780
12.87460327	0.14391610
12.89844513	0.18309520
12.92228699	0.16816110
12.94612885	0.13275910
12.96997070	0.15227680
12.99381256	0.16972350
13.01765442	0.13044920
13.04149628	0.10096580
13.06533813	0.10445850
13.08917999	0.12052110
13.11302185	0.05847473
13.13686371	0.02527841
13.16070557	0.14925940
13.18454742	0.24945510
13.20838928	0.13830920
13.23223114	0.67833930
13.25607300	2.04241600
13.27991486	2.05318200
13.30375671	0.68578710
13.32759857	0.10952090
13.35144043	0.31470420
13.37528229	0.21051810
13.39912415	0.03899274
13.42296600	0.06502756
13.44680786	0.12872310
13.47064972	0.12013710
13.49449158	0.10021120
13.51833344	0.12344630
13.54217529	0.16592480
13.56601715	0.15179430
13.58985901	0.12348130
13.61370087	0.14512830
13.63754272	0.16339240
13.66138458	0.13473930
13.68522644	0.11613970
13.70906830	0.11044300
13.73291016	0.10774500
13.75675201	0.09486623
13.78059387	0.07742127
13.80443573	0.02850024
13.82827759	0.02473713
13.85211945	0.05929049
13.87596130	0.04962596
13.89980316	0.08690772
13.92364502	0.05998664
13.94748688	0.06526549
13.97132874	0.16402390
13.99517059	0.23356290
14.01901245	0.12842050
14.04285431	0.08912835
14.06669617	0.35683640
14.09053802	0.36764270
14.11437988	0.11222490
14.13822174	0.03926282
14.16206360	0.06449489
14.18590546	0.10064130
14.20974731	0.08675165
14.23358917	0.06008274
14.25743103	0.08251539
14.28127289	0.10596210
14.30511475	0.09120441
14.32895660	0.05480971
14.35279846	0.05892479
14.37664032	0.09316573
14.40048218	0.09668317
14.42432404	0.07451453
14.44816589	0.06537538
14.47200775	0.09461082
14.49584961	0.11345580
14.51969147	0.11580960
14.54353333	0.09470366
14.56737518	0.09886439
14.59121704	0.12978540
14.61505890	0.13323660
14.63890076	0.09364983
14.66274261	0.08735830
14.68658447	0.11555510
14.71042633	0.10236080
14.73426819	0.04784807
14.75811005	0.04638034
14.78195190	0.24748090
14.80579376	0.38623840
14.82963562	0.18727100
14.85347748	0.13131200
14.87731934	0.45119660
14.90116119	0.46658710
14.92500305	0.16240590
14.94884491	0.06432521
14.97268677	0.14745990
14.99652863	0.08512936
15.02037048	0.03538437
15.04421234	0.03373900
15.06805420	0.07501314
15.09189606	0.06915335
15.11573792	0.09609414
15.13957977	0.11590900
15.16342163	0.14459250
15.18726349	0.13501120
15.21110535	0.13085500
15.23494720	0.16939790
15.25878906	0.18010200
15.28263092	0.14255750
15.30647278	0.13873380
15.33031464	0.16880930
15.35415649	0.15332260
15.37799835	0.10502840
15.40184021	0.10355070
15.42568207	0.11939280
15.44952393	0.09545074
15.47336578	0.03523576
15.49720764	0.07470223
15.52104950	0.24727310
15.54489136	0.18647530
15.56873322	0.37441500
15.59257507	1.90322800
15.61641693	2.95667500
15.64025879	1.62667600
15.66410065	0.16736080
15.68794250	0.25943560
15.71178436	0.28420610
15.73562622	0.07896857
15.75946808	0.04158672
15.78330994	0.11107140
15.80715179	0.12824090
15.83099365	0.10731300
15.85483551	0.10599760
15.87867737	0.15458990
15.90251923	0.16575170
15.92636108	0.13107730
15.95020294	0.13455820
15.97404480	0.16426820
15.99788666	0.15218230
16.02172852	0.12178100
16.04557037	0.11454910
16.06941223	0.11593020
16.09325409	0.09865980
16.11709595	0.09197602
16.14093781	0.04394966
16.16477966	0.03500618
16.18862152	0.03901084
16.21246338	0.05560904
16.23630524	0.07020048
16.26014709	0.08752573
16.28398895	0.04939993
16.30783081	0.11621330
16.33167267	0.24841930
16.35551453	0.20714620
16.37935638	0.03462284
16.40319824	0.24934830
16.42704010	0.41198550
16.45088196	0.22082490
16.47472382	0.03367661
16.49856567	0.04674499
16.52240753	0.08878853
16.54624939	0.10066670
16.57009125	0.06918017
16.59393311	0.07151245
16.61777496	0.10463760
16.64161682	0.10508830
16.66545868	0.07271458
16.68930054	0.05512252
16.71314240	0.08431023
16.73698425	0.10150540
16.76082611	0.08426692
16.78466797	0.06205541
16.80850983	0.07955244
16.83235168	0.10627310
16.85619354	0.11464900
16.88003540	0.09820268
16.90387726	0.08883382
16.92771912	0.11363700
16.95156097	0.13573630
16.97540283	0.10689220
16.99924469	0.08000331
17.02308655	0.10392770
17.04692841	0.11253380
17.07077026	0.06757981
17.09461212	0.03536491
17.11845398	0.14073090
17.14229584	0.37258460
17.16613770	0.30327940
17.18997955	0.02824554
17.21382141	0.29955250
17.23766327	0.47415780
17.26150513	0.26676840
17.28534698	0.06494059
17.30918884	0.10987540
17.33303070	0.12616540
17.35687256	0.01769799
17.38071442	0.03948624
17.40455627	0.05918571
17.42839813	0.06291373
17.45223999	0.08764888
17.47608185	0.10102520
17.49992371	0.13541780
17.52376556	0.13743700
17.54760742	0.12780760
17.57144928	0.14955910
17.59529114	0.18222640
17.61913300	0.15826740
17.64297485	0.13117660
17.66681671	0.15877740
17.69065857	0.16824520
17.71450043	0.12157980
17.73834229	0.10194140
17.76218414	0.11174880
17.78602600	0.12140220
17.80986786	0.04943410
17.83370972	0.02984582
17.85755157	0.19095410
17.88139343	0.25487870
17.90523529	0.20564660
17.92907715	1.54468300
17.95291901	3.82977600
17.97676086	3.26976800
18.00060272	0.87883010
18.02444458	0.14609740
18.04828644	0.30328540
18.07212830	0.16507240
18.09597015	0.03576142
18.11981201	0.07899193
18.14365387	0.13090930
18.16749573	0.11480960
18.19133759	0.10018990
18.21517944	0.13508440
18.23902130	0.17015250
18.26286316	0.14686110
18.28670502	0.12719600
18.31054688	0.15678510
18.33438873	0.16678150
18.35823059	0.13204260
18.38207245	0.11896610
18.40591431	0.11943310
18.42975616	0.11049290
18.45359802	0.09544381
18.47743988	0.06917121
18.50128174	0.03897648
18.52512360	0.02746197
18.54896545	0.05748624
18.57280731	0.04427784
18.59664917	0.10164720
18.62049103	0.05778904
18.64433289	0.07566863
18.66817474	0.22024520
18.69201660	0.27561780
18.71585846	0.12301950
18.73970032	0.12719470
18.76354218	0.38124370
18.78738403	0.33057820
18.81122589	0.07964114
18.83506775	0.03724160
18.85890961	0.06882010
18.88275146	0.10530880
18.90659332	0.08478475
18.93043518	0.06600334
18.95427704	0.09625770
18.97811890	0.11422410
19.00196075	0.09070749
19.02580261	0.06089570
19.04964447	0.07560182
19.07348633	0.10089380
19.09732819	0.09502487
19.12117004	0.06805111
19.14501190	0.06513514
19.16885376	0.09650383
19.19269562	0.11102930
19.21653748	0.10304630
19.24037933	0.08289534
19.26422119	0.09807251
19.28806305	0.12828400
19.31190491	0.11992300
19.33574677	0.08208378
19.35958862	0.08869618
19.38343048	0.11408460
19.40727234	0.08708839
19.43111420	0.03826347
19.45495605	0.06230852
19.47879791	0.29402620
19.50263977	0.38183320
19.52648163	0.14666000
19.55032349	0.15333850
19.57416534	0.40389670
19.59800720	0.35531040
19.62184906	0.10750200
19.64569092	0.06647120
19.66953278	0.13492630
19.69337463	0.05555944
19.71721649	0.04574487
19.74105835	0.03487331
19.76490021	0.06443252
19.78874207	0.06955759
19.81258392	0.09634784
19.83642578	0.11849140
19.86026764	0.13754220
19.88410950	0.12891920
19.90795135	0.13293890
19.93179321	0.17286770
19.95563507	0.17194450
19.97947693	0.13537870
20.00331879	0.14390600
20.02716064	0.17165710
20.05100250	0.14475470
20.07484436	0.10204350
20.09868622	0.10745940
20.12252808	0.12681450
20.14636993	0.08418093
20.17021179	0.03316998
20.19405365	0.11172990
20.21789551	0.27751210
20.24173737	0.18328100
20.26557922	1.12552200
20.28942108	4.75319400
20.31326294	6.23802000
20.33710480	2.86858200
20.36094666	0.20717210
20.38478851	0.26802760
20.40863037	0.24933130
20.43247223	0.04822012
20.45631409	0.04747676
20.48015594	0.11967390
20.50399780	0.12293850
20.52783966	0.10433290
20.55168152	0.11407210
20.57552338	0.16312590
20.59936523	0.16269980
20.62320709	0.12913670
20.64704895	0.14474700
20.67089081	0.17214110
20.69473267	0.14932480
20.71857452	0.12247070
20.74241638	0.12138710
20.76625824	0.12242960
20.79010010	0.09869182
20.81394196	0.08830281
20.83778381	0.04340885
20.86162567	0.04231415
20.88546753	0.04276641
20.90930939	0.04142019
20.93315125	0.08923118
20.95699310	0.09067317
20.98083496	0.05337913
21.00467682	0.16044190
21.02851868	0.31044760
21.05236053	0.22134080
21.07620239	0.02710008
21.10004425	0.28891190
21.12388611	0.39844280
21.14772797	0.17491810
21.17156982	0.03312632
21.19541168	0.04920174
21.21925354	0.09778160
21.24309540	0.10042960
21.26693726	0.07031203
21.29077911	0.08405182
21.31462097	0.11671420
21.33846283	0.10658690
21.36230469	0.07436237
21.38614655	0.06968512
21.40998840	0.09681771
21.43383026	0.10267650
21.45767212	0.07982077
21.48151398	0.05836454
21.50535583	0.08280274
21.52919769	0.10610050
21.55303955	0.10587090
21.57688141	0.08314902
21.60072327	0.08437800
21.62456512	0.11436190
21.64840698	0.12660310
21.67224884	0.09205546
21.69609070	0.07674899
21.71993256	0.10585370
21.74377441	0.10232710
21.76761627	0.05177154
21.79145813	0.03504767
21.81529999	0.18468100
21.83914185	0.39502570
21.86298370	0.26919580
21.88682556	0.03273414
21.91066742	0.28915500
21.93450928	0.38744430
21.95835114	0.18428840
21.98219299	0.05422612
22.00603485	0.11008480
22.02987671	0.09885149
22.05371857	0.03228682
22.07756042	0.03660957
22.10140228	0.05587417
22.12524414	0.05370412
22.14908600	0.09083142
22.17292786	0.10242800
22.19676971	0.13222480
22.22061157	0.12930410
22.24445343	0.12587440
22.26829529	0.15471470
22.29213715	0.17818620
22.31597900	0.14795570
22.33982086	0.13189490
22.36366272	0.16427440
22.38750458	0.16364200
22.41134644	0.11315360
22.43518829	0.10382260
22.45903015	0.11924200
22.48287201	0.11832530
22.50671387	0.04295167
22.53055573	0.05287790
22.55439758	0.22660360
22.57823944	0.25216370
22.60208130	0.87010350
22.62592316	7.16196200
22.64976501	14.74280000
22.67360687	10.67185000
22.69744873	2.28750400
22.72129059	0.17110240
22.74513245	0.27791420
22.76897430	0.12451220
22.79281616	0.03733809
22.81665802	0.09350123
22.84049988	0.12833200
22.86434174	0.10973980
22.88818359	0.10205890
22.91202545	0.14620120
22.93586731	0.17104060
22.95970917	0.14169440
22.98355103	0.13305460
23.00739288	0.16755350
23.03123474	0.16694940
23.05507660	0.12976480
23.07891846	0.12321650
23.10276031	0.12834920
23.12660217	0.11085880
23.15044403	0.09549059
23.17428589	0.06237266
23.19812775	0.05152333
23.22196960	0.02912630
23.24581146	0.05168956
23.26965332	0.05514603
23.29349518	0.11549630
23.31733704	0.05550120
23.34117889	0.09900483
23.36502075	0.29264470
23.38886261	0.31510270
23.41270447	0.10943130
23.43654633	0.16813830
23.46038818	0.39519970
23.48423004	0.28725000
23.50807190	0.05594060
23.53191376	0.03719390
23.55575562	0.08095977
23.57959747	0.10935510
23.60343933	0.08286873
23.62728119	0.07483245
23.65112305	0.11073010
23.67496490	0.11949570
23.69880676	0.09030075
23.72264862	0.07023050
23.74649048	0.09118230
23.77033234	0.10596110
23.79417419	0.09274766
23.81801605	0.06270133
23.84185791	0.06838053
23.86569977	0.09817449
23.88954163	0.10647940
23.91338348	0.08810310
23.93722534	0.07357034
23.96106720	0.09832381
23.98490906	0.12399360
24.00875092	0.10507750
24.03259277	0.07314427
24.05643463	0.09080131
24.08027649	0.10978420
24.10411835	0.07100618
24.12796021	0.03480125
24.15180206	0.08817630
24.17564392	0.33662640
24.19948578	0.36622130
24.22332764	0.10662370
24.24716949	0.16708110
24.27101135	0.35215010
24.29485321	0.26436120
24.31869507	0.07666692
24.34253693	0.07057281
24.36637878	0.11769900
24.39022064	0.03744088
24.41406250	0.05116677
24.43790436	0.03513138
24.46174622	0.05186586
24.48558807	0.07340880
24.50942993	0.09702599
24.53327179	0.11856880
24.55711365	0.12970330
24.58095551	0.12323690
24.60479736	0.13701830
24.62863922	0.17285720
24.65248108	0.16285910
24.67632294	0.12907810
24.70016479	0.15018070
24.72400665	0.17067610
24.74784851	0.13612840
24.77169037	0.10204280
24.79553223	0.11313990
24.81937408	0.12305940
24.84321594	0.08412477
24.86705780	0.04555785
24.89089966	0.20193110
24.91474152	0.23465240
24.93858337	0.20715070
24.96242523	10.89982000
24.98626709	37.38061000
25.01010895	41.60767000
25.03395081	15.84044000
25.05779266	1.16794000
25.08163452	0.32164780
25.10547638	0.15544850
25.12931824	0.05142891
25.15316010	0.05122226
25.17700195	0.13391660
25.20084381	0.11480880
25.22468567	0.10103690
25.24852753	0.12239580
25.27236938	0.16993110
25.29621124	0.15726440
25.32005310	0.13008140
25.34389496	0.15451150
25.36773682	0.17774950
25.39157867	0.14436250
25.41542053	0.12549620
25.43926239	0.12880340
25.46310425	0.12684420
25.48694611	0.09764976
25.51078796	0.08437714
25.53462982	0.05119380
25.55847168	0.04623917
25.58231354	0.04485816
25.60615540	0.02765303
25.62999725	0.11254330
25.65383911	0.08995699
25.67768097	0.06230134
25.70152283	0.22628190
25.72536469	0.37774120
25.74920654	0.22717330
25.77304840	0.04845119
25.79689026	0.32306190
25.82073212	0.37372560
25.84457397	0.13253450
25.86841583	0.03390259
25.89225769	0.06119999
25.91609955	0.10721570
25.93994141	0.09887331
25.96378326	0.07368186
25.98762512	0.09865797
26.01146698	0.12637850
26.03530884	0.10650410
26.05915070	0.07835342
26.08299255	0.08536646
26.10683441	0.10633380
26.13067627	0.10269940
26.15451813	0.07529432
26.17835999	0.05923902
26.20220184	0.08641424
26.22604370	0.10479700
26.24988556	0.09415408
26.27372742	0.06891724
26.29756927	0.08227491
26.32141113	0.11350880
26.34525299	0.11480020
26.36909485	0.07860867
26.39293671	0.07584018
26.41677856	0.10606960
26.44062042	0.09019033
26.46446228	0.04190931
26.48830414	0.03800294
26.51214600	0.23145800
26.53598785	0.40637280
26.55982971	0.22996850
26.58367157	0.05595617
26.60751343	0.27014090
26.63135529	0.30854120
26.65519714	0.12784110
26.67903900	0.04991578
26.70288086	0.10578240
26.72672272	0.07385253
26.75056458	0.04765878
26.77440643	0.03303152
26.79824829	0.04858819
26.82209015	0.05144553
26.84593201	0.09317843
26.86977386	0.10373650
26.89361572	0.12615410
26.91745758	0.12242330
26.94129944	0.12517070
26.96514130	0.15871130
26.98898315	0.17092410
27.01282501	0.13849120
27.03666687	0.13436230
27.06050873	0.16815140
27.08435059	0.15565520
27.10819244	0.10633690
27.13203430	0.10713780
27.15587616	0.12669850
27.17971802	0.10785580
27.20355988	0.03941446
27.22740173	0.07840675
27.25124359	0.27400670
27.27508545	0.23513540
27.29892731	0.75041990
27.32276917	5.21329000
27.34661102	8.98830000
27.37045288	5.49297200
27.39429474	0.95650970
27.41813660	0.21071190
27.44197845	0.26168960
27.46582031	0.07691812
27.48966217	0.03716571
27.51350403	0.10256010
27.53734589	0.12376910
27.56118774	0.10589800
27.58502960	0.10595160
27.60887146	0.15522320
27.63271332	0.16918330
27.65655518	0.13694150
27.68039703	0.14112470
27.70423889	0.17622930
27.72808075	0.16451110
27.75192261	0.12820680
27.77576447	0.12928360
27.79960632	0.13579750
27.82344818	0.10959880
27.84729004	0.09460132
27.87113190	0.06017279
27.89497375	0.06211362
27.91881561	0.03093547
27.94265747	0.04081631
27.96649933	0.07906440
27.99034119	0.12600780
28.01418304	0.05493269
28.03802490	0.14300610
28.06186676	0.37993450
28.08570862	0.34950650
28.10955048	0.08797418
28.13339233	0.20927990
28.15723419	0.39775170
28.18107605	0.24038480
28.20491791	0.04248697
28.22875977	0.04379559
28.25260162	0.09543359
28.27644348	0.11111690
28.30028534	0.08191397
28.32412720	0.08630522
28.34796906	0.12436420
28.37181091	0.12181180
28.39565277	0.09099554
28.41949463	0.08221123
28.44333649	0.10479280
28.46717834	0.10878460
28.49102020	0.09005193
28.51486206	0.06042285
28.53870392	0.07348605
28.56254578	0.09941608
28.58638763	0.09912699
28.61022949	0.07209192
28.63407135	0.06701031
28.65791321	0.09894624
28.68175507	0.11646460
28.70559692	0.09024461
28.72943878	0.06691664
28.75328064	0.09304217
28.77712250	0.10301680
28.80096436	0.05844580
28.82480621	0.03445568
28.84864807	0.12289520
28.87248993	0.37218710
28.89633179	0.34087260
28.92017365	0.06969384
28.94401550	0.17171800
28.96785736	0.29879780
28.99169922	0.19267630
29.01554108	0.06238106
29.03938293	0.07326042
29.06322479	0.09888534
29.08706665	0.03854181
29.11090851	0.05196046
29.13475037	0.03387822
29.15859222	0.03972580
29.18243408	0.08019334
29.20627594	0.09621560
29.23011780	0.11703550
29.25395966	0.12039720
29.27780151	0.12068620
29.30164337	0.14005570
29.32548523	0.17079370
29.34932709	0.15106310
29.37316895	0.12671150
29.39701080	0.15532410
29.42085266	0.16804740
29.44469452	0.12414920
29.46853638	0.10163310
29.49237823	0.11874430
29.51622009	0.12741960
29.54006195	0.06164790
29.56390381	0.03602767
29.58774567	0.21081230
29.61158752	0.29102130
29.63542938	0.03206206
29.65927124	1.61244200
29.68311310	4.50616400
29.70695496	4.26004400
29.73079681	1.33072300
29.75463867	0.17859090
29.77848053	0.27462330
29.80232239	0.15158510
29.82616425	0.02903038
29.85000610	0.06534104
29.87384796	0.12652190
29.89768982	0.10913830
29.92153168	0.10114080
29.94537354	0.13309670
29.96921539	0.17140800
29.99305725	0.15155160
30.01689911	0.13180210
30.04074097	0.16575980
30.06458282	0.17894100
30.08842468	0.14024880
30.11226654	0.12828670
30.13610840	0.13791670
30.15995026	0.12757120
30.18379211	0.09782851
30.20763397	0.07941979
30.23147583	0.06390836
30.25531769	0.04646375
30.27915955	0.04500852
30.30300140	0.03214177
30.32684326	0.13512520
30.35068512	0.08652074
30.37452698	0.08115058
30.39836884	0.31606770
30.42221069	0.44712250
30.44605255	0.22421570
30.46989441	0.08370314
30.49373627	0.34920090
30.51757813	0.33981420
30.54141998	0.09586461
30.56526184	0.03565960
30.58910370	0.07769723
30.61294556	0.11452570
30.63678741	0.09634100
30.66062927	0.07987865
30.68447113	0.11384360
30.70831299	0.13312000
30.73215485	0.10562550
30.75599670	0.08520156
30.77983856	0.10073240
30.80368042	0.11300600
30.82752228	0.10188900
30.85136414	0.07181953
30.87520599	0.06407405
30.89904785	0.08980352
30.92288971	0.10180110
30.94673157	0.07977883
30.97057343	0.05676521
30.99441528	0.08191969
31.01825714	0.11032390
31.04209900	0.10124910
31.06594086	0.06765036
31.08978271	0.07655217
31.11362457	0.10445280
31.13746643	0.07931259
31.16130829	0.04105908
31.18515015	0.04869473
31.20899200	0.27826690
31.23283386	0.40588200
31.25667572	0.18809650
31.28051758	0.07601951
31.30435944	0.24396320
31.32820129	0.23957470
31.35204315	0.09376236
31.37588501	0.04908867
31.39972687	0.09749693
31.42356873	0.05665115
31.44741058	0.05844162
31.47125244	0.02940396
31.49509430	0.03810592
31.51893616	0.05644633
31.54277802	0.09462188
31.56661987	0.10391300
31.59046173	0.11812490
31.61430359	0.11689550
31.63814545	0.12596510
31.66198730	0.16035880
31.68582916	0.16135790
31.70967102	0.13008580
31.73351288	0.13838680
31.75735474	0.16935330
31.78119659	0.14555590
31.80503845	0.10138340
31.82888031	0.11109730
31.85272217	0.13080470
31.87656403	0.09625915
31.90040588	0.03780879
31.92424774	0.11893830
31.94808960	0.30151900
31.97193146	0.21346530
31.99577332	0.43660860
32.01961517	2.33841400
32.04345703	3.40070400
32.06729889	1.74295500
32.09114075	0.27042500
32.11498260	0.22299020
32.13882446	0.22443700
32.16266632	0.04565068
32.18650818	0.03959686
32.21035004	0.11086000
32.23419189	0.11547280
32.25803375	0.10300730
32.28187561	0.11178090
32.30571747	0.16214090
32.32955933	0.16473070
32.35340118	0.13367230
32.37724304	0.15021680
32.40108490	0.18257280
32.42492676	0.15971480
32.44876862	0.12832830
32.47261047	0.13643060
32.49645233	0.14116970
32.52029419	0.10713040
32.54413605	0.09316948
32.56797791	0.06420209
32.59181976	0.06922007
32.61566162	0.03320444
32.63950348	0.02449846
32.66334534	0.10886210
32.68718719	0.13152210
32.71102905	0.05887730
32.73487091	0.21339530
32.75871277	0.48120350
32.78255463	0.37673260
32.80639648	0.06007661
32.83023834	0.24809230
32.85408020	0.38862190
32.87792206	0.19295710
32.90176392	0.03754937
32.92560577	0.05726794
32.94944763	0.10838540
32.97328949	0.11056460
32.99713135	0.08256271
33.02097321	0.09990265
33.04481506	0.13578050
33.06865692	0.12186940
33.09249878	0.09344404
33.11634064	0.09600808
33.14018250	0.11568690
33.16402435	0.10998910
33.18786621	0.08739936
33.21170807	0.06242094
33.23554993	0.07900499
33.25939178	0.09978458
33.28323364	0.08890383
33.30707550	0.05597199
33.33091736	0.06345852
33.35475922	0.09870350
33.37860107	0.10618760
33.40244293	0.07680530
33.42628479	0.06344870
33.45012665	0.09451019
33.47396851	0.09616887
33.49781036	0.05469285
33.52165222	0.03356768
33.54549408	0.16385210
33.56933594	0.39875380
33.59317780	0.30714650
33.61701965	0.04037327
33.64086151	0.16801050
33.66470337	0.24612420
33.68854523	0.14074400
33.71238708	0.05588061
33.73622894	0.07391933
33.76007080	0.08101133
33.78391266	0.05143231
33.80775452	0.05022766
33.83159637	0.02962076
33.85543823	0.03404903
33.87928009	0.08634479
33.90312195	0.09568537
33.92696381	0.11245070
33.95080566	0.11229430
33.97464752	0.11880760
33.99848938	0.14326010
34.02233124	0.16505270
34.04617310	0.13979590
34.07001495	0.12593390
34.09385681	0.15968960
34.11769867	0.16152450
34.14154053	0.11373000
34.16538239	0.10346880
34.18922424	0.12440500
34.21306610	0.12204480
34.23690796	0.05056340
34.26074982	0.05115640
34.28459167	0.25261110
34.30843353	0.29292440
34.33227539	0.01729486
34.35611725	1.08700100
34.37995911	2.50258600
34.40380096	2.00715000
34.42764282	0.51360320
34.45148468	0.15487000
34.47532654	0.25605910
34.49916840	0.11091660
34.52301025	0.03146901
34.54685211	0.07697381
34.57069397	0.12172530
34.59453583	0.10374060
34.61837769	0.10171060
34.64221954	0.14239730
34.66606140	0.17058340
34.68990326	0.14531660
34.71374512	0.13639200
34.73758698	0.17513600
34.76142883	0.17746130
34.78527069	0.13606970
34.80911255	0.13324180
34.83295441	0.14593920
34.85679626	0.12598850
34.88063812	0.09765788
34.90447998	0.07678044
34.92832184	0.07659565
34.95216370	0.04410626
34.97600555	0.04089873
34.99984741	0.05772592
35.02368927	0.15489390
35.04753113	0.08125401
35.07137299	0.11958300
35.09521484	0.43131370
35.11905670	0.51687630
35.14289856	0.21175360
35.16674042	0.12330890
35.19058228	0.36593050
35.21442413	0.29854740
35.23826599	0.06759116
35.26210785	0.04091735
35.28594971	0.09460966
35.30979156	0.11850130
35.33363342	0.09382189
35.35747528	0.08879938
35.38131714	0.12843390
35.40515900	0.13663740
35.42900085	0.10514200
35.45284271	0.09463155
35.47668457	0.11485730
35.50052643	0.11694960
35.52436829	0.10076410
35.54821014	0.07070187
35.57205200	0.07110883
35.59589386	0.09257539
35.61973572	0.09657939
35.64357758	0.06350506
35.66741943	0.04765737
35.69126129	0.08256993
35.71510315	0.10418510
35.73894501	0.08768889
35.76278687	0.05958539
35.78662872	0.07822498
35.81047058	0.10182500
35.83431244	0.07512581
35.85815430	0.04582020
35.88199615	0.06984989
35.90583801	0.32216520
35.92967987	0.39365290
35.95352173	0.14617660
35.97736359	0.08919641
36.00120544	0.21276810
36.02504730	0.18272380
36.04888916	0.07689720
36.07273102	0.05006117
36.09657288	0.08703494
36.12041473	0.05294069
36.14425659	0.06459729
36.16809845	0.02607276
36.19194031	0.02647959
36.21578217	0.06572700
36.23962402	0.09495525
36.26346588	0.10246860
36.28730774	0.10896970
36.31114960	0.11311700
36.33499146	0.12756110
36.35883331	0.15923920
36.38267517	0.15000770
36.40651703	0.12362420
36.43035889	0.14298560
36.45420074	0.16751950
36.47804260	0.13379190
36.50188446	0.09870470
36.52572632	0.11575580
36.54956818	0.13142380
36.57341003	0.08202323
36.59725189	0.03749547
36.62109375	0.16339960
36.64493561	0.32272940
36.66877747	0.18356310
36.69261932	0.39458530
36.71646118	1.62628400
36.74030304	2.00423300
36.76414490	0.85430770
36.78798676	0.14556180
36.81182861	0.22868390
36.83567047	0.18496150
36.85951233	0.02393506
36.88335419	0.04400121
36.90719604	0.11436590
36.93103790	0.10655870
36.95487976	0.10120780
36.97872162	0.11900140
37.00256348	0.16599650
37.02640533	0.15864840
37.05024719	0.13227230
37.07408905	0.15984130
37.09793091	0.18585700
37.12177277	0.15356910
37.14561462	0.13009720
37.16945648	0.14436060
37.19329834	0.14369550
37.21714020	0.10443120
37.24098206	0.09134069
37.26482391	0.07370189
37.28866577	0.07214065
37.31250763	0.03557207
37.33634949	0.00852376
37.36019135	0.13992900
37.38403320	0.13155400
37.40787506	0.07141659
37.43171692	0.31607410
37.45555878	0.59597060
37.47940063	0.39547150
37.50324249	0.03051645
37.52708435	0.28213410
37.55092621	0.36838540
37.57476807	0.14781520
37.59860992	0.03710081
37.62245178	0.07424491
37.64629364	0.11800080
37.67013550	0.10825020
37.69397736	0.08546221
37.71781921	0.11459020
37.74166107	0.14422670
37.76550293	0.12049150
37.78934479	0.09814376
37.81318665	0.11050210
37.83702850	0.12356350
37.86087036	0.11018070
37.88471222	0.08546063
37.90855408	0.06839576
37.93239594	0.08395617
37.95623779	0.09891672
37.98007965	0.07585868
38.00392151	0.04114901
38.02776337	0.06246501
38.05160522	0.09662281
38.07544708	0.09414174
38.09928894	0.06624336
38.12313080	0.06226821
38.14697266	0.09504930
38.17081451	0.09355262
38.19465637	0.06141983
38.21849823	0.03149375
38.24234009	0.20863000
38.26618195	0.41448670
38.29002380	0.26736010
38.31386566	0.02797493
38.33770752	0.15679260
38.36154938	0.19736790
38.38539124	0.10780390
38.40923309	0.05250505
38.43307495	0.07220934
38.45691681	0.06878527
38.48075867	0.06444649
38.50460052	0.04708620
38.52844238	0.02267335
38.55228424	0.03926143
38.57612610	0.09118203
38.59996796	0.09470130
38.62380981	0.10542540
38.64765167	0.10587410
38.67149353	0.11804360
38.69533539	0.14516440
38.71917725	0.15633970
38.74301910	0.12928130
38.76686096	0.12712430
38.79070282	0.16207290
38.81454468	0.15202530
38.83838654	0.10477980
38.86222839	0.10644570
38.88607025	0.12846830
38.90991211	0.11207010
38.93375397	0.04334769
38.95759583	0.07862741
38.98143768	0.29203950
39.00527954	0.28321320
39.02912140	0.04417449
39.05296326	0.90061160
39.07680511	1.72732900
39.10064697	1.17098500
39.12448883	0.25103380
39.14833069	0.16281290
39.17217255	0.23109940
39.19601440	0.07178722
39.21985626	0.03399831
39.24369812	0.08676471
39.26753998	0.11357240
39.29138184	0.10009940
39.31522369	0.10374280
39.33906555	0.15002150
39.36290741	0.16700940
39.38674927	0.13965720
39.41059113	0.14290500
39.43443298	0.18249600
39.45827484	0.17320060
39.48211670	0.13307770
39.50595856	0.13952880
39.52980042	0.15234750
39.55364227	0.12230520
39.57748413	0.09754880
39.60132599	0.07780533
39.62516785	0.08697522
39.64900970	0.04043780
39.67285156	0.03159724
39.69669342	0.09143919
39.72053528	0.16956210
39.74437714	0.07738139
39.76821899	0.18746620
39.79206085	0.57566030
39.81590271	0.58542240
39.83974457	0.19027400
39.86358643	0.16366560
39.88742828	0.37202090
39.91127014	0.25262410
39.93511200	0.04937599
39.95895386	0.05143789
39.98279572	0.10931650
40.00663757	0.11925930
40.03047943	0.09209415
40.05432129	0.10014120
40.07816315	0.14122320
40.10200500	0.13729890
40.12584686	0.10586790
40.14968872	0.10621520
40.17353058	0.12680580
40.19737244	0.11873910
40.22121429	0.09966832
40.24505615	0.07305663
40.26889801	0.07844178
40.29273987	0.09459564
40.31658173	0.08875336
40.34042358	0.04636670
40.36426544	0.04220940
40.38810730	0.08322471
40.41194916	0.09509858
40.43579102	0.07628413
40.45963287	0.05432831
40.48347473	0.08009793
40.50731659	0.10108640
40.53115845	0.08191596
40.55500031	0.05025136
40.57884216	0.10035370
40.60268402	0.36035040
40.62652588	0.37055030
40.65036774	0.10683820
40.67420959	0.09478274
40.69805145	0.17924030
40.72189331	0.14012700
40.74573517	0.06989337
40.76957703	0.05166630
40.79341888	0.07729394
40.81726074	0.06097982
40.84110260	0.06696577
40.86494446	0.02298460
40.88878632	0.02041155
40.91262817	0.07586663
40.93647003	0.09436485
40.96031189	0.09890829
40.98415375	0.09995916
41.00799561	0.11089860
41.03183746	0.12937890
41.05567932	0.15497830
41.07952118	0.13779960
41.10336304	0.11939280
41.12720490	0.14727640
41.15104675	0.16236500
41.17488861	0.12142120
41.19873047	0.09814119
41.22257233	0.12037960
41.24641418	0.12775050
41.27025604	0.06722489
41.29409790	0.04069098
41.31793976	0.21016690
41.34178162	0.33468300
41.36562347	0.14757670
41.38946533	0.39366930
41.41330719	1.27669000
41.43714905	1.33614200
41.46099091	0.46987630
41.48483276	0.11419290
41.50867462	0.22555580
41.53251648	0.14380010
41.55635834	0.02132255
41.58020020	0.05082782
41.60404205	0.11306940
41.62788391	0.09854966
41.65172577	0.10026270
41.67556763	0.12675600
41.69940948	0.16663020
41.72325134	0.15174480
41.74709320	0.13305470
41.77093506	0.16907160
41.79477692	0.18590740
41.81861877	0.14697780
41.84246063	0.13356920
41.86630249	0.15224330
41.89014435	0.14316770
41.91398621	0.10214970
41.93782806	0.08993205
41.96166992	0.08579865
41.98551178	0.07088322
42.00935364	0.03664396
42.03319550	0.03069850
42.05703735	0.16929490
42.08087921	0.12661090
42.10472107	0.10053950
42.12856293	0.45918060
42.15240479	0.72514830
42.17624664	0.40518920
42.20008850	0.03068909
42.22393036	0.30926420
42.24777222	0.33831220
42.27161407	0.10768180
42.29545593	0.03907096
42.31929779	0.09163224
42.34313965	0.12361970
42.36698151	0.10505050
42.39082336	0.09097749
42.41466522	0.12921920
42.43850708	0.14935810
42.46234894	0.11866570
42.48619080	0.10525160
42.51003265	0.12457780
42.53387451	0.12842600
42.55771637	0.10992520
42.58155823	0.08514926
42.60540009	0.07668804
42.62924194	0.08792996
42.65308380	0.09636898
42.67692566	0.06050378
42.70076752	0.02925708
42.72460938	0.06331694
42.74845123	0.09183186
42.77229309	0.08235119
42.79613495	0.05928472
42.81997681	0.06280671
42.84381866	0.09573221
42.86766052	0.10044160
42.89150238	0.07353434
42.91534424	0.03336871
42.93918610	0.25449660
42.96302795	0.41835190
42.98686981	0.22407480
43.01071167	0.03529645
43.03455353	0.13968510
43.05839539	0.15589950
43.08223724	0.09097908
43.10607910	0.05067949
43.12992096	0.06925643
43.15376282	0.06627092
43.17760468	0.07414047
43.20144653	0.04371679
43.22528839	0.01552861
43.24913025	0.05154303
43.27297211	0.09429470
43.29681396	0.09283512
43.32065582	0.09667619
43.34449768	0.10161970
43.36833954	0.11811680
43.39218140	0.14494790
43.41602325	0.14522530
43.43986511	0.12024680
43.46370697	0.12972050
43.48754883	0.16174930
43.51139069	0.14018470
43.53523254	0.09799531
43.55907440	0.11018710
43.58291626	0.12971330
43.60675812	0.09844864
43.63059998	0.03981678
43.65444183	0.11520510
43.67828369	0.32568950
43.70212555	0.26380160
43.72596741	0.08479712
43.74980927	0.79727630
43.77365112	1.28538300
43.79749298	0.73208640
43.82133484	0.14214720
43.84517670	0.17305710
43.86901855	0.20025630
43.89286041	0.03721718
43.91670227	0.03486774
43.94054413	0.09335478
43.96438599	0.10320540
43.98822784	0.09820005
44.01206970	0.10727820
44.03591156	0.15517300
44.05975342	0.16130180
44.08359528	0.13523940
44.10743713	0.15070190
44.13127899	0.18719680
44.15512085	0.16676520
44.17896271	0.13181410
44.20280457	0.14674090
44.22664642	0.15632540
44.25048828	0.11733310
44.27433014	0.09745713
44.29817200	0.08329120
44.32201385	0.09361275
44.34585571	0.03713416
44.36969757	0.01665500
44.39353943	0.12819950
44.41738129	0.17773110
44.44122314	0.07973044
44.46506500	0.29691960
44.48890686	0.75542430
44.51274872	0.65265280
44.53659058	0.16077390
44.56043243	0.20208070
44.58427429	0.36702830
44.60811615	0.20487380
44.63195801	0.04095615
44.65579987	0.06609873
44.67964172	0.12039210
44.70348358	0.11748350
44.72732544	0.09186829
44.75116730	0.11316840
44.77500916	0.15133290
44.79885101	0.13576610
44.82269287	0.10843990
44.84653473	0.11916630
44.87037659	0.13595340
44.89421844	0.11905900
44.91806030	0.09905406
44.94190216	0.07895617
44.96574402	0.08481627
44.98958588	0.09572013
45.01342773	0.07824626
45.03726959	0.02990130
45.06111145	0.04029698
45.08495331	0.08276581
45.10879517	0.08391517
45.13263702	0.06922059
45.15647888	0.05137967
45.18032074	0.08183449
45.20416260	0.10724450
45.22800446	0.09825528
45.25184631	0.05059351
45.27568817	0.13790210
45.29953003	0.39032950
45.32337189	0.33814830
45.34721375	0.07276671
45.37105560	0.09310264
45.39489746	0.14666060
45.41873932	0.11302030
45.44258118	0.06664995
45.46642303	0.05332880
45.49026489	0.07201101
45.51410675	0.07295098
45.53794861	0.06671181
45.56179047	0.02087654
45.58563232	0.02843678
45.60947418	0.08483939
45.63331604	0.09300621
45.65715790	0.09310894
45.68099976	0.09240367
45.70484161	0.10988960
45.72868347	0.13066250
45.75252533	0.14753750
45.77636719	0.12569400
45.80020905	0.11740490
45.82405090	0.15032100
45.84789276	0.15394710
45.87173462	0.10953230
45.89557648	0.09934076
45.91941833	0.12396150
45.94326019	0.11957580
45.96710205	0.05400874
45.99094391	0.05236378
46.01478577	0.25670200
46.03862762	0.33640940
46.06246948	0.10768810
46.08631134	0.40107390
46.11015320	1.04804800
46.13399506	0.93103370
46.15783691	0.26967510
46.18167877	0.11170360
46.20552063	0.21385720
46.22936249	0.10299430
46.25320435	0.02913410
46.27704620	0.05880375
46.30088806	0.10723740
46.32472992	0.09284095
46.34857178	0.10006580
46.37241364	0.13401400
46.39625549	0.16419180
46.42009735	0.14482720
46.44393921	0.13602050
46.46778107	0.17700390
46.49162292	0.18282680
46.51546478	0.14085930
46.53930664	0.13859250
46.56314850	0.15915220
46.58699036	0.13976200
46.61083221	0.10066770
46.63467407	0.09008402
46.65851593	0.09767729
46.68235779	0.06604702
46.70619965	0.03482953
46.73004150	0.06461611
46.75388336	0.19459210
46.77772522	0.11862070
46.80156708	0.15962060
46.82540894	0.65600920
46.84925079	0.87250590
46.87309265	0.40640020
46.89693451	0.06669305
46.92077637	0.32775250
46.94461823	0.30029700
46.96846008	0.07508927
46.99230194	0.04436227
47.01614380	0.10723820
47.03998566	0.12537920
47.06382751	0.10183680
47.08766937	0.09913047
47.11151123	0.14266100
47.13535309	0.15124760
47.15919495	0.11736060
47.18303680	0.11459690
47.20687866	0.13720580
47.23072052	0.13059710
47.25456238	0.10969450
47.27840424	0.08733696
47.30224609	0.08541001
47.32608795	0.09090001
47.34992981	0.09174238
47.37377167	0.04392304
47.39761353	0.02222842
47.42145538	0.06509281
47.44529724	0.08384760
47.46913910	0.07391617
47.49298096	0.05544311
47.51682281	0.06442630
47.54066467	0.09988032
47.56450653	0.11897510
47.58834839	0.08530883
47.61219025	0.04704354
47.63603210	0.29860500
47.65987396	0.41010900
47.68371582	0.18001380
47.70755768	0.04532686
47.73139954	0.11905720
47.75524139	0.12511240
47.77908325	0.08433962
47.80292511	0.05025475
47.82676697	0.06735627
47.85060883	0.07289675
47.87445068	0.08006290
47.89829254	0.04113297
47.92213440	0.01721299
47.94597626	0.06545159
47.96981812	0.09571992
47.99365997	0.08963618
48.01750183	0.08735224
48.04134369	0.09949723
48.06518555	0.11863230
48.08902740	0.14199250
48.11286926	0.13251250
48.13671112	0.11321570
48.16055298	0.13291610
48.18439484	0.15823060
48.20823669	0.12688260
48.23207855	0.09371316
48.25592041	0.11413380
48.27976227	0.12719500
48.30360413	0.08252107
48.32744598	0.03889254
48.35128784	0.15815440
48.37512970	0.35124630
48.39897156	0.23616430
48.42281342	0.12485730
48.44665527	0.72088520
48.47049713	0.98306460
48.49433899	0.46676730
48.51818085	0.09622134
48.54202271	0.17876340
48.56586456	0.16525090
48.58970642	0.01036010
48.61354828	0.03537849
48.63739014	0.09578209
48.66123199	0.09240352
48.68507385	0.09752871
48.70891571	0.11202530
48.73275757	0.15733200
48.75659943	0.15426080
48.78044128	0.13253870
48.80428314	0.15896120
