Частота	A * B
(kГц)	(?)

0.00000000	3.10688300
0.02384186	1.30294100
0.04768372	0.27686930
0.07152557	0.20186690
0.09536743	0.15009420
0.11920929	0.06178896
0.14305115	0.06053659
0.16689301	0.03463817
0.19073486	0.02738317
0.21457672	0.01140376
0.23841858	0.14965500
0.26226044	0.32016450
0.28610229	0.28105800
0.30994415	0.34610520
0.33378601	1.14130200
0.35762787	1.20737600
0.38146973	0.44509370
0.40531158	0.15242650
0.42915344	0.15466350
0.45299530	0.05502940
0.47683716	0.01889339
0.50067902	0.04619495
0.52452087	0.18406440
0.54836273	0.24358980
0.57220459	0.21867900
0.59604645	0.64488820
0.61988831	0.88679360
0.64373016	0.46446040
0.66757202	0.17066480
0.69141388	0.19045010
0.71525574	0.11363590
0.73909760	0.05296492
0.76293945	0.04999017
0.78678131	0.05470220
0.81062317	0.10552200
0.83446503	0.11375160
0.85830688	0.07739304
0.88214874	0.06083166
0.90599060	0.13859310
0.92983246	0.19201280
0.95367432	0.16341630
0.97751617	0.11260590
1.00135803	0.08289236
1.02519989	0.22094120
1.04904175	0.21359510
1.07288361	0.05109525
1.09672546	0.01429248
1.12056732	0.02278796
1.14440918	0.05092396
1.16825104	0.11543170
1.19209290	0.26200480
1.21593475	0.59933660
1.23977661	0.62524070
1.26361847	0.19913980
1.28746033	0.11392210
1.31130219	0.16503260
1.33514404	0.08319496
1.35898590	0.01831460
1.38282776	0.06435695
1.40666962	0.03859430
1.43051147	0.04893587
1.45435333	0.11901440
1.47819519	0.15903770
1.50203705	0.18593170
1.52587891	0.12119270
1.54972076	0.03050864
1.57356262	0.03584477
1.59740448	0.06085421
1.62124634	0.04434911
1.64508820	0.06209500
1.66893005	0.05563771
1.69277191	0.01389102
1.71661377	0.00469634
1.74045563	0.05069219
1.76429749	0.05265426
1.78813934	0.05591698
1.81198120	0.20920650
1.83582306	0.41660590
1.85966492	0.33781170
1.88350677	0.08556864
1.90734863	0.01432984
1.93119049	0.02430217
1.95503235	0.24768830
1.97887421	1.35076500
2.00271606	2.05824400
2.02655792	1.09277800
2.05039978	0.08909290
2.07424164	0.09157006
2.09808350	0.13712180
2.12192535	0.22481620
2.14576721	0.31877060
2.16960907	0.27988410
2.19345093	0.10328650
2.21729279	0.03486949
2.24113464	0.06609393
2.26497650	0.14736510
2.28881836	0.10657300
2.31266022	0.03739584
2.33650208	0.04363670
2.36034393	0.03665042
2.38418579	0.05307027
2.40802765	0.09777839
2.43186951	0.11642830
2.45571136	0.13237700
2.47955322	0.12533930
2.50339508	0.04558408
2.52723694	0.08762111
2.55107880	0.09885316
2.57492065	0.05735659
2.59876251	0.03501756
2.62260437	0.04658154
2.64644623	0.07658959
2.67028809	0.18989590
2.69412994	0.24007890
2.71797180	0.14836040
2.74181366	0.34599300
2.76565552	0.70106430
2.78949738	0.49945080
2.81333923	0.07636957
2.83718109	0.03298179
2.86102295	0.04581606
2.88486481	0.11113890
2.90870667	0.10785990
2.93254852	0.08222857
2.95639038	0.05279111
2.98023224	0.04525783
3.00407410	0.22843600
3.02791595	0.64815250
3.05175781	0.64779800
3.07559967	0.25853090
3.09944153	0.05848303
3.12328339	0.03863843
3.14712524	0.09296456
3.17096710	0.12454750
3.19480896	0.12371000
3.21865082	0.11583340
3.24249268	0.08162197
3.26633453	0.03642788
3.29017639	0.13510160
3.31401825	0.19105760
3.33786011	0.18467380
3.36170197	0.55589460
3.38554382	0.89681910
3.40938568	0.49378440
3.43322754	0.02428434
3.45706940	0.05196288
3.48091125	0.06071443
3.50475311	0.05196933
3.52859497	0.01498258
3.55243683	0.02933044
3.57627869	0.02607095
3.60012054	0.14163680
3.62396240	1.87367800
3.64780426	4.23226800
3.67164612	3.28988600
3.69548798	0.82684460
3.71932983	0.22490820
3.74317169	0.14789310
3.76701355	0.02556657
3.79085541	0.02602919
3.81469727	0.06846631
3.83853912	0.11685720
3.86238098	0.12183400
3.88622284	0.08374084
3.91006470	0.06533249
3.93390656	0.10613710
3.95774841	0.12633140
3.98159027	0.27600160
4.00543213	0.36702210
4.02927399	0.16642820
4.05311584	0.03676656
4.07695770	0.04288910
4.10079956	0.08885774
4.12464142	0.13017600
4.14848328	0.14354480
4.17232513	0.08652633
4.19616699	0.01951705
4.22000885	0.04869249
4.24385071	0.48726540
4.26769257	0.88804510
4.29153442	0.59675750
4.31537628	0.48704700
4.33921814	0.72780570
4.36306000	0.54580480
4.38690186	0.10756520
4.41074371	0.07974973
4.43458557	0.07437481
4.45842743	0.02875449
4.48226929	0.05463654
4.50611115	0.05779202
4.52995300	0.08734867
4.55379486	0.20410140
4.57763672	0.30952520
4.60147858	0.43345660
4.62532043	0.42636220
4.64916229	0.16867720
4.67300415	0.01211746
4.69684601	0.01755988
4.72068787	0.03162270
4.74452972	0.08102868
4.76837158	0.13280160
4.79221344	0.09267854
4.81605530	0.06308699
4.83989716	0.06248433
4.86373901	0.08076293
4.88758087	0.10168830
4.91142273	0.13582050
4.93526459	0.12563340
4.95910645	0.15801220
4.98294830	0.10056670
5.00679016	0.04780448
5.03063202	0.13178850
5.05447388	0.13980120
5.07831573	0.07168705
5.10215759	0.08058034
5.12599945	0.05702489
5.14984131	0.06892414
5.17368317	0.26045980
5.19752502	0.42624130
5.22136688	0.39517510
5.24520874	0.25608540
5.26905060	0.05512014
5.29289246	0.02960119
5.31673431	0.01821762
5.34057617	0.03920555
5.36441803	0.03197636
5.38825989	0.02877043
5.41210175	0.03190507
5.43594360	0.06357008
5.45978546	0.05238064
5.48362732	0.21728140
5.50746918	0.26986940
5.53131104	0.15212840
5.55515289	0.09805372
5.57899475	0.09715139
5.60283661	0.03541422
5.62667847	0.01469181
5.65052032	0.02476858
5.67436218	0.00949582
5.69820404	0.05798892
5.72204590	0.09019606
5.74588776	0.06318813
5.76972961	0.07825152
5.79357147	0.26256110
5.81741333	0.35389460
5.84125519	0.30088180
5.86509705	0.19817540
5.88893890	0.09504064
5.91278076	0.04109405
5.93662262	0.01983952
5.96046448	0.74980850
5.98430634	2.75681000
6.00814819	3.24976000
6.03199005	1.34466100
6.05583191	0.14695880
6.07967377	0.13089090
6.10351563	0.31497510
6.12735748	0.30954230
6.15119934	0.16290860
6.17504120	0.08014680
6.19888306	0.04878730
6.22272491	0.05598068
6.24656677	0.03565877
6.27040863	0.06417054
6.29425049	0.06631766
6.31809235	0.07323999
6.34193420	0.14738890
6.36577606	0.11281470
6.38961792	0.06064258
6.41345978	0.04460163
6.43730164	0.08030968
6.46114349	0.16076700
6.48498535	0.18613770
6.50882721	0.15610710
6.53266907	0.06659359
6.55651093	0.03057689
6.58035278	0.03533082
6.60419464	0.11885740
6.62803650	0.12013730
6.65187836	0.05045497
6.67572021	0.25994140
6.69956207	0.39084790
6.72340393	0.37627190
6.74724579	0.32534460
6.77108765	0.33897830
6.79492950	0.20386470
6.81877136	0.05861354
6.84261322	0.02246573
6.86645508	0.04244004
6.89029694	0.07173303
6.91413879	0.06756229
6.93798065	0.24899100
6.96182251	0.42143860
6.98566437	0.29254810
7.00950623	0.51860030
7.03334808	1.08271300
7.05718994	0.82024340
7.08103180	0.19117490
7.10487366	0.05301172
7.12871552	0.05972918
7.15255737	0.04795131
7.17639923	0.05094571
7.20024109	0.03348497
7.22408295	0.09305939
7.24792480	0.09831229
7.27176666	0.08841163
7.29560852	0.24312320
7.31945038	0.24650290
7.34329224	0.12947400
7.36713409	0.26567180
7.39097595	0.37749320
7.41481781	0.21153300
7.43865967	0.15151920
7.46250153	0.15417740
7.48634338	0.06601038
7.51018524	0.00542166
7.53402710	0.02188451
7.55786896	0.17287040
7.58171082	0.25851060
7.60555267	0.45386650
7.62939453	3.36168900
7.65323639	5.87646800
7.67707825	3.64009000
7.70092010	0.71710260
7.72476196	0.25082870
7.74860382	0.19375360
7.77244568	0.04679002
7.79628754	0.02217688
7.82012939	0.05309985
7.84397125	0.13320180
7.86781311	0.14087650
7.89165497	0.14355090
7.91549683	0.21123790
7.93933868	0.14563880
7.96318054	0.02998044
7.98702240	0.06877113
8.01086426	0.07159301
8.03470612	0.04544891
8.05854797	0.12108290
8.08238983	0.13740830
8.10623169	0.04382098
8.13007355	0.03523188
8.15391541	0.03645650
8.17775726	0.01730822
8.20159912	0.01958997
8.22544098	0.16297860
8.24928284	0.70058010
8.27312469	0.97338750
8.29696655	0.52865670
8.32080841	0.51653570
8.34465027	0.84340390
8.36849213	0.53679350
8.39233398	0.10115760
8.41617584	0.06722479
8.44001770	0.04190896
8.46385956	0.03086715
8.48770142	0.08367538
8.51154327	0.18250470
8.53538513	0.28827980
8.55922699	0.26675960
8.58306885	0.25451710
8.60691071	0.14790830
8.63075256	0.04129775
8.65459442	0.02737362
8.67843628	0.09388885
8.70227814	0.09893678
8.72612000	0.03069674
8.74996185	0.02062299
8.77380371	0.05005890
8.79764557	0.10927740
8.82148743	0.13605950
8.84532928	0.14299290
8.86917114	0.21556230
8.89301300	0.21034660
8.91685486	0.06519115
8.94069672	0.04953872
8.96453857	0.08284504
8.98838043	0.03698699
9.01222229	0.07011017
9.03606415	0.08046673
9.05990601	0.03442515
9.08374786	0.03433478
9.10758972	0.01110847
9.13143158	0.09681599
9.15527344	0.20626630
9.17911530	0.34528850
9.20295715	0.36666270
9.22679901	0.15379040
9.25064087	0.01103313
9.27448273	0.02710555
9.29832458	0.04690072
9.32216644	0.03615365
9.34600830	0.01867677
9.36985016	0.03081047
9.39369202	0.04971970
9.41753387	0.09352740
9.44137573	0.19523440
9.46521759	0.27765800
9.48905945	0.19860000
9.51290131	0.10213920
9.53674316	0.03434750
9.56058502	0.08103999
9.58442688	0.11934170
9.60826874	0.08210681
9.63211060	0.02097909
9.65595245	0.02754779
9.67979431	0.01811942
9.70363617	0.01988460
9.72747803	0.05582293
9.75131989	0.08531072
9.77516174	0.18338490
9.79900360	0.42225950
9.82284546	0.37974490
9.84668732	0.09373108
9.87052917	0.06066997
9.89437103	0.03484514
9.91821289	0.05718829
9.94205475	0.06650791
9.96589661	0.04366534
9.98973846	0.02445221
10.01358032	0.07090534
10.03742218	0.09794366
10.06126404	0.36456130
10.08510590	0.50201040
10.10894775	0.38644890
10.13278961	0.21470360
10.15663147	0.06882024
10.18047333	0.07044061
10.20431519	0.09818595
10.22815704	0.08976565
10.25199890	0.12517180
10.27584076	0.12813960
10.29968262	0.05036475
10.32352448	0.11290150
10.34736633	0.19444610
10.37120819	0.11957820
10.39505005	0.12204440
10.41889191	0.16444460
10.44273376	0.09777519
10.46657562	0.03176580
10.49041748	0.06771474
10.51425934	0.07839441
10.53810120	0.10967830
10.56194305	0.07211857
10.58578491	0.02703674
10.60962677	0.01534096
10.63346863	0.04493754
10.65731049	0.48259620
10.68115234	1.35068700
10.70499420	1.35001000
10.72883606	0.55651130
10.75267792	0.24771850
10.77651978	0.12869550
10.80036163	0.05095907
10.82420349	0.02958301
10.84804535	0.01839148
10.87188721	0.09630222
10.89572906	0.11311530
10.91957092	0.06275547
10.94341278	0.18002540
10.96725464	0.29295600
10.99109650	0.29932120
11.01493835	0.55939860
11.03878021	0.91984880
11.06262207	0.54547410
11.08646393	0.07639676
11.11030579	0.03125137
11.13414764	0.09166875
11.15798950	0.14839330
11.18183136	0.14760130
11.20567322	0.10499820
11.22951508	0.05042924
11.25335693	0.03970386
11.27719879	0.37256980
11.30104065	0.87832110
11.32488251	0.70054260
11.34872437	0.27574660
11.37256622	0.20909860
11.39640808	0.14393310
11.42024994	0.07156393
11.44409180	0.11364170
11.46793365	0.11996200
11.49177551	0.05470915
11.51561737	0.00588572
11.53945923	0.02606273
11.56330109	0.11036320
11.58714294	0.21022730
11.61098480	0.77713230
11.63482666	3.21340800
11.65866852	4.36702400
11.68251038	2.12302300
11.70635223	0.26417340
11.73019409	0.01298287
11.75403595	0.01006126
11.77787781	0.02702910
11.80171967	0.07351828
11.82556152	0.06727251
11.84940338	0.06153662
11.87324524	0.03019241
11.89708710	0.19257050
11.92092896	0.39745620
11.94477081	0.26928120
11.96861267	0.07485968
11.99245453	0.07869074
12.01629639	0.05986314
12.04013824	0.03066853
12.06398010	0.09520047
12.08782196	0.12869180
12.11166382	0.09979051
12.13550568	0.10959980
12.15934753	0.09234210
12.18318939	0.05595141
12.20703125	0.12078340
12.23087311	0.29177880
12.25471497	0.53337250
12.27855682	0.53553780
12.30239868	0.19974350
12.32624054	0.03980456
12.35008240	0.04194884
12.37392426	0.06806444
12.39776611	0.07697687
12.42160797	0.08890764
12.44544983	0.03897632
12.46929169	0.03958748
12.49313354	0.04733488
12.51697540	0.37293880
12.54081726	0.56381150
12.56465912	0.30898800
12.58850098	0.11236830
12.61234283	0.04283446
12.63618469	0.03377697
12.66002655	0.03170788
12.68386841	0.02291273
12.70771027	0.01506762
12.73155212	0.06563824
12.75539398	0.10673150
12.77923584	0.09097648
12.80307770	0.03017139
12.82691956	0.01146550
12.85076141	0.08005690
12.87460327	0.21401610
12.89844513	0.19424210
12.92228699	0.09058251
12.94612885	0.03991010
12.96997070	0.03429337
12.99381256	0.01924221
13.01765442	0.07632102
13.04149628	0.12179590
13.06533813	0.06301752
13.08917999	0.02326861
13.11302185	0.09566037
13.13686371	0.30828020
13.16070557	0.36961900
13.18454742	0.23936400
13.20838928	0.14570840
13.23223114	0.04111568
13.25607300	0.01345272
13.27991486	0.01655403
13.30375671	0.06040522
13.32759857	0.08026722
13.35144043	0.02985983
13.37528229	0.04604230
13.39912415	0.04598898
13.42296600	0.04804726
13.44680786	0.25414710
13.47064972	0.32940480
13.49449158	0.16913350
13.51833344	0.09361386
13.54217529	0.09736456
13.56601715	0.05991858
13.58985901	0.02343415
13.61370087	0.01893521
13.63754272	0.05311014
13.66138458	0.07126218
13.68522644	0.03832582
13.70906830	0.03926550
13.73291016	0.05710832
13.75675201	0.15000440
13.78059387	0.20709760
13.80443573	0.25805420
13.82827759	0.20243090
13.85211945	0.12189860
13.87596130	0.05685563
13.89980316	0.04299058
13.92364502	0.07365507
13.94748688	0.18194140
13.97132874	1.85464600
13.99517059	3.95723900
14.01901245	2.95350100
14.04285431	0.41950280
14.06669617	0.77259480
14.09053802	0.76501580
14.11437988	0.27510510
14.13822174	0.07473660
14.16206360	0.02492057
14.18590546	0.02766846
14.20974731	0.02600850
14.23358917	0.02376680
14.25743103	0.14739980
14.28127289	0.17027710
14.30511475	0.08395709
14.32895660	0.16194200
14.35279846	0.20589010
14.37664032	0.11643790
14.40048218	0.06961704
14.42432404	0.13325310
14.44816589	0.12625750
14.47200775	0.14251940
14.49584961	0.13696930
14.51969147	0.07138173
14.54353333	0.01695417
14.56737518	0.03682699
14.59121704	0.13346770
14.61505890	0.23545100
14.63890076	0.24942280
14.66274261	1.03722000
14.68658447	2.22527100
14.71042633	1.72411500
14.73426819	0.39868610
14.75811005	0.24907820
14.78195190	0.21238390
14.80579376	0.05829309
14.82963562	0.00769685
14.85347748	0.04117850
14.87731934	0.14363550
14.90116119	0.15659810
14.92500305	0.20699900
14.94884491	0.49484540
14.97268677	0.47951280
14.99652863	0.20094450
15.02037048	0.25944550
15.04421234	0.29988600
15.06805420	0.14493930
15.09189606	0.04717359
15.11573792	0.06502865
15.13957977	0.03025228
15.16342163	0.05005322
15.18726349	0.06235142
15.21110535	0.08623634
15.23494720	0.11949360
15.25878906	0.13088290
15.28263092	0.64924220
15.30647278	1.17270400
15.33031464	0.74154160
15.35415649	0.24911460
15.37799835	0.30314980
15.40184021	0.24531620
15.42568207	0.07653540
15.44952393	0.07274045
15.47336578	0.04893704
15.49720764	0.01450977
15.52104950	0.02523833
15.54489136	0.13733630
15.56873322	0.31258520
15.59257507	0.32212230
15.61641693	0.56266870
15.64025879	1.16553300
15.66410065	1.19588500
15.68794250	0.42306100
15.71178436	0.10624640
15.73562622	0.14527510
15.75946808	0.05652991
15.78330994	0.01642657
15.80715179	0.05569133
15.83099365	0.15416560
15.85483551	0.21184400
15.87867737	0.19115830
15.90251923	0.20968500
15.92636108	0.27746920
15.95020294	0.17031350
15.97404480	0.05395502
15.99788666	0.04905855
16.02172852	0.03029642
16.04557037	0.05993367
16.06941223	0.06614911
16.09325409	0.04666557
16.11709595	0.07690732
16.14093781	0.08214147
16.16477966	0.05811772
16.18862152	0.10525110
16.21246338	0.22382870
16.23630524	0.29584030
16.26014709	0.17568110
16.28398895	0.06068984
16.30783081	0.10047630
16.33167267	0.31405190
16.35551453	0.33727480
16.37935638	0.11276390
16.40319824	0.00825080
16.42704010	0.01517188
16.45088196	0.06412753
16.47472382	0.14752310
16.49856567	0.27864280
16.52240753	0.43993870
16.54624939	0.44669260
16.57009125	0.17006820
16.59393311	0.03162466
16.61777496	0.03796523
16.64161682	0.04357411
16.66545868	0.01242336
16.68930054	0.04466068
16.71314240	0.02522249
16.73698425	0.03449076
16.76082611	0.10721500
16.78466797	0.12560250
16.80850983	0.13933540
16.83235168	0.16567970
16.85619354	0.14348620
16.88003540	0.05290751
16.90387726	0.06677965
16.92771912	0.04661171
16.95156097	0.02087177
16.97540283	0.03013271
16.99924469	0.02106492
17.02308655	0.02054888
17.04692841	0.02679350
17.07077026	0.00871274
17.09461212	0.13025540
17.11845398	0.29668710
17.14229584	0.43589970
17.16613770	0.35809180
17.18997955	0.11424530
17.21382141	0.03295983
17.23766327	0.05566101
17.26150513	0.04556523
17.28534698	0.11144570
17.30918884	0.14979940
17.33303070	0.06331133
17.35687256	0.05940392
17.38071442	0.12457030
17.40455627	0.12278620
17.42839813	0.17546520
17.45223999	0.20938180
17.47608185	0.19167470
17.49992371	0.09349819
17.52376556	0.05373947
17.54760742	0.06896634
17.57144928	0.14259600
17.59529114	0.11208020
17.61913300	0.04161694
17.64297485	0.02470991
17.66681671	0.01799561
17.69065857	0.04820359
17.71450043	0.13279140
17.73834229	0.19283620
17.76218414	0.24883440
17.78602600	0.21414090
17.80986786	0.08875249
17.83370972	0.06916942
17.85755157	0.07264140
17.88139343	0.04974437
17.90523529	0.06014821
17.92907715	0.07364076
17.95291901	0.33454950
17.97676086	1.80757400
18.00060272	2.94934300
18.02444458	1.66402200
18.04828644	0.12955770
18.07212830	0.81157800
18.09597015	0.61593000
18.11981201	0.11739530
18.14365387	0.01105626
18.16749573	0.05659956
18.19133759	0.13203030
18.21517944	0.12553050
18.23902130	0.08916184
18.26286316	0.05661843
18.28670502	0.03445650
18.31054688	0.23599090
18.33438873	0.73430380
18.35823059	0.75413130
18.38207245	0.27207520
18.40591431	0.06650889
18.42975616	0.04143095
18.45359802	0.07550760
18.47743988	0.11593070
18.50128174	0.12348910
18.52512360	0.08826208
18.54896545	0.05520592
18.57280731	0.02254849
18.59664917	0.12199170
18.62049103	0.20542260
18.64433289	0.28372290
18.66817474	1.10019800
18.69201660	1.93022400
18.71585846	1.17878800
18.73970032	0.15474450
18.76354218	0.04306640
18.78738403	0.03624385
18.81122589	0.01569746
18.83506775	0.02062799
18.85890961	0.04517768
18.88275146	0.04052942
18.90659332	0.00799826
18.93043518	0.54184950
18.95427704	1.37761100
18.97811890	1.14990800
19.00196075	0.36238340
19.02580261	0.20502110
19.04964447	0.16587200
19.07348633	0.04906236
19.09732819	0.05928826
19.12117004	0.10399430
19.14501190	0.11724840
19.16885376	0.13213960
19.19269562	0.10699570
19.21653748	0.05417540
19.24037933	0.04124036
19.26422119	0.14060920
19.28806305	0.57053300
19.31190491	0.79774240
19.33574677	0.39592740
19.35958862	0.07015213
19.38343048	0.04459568
19.40727234	0.08578642
19.43111420	0.11398310
19.45495605	0.13370110
19.47879791	0.08588946
19.50263977	0.02264108
19.52648163	0.02754232
19.55032349	0.41095990
19.57416534	0.79527280
19.59800720	0.52026590
19.62184906	0.23166140
19.64569092	0.83829360
19.66953278	0.76542720
19.69337463	0.25530970
19.71721649	0.06020920
19.74105835	0.05643147
19.76490021	0.04463797
19.78874207	0.07611298
19.81258392	0.07795017
19.83642578	0.05770273
19.86026764	0.14993730
19.88410950	0.21268450
19.90795135	0.14299440
19.93179321	0.07346077
19.95563507	0.04283561
19.97947693	0.00963810
20.00331879	0.03588217
20.02716064	0.03176221
20.05100250	0.08615046
20.07484436	0.14669160
20.09868622	0.09394013
20.12252808	0.05091750
20.14636993	0.07677529
20.17021179	0.19042500
20.19405365	0.26257550
20.21789551	0.20619080
20.24173737	0.14812470
20.26557922	0.11028810
20.28942108	0.07219166
20.31326294	0.03470106
20.33710480	0.11686470
20.36094666	0.13978900
20.38478851	0.05530325
20.40863037	0.05343154
20.43247223	0.04271771
20.45631409	0.06199867
20.48015594	0.27082880
20.50399780	0.44273530
20.52783966	0.31895760
20.55168152	0.14285700
20.57552338	0.00782551
20.59936523	0.03879873
20.62320709	0.00851977
20.64704895	0.02987178
20.67089081	0.01184574
20.69473267	0.03228816
20.71857452	0.03605926
20.74241638	0.07164211
20.76625824	0.04990986
20.79010010	0.06105821
20.81394196	0.11741920
20.83778381	0.14631250
20.86162567	0.13232120
20.88546753	0.12426710
20.90930939	0.06197585
20.93315125	0.02913767
20.95699310	0.04857330
20.98083496	0.02651560
21.00467682	0.02398241
21.02851868	0.01449722
21.05236053	0.02630531
21.07620239	0.08958086
21.10004425	0.41579390
21.12388611	0.54529660
21.14772797	0.33337470
21.17156982	0.18579030
21.19541168	0.08502603
21.21925354	0.03263022
21.24309540	0.00860497
21.26693726	0.03659068
21.29077911	0.22540430
21.31462097	0.31244590
21.33846283	0.14695720
21.36230469	0.06342801
21.38614655	0.12795110
21.40998840	0.24021760
21.43383026	0.23207590
21.45767212	0.10536840
21.48151398	0.05714114
21.50535583	0.08628340
21.52919769	0.08988380
21.55303955	0.05524183
21.57688141	0.04693049
21.60072327	0.06372813
21.62456512	0.06648260
21.64840698	0.14581180
21.67224884	0.12628180
21.69609070	0.18512180
21.71993256	0.41137630
21.74377441	0.39160390
21.76761627	0.20001270
21.79145813	0.22131080
21.81529999	0.20562680
21.83914185	0.08217235
21.86298370	0.01971185
21.88682556	0.03468481
21.91066742	0.13137990
21.93450928	0.15334810
21.95835114	0.61835370
21.98219299	2.84542700
22.00603485	3.80686100
22.02987671	1.87809700
22.05371857	0.47299700
22.07756042	0.34839360
22.10140228	0.21965170
22.12524414	0.03932148
22.14908600	0.01645212
22.17292786	0.02775043
22.19676971	0.06532209
22.22061157	0.07682499
22.24445343	0.15562640
22.26829529	0.27807920
22.29213715	0.21119970
22.31597900	0.49726800
22.33982086	1.13311700
22.36366272	0.91159430
22.38750458	0.24526910
22.41134644	0.12681690
22.43518829	0.13161160
22.45903015	0.06114673
22.48287201	0.06088974
22.50671387	0.03183729
22.53055573	0.04714752
22.55439758	0.04848656
22.57823944	0.08385937
22.60208130	0.27711990
22.62592316	0.30326220
22.64976501	0.20286000
22.67360687	0.46995360
22.69744873	0.67870400
22.72129059	0.36077070
22.74513245	0.16042940
22.76897430	0.16830100
22.79281616	0.08099596
22.81665802	0.00625223
22.84049988	0.01992024
22.86434174	0.15646400
22.88818359	0.24990170
22.91202545	0.19376150
22.93586731	0.87484890
22.95970917	1.65307600
22.98355103	1.11732000
23.00739288	0.31215160
23.03123474	0.21823470
23.05507660	0.17197060
23.07891846	0.04487749
23.10276031	0.04668036
23.12660217	0.04177587
23.15044403	0.10591520
23.17428589	0.12624980
23.19812775	0.11001170
23.22196960	0.10570240
23.24581146	0.09143735
23.26965332	0.11112870
23.29349518	0.16655300
23.31733704	0.15785010
23.34117889	0.07794375
23.36502075	0.16567060
23.38886261	0.20540390
23.41270447	0.08266488
23.43654633	0.01006730
23.46038818	0.01806886
23.48423004	0.02588740
23.50807190	0.07248404
23.53191376	0.18105160
23.55575562	0.57215980
23.57959747	0.81999960
23.60343933	0.35935830
23.62728119	0.45776200
23.65112305	0.98346030
23.67496490	0.67129290
23.69880676	0.13189890
23.72264862	0.06461526
23.74649048	0.04540762
23.77033234	0.03704857
23.79417419	0.09636962
23.81801605	0.16600030
23.84185791	0.22643190
23.86569977	0.18694160
23.88954163	0.12868870
23.91338348	0.06569568
23.93722534	0.05010821
23.96106720	0.04514420
23.98490906	0.00549966
24.00875092	0.02045835
24.03259277	0.02426975
24.05643463	0.01883967
24.08027649	0.03707808
24.10411835	0.06503745
24.12796021	0.06842108
24.15180206	0.12593420
24.17564392	0.32468130
24.19948578	0.34959190
24.22332764	0.12830290
24.24716949	0.01948889
24.27101135	0.04496265
24.29485321	0.01463705
24.31869507	0.04542746
24.34253693	0.04554194
24.36637878	0.01321979
24.39022064	0.01487205
24.41406250	0.05046479
24.43790436	0.10323580
24.46174622	0.20838540
24.48558807	0.32342400
24.50942993	0.35675860
24.53327179	0.16147690
24.55711365	0.02810735
24.58095551	0.03607960
24.60479736	0.12157960
24.62863922	0.11824420
24.65248108	0.04726994
24.67632294	0.03649126
24.70016479	0.04439772
24.72400665	0.05715667
24.74784851	0.13860690
24.77169037	0.20123160
24.79553223	0.10671300
24.81937408	0.04582376
24.84321594	0.02870335
24.86705780	0.07353404
24.89089966	0.11381370
24.91474152	0.08040209
24.93858337	0.02648702
24.96242523	0.02950192
24.98626709	0.03492200
25.01010895	0.07325850
25.03395081	0.07555028
25.05779266	0.09376096
25.08163452	0.22636390
25.10547638	0.55881580
25.12931824	0.53944710
25.15316010	0.14987230
25.17700195	0.04011255
25.20084381	0.03856893
25.22468567	0.08574248
25.24852753	0.08956282
25.27236938	0.06216019
25.29621124	0.05092083
25.32005310	0.02490976
25.34389496	0.11225600
25.36773682	0.46320870
25.39157867	0.63102540
25.41542053	0.36668660
25.43926239	0.14290470
25.46310425	0.04846824
25.48694611	0.07574511
25.51078796	0.11934200
25.53462982	0.11847680
25.55847168	0.11640090
25.58231354	0.11583020
25.60615540	0.04671651
25.62999725	0.09515107
25.65383911	0.17769470
25.67768097	0.12815200
25.70152283	0.24453050
25.72536469	0.51696000
25.74920654	0.39356950
25.77304840	0.05144062
25.79689026	0.05162714
25.82073212	0.06602503
25.84457397	0.07948975
25.86841583	0.04381018
25.89225769	0.02889328
25.91609955	0.04739274
25.93994141	0.15882620
25.96378326	3.05699300
25.98762512	9.59447600
26.01146698	10.05254000
26.03530884	3.58718000
26.05915070	0.29294790
26.08299255	0.15869840
26.10683441	0.06621925
26.13067627	0.00732044
26.15451813	0.03796083
26.17835999	0.10743510
26.20220184	0.12798270
26.22604370	0.08411109
26.24988556	0.08593169
26.27372742	0.15732190
26.29756927	0.20203170
26.32141113	0.50557020
26.34525299	0.90124270
26.36909485	0.57107140
26.39293671	0.09788014
26.41677856	0.02682292
26.44062042	0.08626370
26.46446228	0.13681330
26.48830414	0.14967970
26.51214600	0.11007880
26.53598785	0.03449455
26.55982971	0.01924900
26.58367157	0.33414470
26.60751343	0.86275860
26.63135529	0.73060690
26.65519714	0.35108690
26.67903900	0.36151420
26.70288086	0.31585830
26.72672272	0.08857623
26.75056458	0.08858240
26.77440643	0.10589480
26.79824829	0.04662336
26.82209015	0.02445413
26.84593201	0.03796931
26.86977386	0.08103279
26.89361572	0.18571870
26.91745758	0.34380960
26.94129944	0.75086070
26.96514130	1.01496300
26.98898315	0.53569750
27.01282501	0.08136912
27.03666687	0.01716508
27.06050873	0.01500021
27.08435059	0.05501825
27.10819244	0.11242890
27.13203430	0.09999885
27.15587616	0.05892029
27.17971802	0.05274960
27.20355988	0.02480037
27.22740173	0.07226565
27.25124359	0.10970310
27.27508545	0.10059280
27.29892731	0.15319600
27.32276917	0.13442630
27.34661102	0.04118298
27.37045288	0.09565274
27.39429474	0.14377470
27.41813660	0.08275954
27.44197845	0.08916242
27.46582031	0.08112764
27.48966217	0.05565550
27.51350403	0.16639740
27.53734589	0.35901220
27.56118774	0.45342040
27.58502960	0.40884860
27.60887146	0.15320900
27.63271332	0.03109628
27.65655518	0.00973665
27.68039703	0.03942332
27.70423889	0.03521962
27.72808075	0.05524275
27.75192261	0.02742207
27.77576447	0.05478077
27.79960632	0.03293595
27.82344818	0.23970590
27.84729004	0.39765740
27.87113190	0.24061200
27.89497375	0.09104986
27.91881561	0.07306103
27.94265747	0.03570910
27.96649933	0.01659194
27.99034119	0.05556261
28.01418304	0.04217296
28.03802490	0.05228066
28.06186676	0.09687202
28.08570862	0.08481268
28.10955048	0.03800161
28.13339233	0.10725130
28.15723419	0.22302420
28.18107605	0.27837480
28.20491791	0.23718110
28.22875977	0.10840990
28.25260162	0.04059225
28.27644348	0.03278153
28.30028534	0.01026305
28.32412720	0.05842346
28.34796906	0.05824192
28.37181091	0.04882433
28.39565277	0.01865623
28.41949463	0.09061465
28.44333649	0.30404150
28.46717834	0.37684990
28.49102020	0.23544890
28.51486206	0.13675370
28.53870392	0.02696972
28.56254578	0.02830439
28.58638763	0.02673839
28.61022949	0.06230097
28.63407135	0.08966786
28.65791321	0.04682018
28.68175507	0.09166620
28.70559692	0.09646294
28.72943878	0.02783580
28.75328064	0.10222460
28.77712250	0.16519010
28.80096436	0.15165320
28.82480621	0.16096580
28.84864807	0.15348200
28.87248993	0.08640485
28.89633179	0.02974413
28.92017365	0.01260649
28.94401550	0.07902000
28.96785736	0.11185820
28.99169922	0.04097227
29.01554108	0.05517671
29.03938293	0.14930420
29.06322479	0.24975550
29.08706665	0.27481540
29.11090851	0.30048020
29.13475037	0.23611160
29.15859222	0.10197350
29.18243408	0.04209416
29.20627594	0.03569864
29.23011780	0.07477088
29.25395966	0.07618345
29.27780151	0.26531950
29.30164337	0.61011390
29.32548523	0.49473910
29.34932709	0.39672430
29.37316895	0.90117440
29.39701080	0.93322060
29.42085266	0.32303210
29.44469452	0.03815238
29.46853638	0.02776558
29.49237823	0.03235945
29.51622009	0.04566349
29.54006195	0.01801119
29.56390381	0.09950737
29.58774567	0.13332370
29.61158752	0.08150575
29.63542938	0.17709170
29.65927124	0.22277890
29.68311310	0.10843190
29.70695496	0.13227060
29.73079681	0.26711610
29.75463867	0.20264000
29.77848053	0.14793100
29.80232239	0.16400590
29.82616425	0.09592634
29.85000610	0.02308444
29.87384796	0.02348153
29.89768982	0.08769526
29.92153168	0.26196140
29.94537354	0.97287600
29.96921539	10.04857000
29.99305725	24.11884000
30.01689911	20.12872000
30.04074097	5.28143500
30.06458282	0.17555270
30.08842468	0.20315490
30.11226654	0.09444585
30.13610840	0.01687893
30.15995026	0.02264727
30.18379211	0.12723560
30.20763397	0.15682170
30.23147583	0.17082660
30.25531769	0.29054020
30.27915955	0.29138600
30.30300140	0.10544830
30.32684326	0.18671800
30.35068512	0.25622810
30.37452698	0.13383890
30.39836884	0.06888106
30.42221069	0.10968160
30.44605255	0.05014011
30.46989441	0.02913534
30.49373627	0.05107681
30.51757813	0.04888444
30.54141998	0.05499101
30.56526184	0.08296584
30.58910370	0.55676540
30.61294556	1.07369200
30.63678741	0.72864720
30.66062927	0.32296280
30.68447113	0.47312240
30.70831299	0.41141320
30.73215485	0.11778450
30.75599670	0.08276703
30.77983856	0.06093264
30.80368042	0.02341447
30.82752228	0.04868696
30.85136414	0.13894300
30.87520599	0.29056070
30.89904785	0.30201210
30.92288971	0.32578350
30.94673157	0.29600440
30.97057343	0.19531560
30.99441528	0.03995452
31.01825714	0.09745450
31.04209900	0.13176430
31.06594086	0.05420809
31.08978271	0.01499679
31.11362457	0.04144450
31.13746643	0.11686700
31.16130829	0.16682960
31.18515015	0.15571270
31.20899200	0.11941190
31.23283386	0.08272401
31.25667572	0.02105153
31.28051758	0.06555505
31.30435944	0.12449440
31.32820129	0.09090313
31.35204315	0.06478468
31.37588501	0.09128909
31.39972687	0.04763336
31.42356873	0.05054966
31.44741058	0.05099871
31.47125244	0.05221618
31.49509430	0.14818220
31.51893616	0.26878220
31.54277802	0.36172670
31.56661987	0.20694410
31.59046173	0.03097304
31.61430359	0.09214514
31.63814545	0.34581580
31.66198730	0.42800430
31.68582916	0.20078940
31.70967102	0.00976703
31.73351288	0.02993684
31.75735474	0.07070462
31.78119659	0.15940400
31.80503845	0.28549030
31.82888031	0.31134190
31.85272217	0.26386300
31.87656403	0.10312910
31.90040588	0.06112000
31.92424774	0.10100350
31.94808960	0.07980591
31.97193146	0.03471328
31.99577332	0.02207981
32.01961517	0.02800377
32.04345703	0.02284761
32.06729889	0.06921099
32.09114075	0.09495801
32.11498260	0.10899120
32.13882446	0.25898150
32.16266632	0.30574600
32.18650818	0.11170080
32.21035004	0.06441591
32.23419189	0.05797243
32.25803375	0.02560806
32.28187561	0.03913974
32.30571747	0.03331704
32.32955933	0.03406389
32.35340118	0.01333705
32.37724304	0.03741368
32.40108490	0.21531920
32.42492676	0.40782680
32.44876862	0.42924670
32.47261047	0.32430090
32.49645233	0.11351180
32.52029419	0.05157223
32.54413605	0.08083066
32.56797791	0.07746322
32.59181976	0.10681280
32.61566162	0.15025720
32.63950348	0.07550278
32.66334534	0.07716171
32.68718719	0.16556730
32.71102905	0.12429080
32.73487091	0.10542580
32.75871277	0.07252414
32.78255463	0.02419689
32.80639648	0.04473169
32.83023834	0.05574685
32.85408020	0.05656776
32.87792206	0.11463910
32.90176392	0.09895094
32.92560577	0.03729896
32.94944763	0.01748298
32.97328949	0.02836975
32.99713135	0.13526640
33.02097321	0.52388230
33.04481506	0.71184490
33.06865692	0.46180320
33.09249878	0.27792730
33.11634064	0.13126490
33.14018250	0.05717583
33.16402435	0.05029080
33.18786621	0.02746485
33.21170807	0.06931433
33.23554993	0.10083870
33.25939178	0.05513272
33.28323364	0.23436050
33.30707550	0.48692620
33.33091736	0.41698770
33.35475922	0.45216720
33.37860107	0.86109820
33.40244293	0.70261340
33.42628479	0.16459030
33.45012665	0.01209716
33.47396851	0.06484803
33.49781036	0.13615900
33.52165222	0.14758620
33.54549408	0.11874300
33.56933594	0.07257711
33.59317780	0.02707213
33.61701965	0.21413620
33.64086151	0.73358910
33.66470337	0.79415110
33.68854523	0.32079850
33.71238708	0.15259710
33.73622894	0.10794320
33.76007080	0.06513326
33.78391266	0.10254620
33.80775452	0.11986670
33.83159637	0.07004421
33.85543823	0.03176674
33.87928009	0.01702847
33.90312195	0.08995992
33.92696381	0.18569910
33.95080566	0.66006540
33.97464752	4.51330500
33.99848938	8.47159500
34.02233124	5.58447800
34.04617310	1.01117700
34.07001495	0.02730829
34.09385681	0.01491741
34.11769867	0.02009456
34.14154053	0.04840971
34.16538239	0.05968149
34.18922424	0.05238663
34.21306610	0.04148775
34.23690796	0.21738060
34.26074982	0.64209290
34.28459167	0.57751420
34.30843353	0.21374990
34.33227539	0.18186300
34.35611725	0.17652450
34.37995911	0.05926406
34.40380096	0.06639165
34.42764282	0.11867500
34.45148468	0.09945396
34.47532654	0.11215680
34.49916840	0.10399120
34.52301025	0.06116025
34.54685211	0.05650914
34.57069397	0.17077670
34.59453583	0.48355690
34.61837769	0.67868910
34.64221954	0.35620900
34.66606140	0.06735362
34.68990326	0.02878265
34.71374512	0.06956185
34.73758698	0.08108275
34.76142883	0.10901660
34.78527069	0.07626733
34.80911255	0.03144765
34.83295441	0.01512057
34.85679626	0.29966300
34.88063812	0.65650360
34.90447998	0.47625750
34.92832184	0.14735060
34.95216370	0.12899020
34.97600555	0.12766430
34.99984741	0.06795318
35.02368927	0.03103390
35.04753113	0.03381560
35.07137299	0.05240147
35.09521484	0.09736682
35.11905670	0.10178450
35.14289856	0.04790149
35.16674042	0.07527065
35.19058228	0.09973291
35.21442413	0.13108690
35.23826599	0.14572010
35.26210785	0.07781166
35.28594971	0.03642913
35.30979156	0.03661561
35.33363342	0.02223130
35.35747528	0.06576581
35.38131714	0.13499830
35.40515900	0.09675713
35.42900085	0.03675565
35.45284271	0.07126494
35.47668457	0.23744840
35.50052643	0.36241800
35.52436829	0.26676480
35.54821014	0.17898810
35.57205200	0.08436392
35.59589386	0.03287390
35.61973572	0.07338343
35.64357758	0.15956160
35.66741943	0.11677930
35.69126129	0.04529230
35.71510315	0.03468765
35.73894501	0.03814519
35.76278687	0.03270076
35.78662872	0.23632840
35.81047058	0.40834840
35.83431244	0.26874330
35.85815430	0.08056084
35.88199615	0.05413974
35.90583801	0.04814518
35.92967987	0.02595364
35.95352173	0.02318525
35.97736359	0.06949230
36.00120544	0.12137780
36.02504730	0.06628472
36.04888916	0.05764248
36.07273102	0.05101302
36.09657288	0.05387117
36.12041473	0.12537780
36.14425659	0.21502610
36.16809845	0.19618460
36.19194031	0.13214460
36.21578217	0.06913486
36.23962402	0.03479763
36.26346588	0.05985989
36.28730774	0.05194143
36.31114960	0.10527380
36.33499146	0.32337120
36.35883331	0.34190400
36.38267517	0.00589720
36.40651703	0.54860000
36.43035889	0.75103930
36.45420074	0.38832630
36.47804260	0.13996480
36.50188446	0.06373847
36.52572632	0.03023213
36.54956818	0.01431912
36.57341003	0.00797989
36.59725189	0.14561820
36.62109375	0.22784700
36.64493561	0.12235140
36.66877747	0.10012110
36.69261932	0.16618270
36.71646118	0.17304850
36.74030304	0.13682780
36.76414490	0.08326874
36.78798676	0.08390600
36.81182861	0.11705560
36.83567047	0.11987260
36.85951233	0.07826298
36.88335419	0.02873755
36.90719604	0.04828752
36.93103790	0.07962648
36.95487976	0.20045390
36.97872162	0.19065850
37.00256348	0.38796480
37.02640533	1.05022000
37.05024719	1.08475400
37.07408905	0.38737000
37.09793091	0.22726480
37.12177277	0.23466290
37.14561462	0.10446620
37.16945648	0.01289372
37.19329834	0.01887001
37.21714020	0.12298340
37.24098206	0.16808660
37.26482391	0.20619090
37.28866577	0.65855090
37.31250763	0.88025970
37.33634949	0.41255410
37.36019135	0.24253940
37.38403320	0.32154430
37.40787506	0.21214570
37.43171692	0.02069543
37.45555878	0.05202696
37.47940063	0.03715584
37.50324249	0.05179462
37.52708435	0.06869104
37.55092621	0.09041373
37.57476807	0.17365100
37.59860992	0.14120270
37.62245178	0.45526820
37.64629364	1.12754900
37.67013550	0.96723000
37.69397736	0.30779850
37.71781921	0.21390650
37.74166107	0.22948870
37.76550293	0.08965963
37.78934479	0.06487545
37.81318665	0.04586928
37.83702850	0.01830240
37.86087036	0.02314436
37.88471222	0.06892686
37.90855408	0.26810600
37.93239594	0.32573160
37.95623779	0.25867370
37.98007965	1.53304400
38.00392151	2.32204100
38.02776337	1.22634500
38.05160522	0.22511920
38.07544708	0.16052260
38.09928894	0.08721445
38.12313080	0.01835171
38.14697266	0.02725514
38.17081451	0.13183580
38.19465637	0.23078700
38.21849823	0.21005430
38.24234009	0.33313220
38.26618195	0.63393890
38.29002380	0.47092790
38.31386566	0.17158170
38.33770752	0.16755260
38.36154938	0.14834890
38.38539124	0.05314040
38.40923309	0.05831147
38.43307495	0.03164540
38.45691681	0.08357903
38.48075867	0.11075310
38.50460052	0.09458670
38.52844238	0.06258220
38.55228424	0.13194380
38.57612610	0.23081830
38.59996796	0.19692540
38.62380981	0.11518440
38.64765167	0.06721993
38.67149353	0.19312100
38.69533539	0.27735680
38.71917725	0.13104160
38.74301910	0.01123982
38.76686096	0.01672416
38.79070282	0.04779625
38.81454468	0.10237010
38.83838654	0.21461360
38.86222839	0.45570840
38.88607025	0.63236900
38.90991211	0.33259620
38.93375397	0.01522723
38.95759583	0.07296351
38.98143768	0.04393682
39.00527954	0.00391129
39.02912140	0.05886195
39.05296326	0.04394707
39.07680511	0.02855474
39.10064697	0.08987073
39.12448883	0.14286310
39.14833069	0.16599310
39.17217255	0.15313580
39.19601440	0.07473922
39.21985626	0.02181689
39.24369812	0.06558620
39.26753998	0.05901094
39.29138184	0.04013190
39.31522369	0.05784117
39.33906555	0.01487367
39.36290741	0.02207289
39.38674927	0.02454675
39.41059113	0.03384817
39.43443298	0.03748330
39.45827484	0.17024020
39.48211670	0.37278600
39.50595856	0.41226430
39.52980042	0.17858080
39.55364227	0.02595601
39.57748413	0.03162118
39.60132599	0.02453437
39.62516785	0.03589085
39.64900970	0.04911025
39.67285156	0.01720664
39.69669342	0.01397669
39.72053528	0.07220501
39.74437714	0.12060450
39.76821899	0.19259200
39.79206085	0.26516890
39.81590271	0.28879150
39.83974457	0.14591510
39.86358643	0.04864604
39.88742828	0.04829000
39.91127014	0.12789510
39.93511200	0.12431050
39.95895386	0.04773228
39.98279572	0.01746256
40.00663757	0.03052774
40.03047943	0.02360135
40.05432129	0.03379270
40.07816315	0.05211230
40.10200500	0.13310200
40.12584686	0.16980730
40.14968872	0.08958116
40.17353058	0.05441185
40.19737244	0.09280561
40.22121429	0.07188974
40.24505615	0.04101106
40.26889801	0.05348454
40.29273987	0.05997613
40.31658173	0.22005870
40.34042358	0.42051850
40.36426544	0.31316520
40.38810730	0.19259770
40.41194916	0.64998170
40.43579102	0.67047200
40.45963287	0.20736240
40.48347473	0.01801660
40.50731659	0.03815081
40.53115845	0.11245720
40.55500031	0.12151470
40.57884216	0.08515093
40.60268402	0.06571903
40.62652588	0.03081186
40.65036774	0.12561790
40.67420959	0.54376460
40.69805145	0.75652990
40.72189331	0.38324060
40.74573517	0.07367474
40.76957703	0.02971096
40.79341888	0.06533342
40.81726074	0.10933750
40.84110260	0.12327870
40.86494446	0.09875859
40.88878632	0.08844136
40.91262817	0.03789252
40.93647003	0.08951449
40.96031189	0.19368920
40.98415375	0.19415480
41.00799561	0.46009530
41.03183746	1.07383500
41.05567932	0.88835220
41.07952118	0.19195290
41.10336304	0.05116355
41.12720490	0.04656431
41.15104675	0.04404442
41.17488861	0.02133175
41.19873047	0.01993614
41.22257233	0.02901144
41.24641418	0.02034736
41.27025604	0.61510400
41.29409790	2.23834100
41.31793976	2.50550100
41.34178162	0.97186540
41.36562347	0.24613240
41.38946533	0.18464640
41.41330719	0.07150236
41.43714905	0.02666429
41.46099091	0.06760396
41.48483276	0.10743780
41.50867462	0.13922060
41.53251648	0.11103100
41.55635834	0.06720114
41.58020020	0.07045040
41.60404205	0.11007560
41.62788391	0.45887460
41.65172577	0.88458530
41.67556763	0.59877890
41.69940948	0.11893150
41.72325134	0.02498855
41.74709320	0.07717346
41.77093506	0.11907820
41.79477692	0.14412110
41.81861877	0.11694140
41.84246063	0.04048526
41.86630249	0.00315859
41.89014435	0.27549490
41.91398621	0.79024190
41.93782806	0.72425680
41.96166992	0.52876010
41.98551178	0.96241790
42.00935364	1.04540200
42.03319550	0.37426240
42.05703735	0.05522317
42.08087921	0.08810743
42.10472107	0.04537379
42.12856293	0.04725397
42.15240479	0.06384951
42.17624664	0.05418338
42.20008850	0.14595740
42.22393036	0.26810460
42.24777222	0.29718720
42.27161407	0.30670630
42.29545593	0.17197060
42.31929779	0.02385391
42.34313965	0.03975145
42.36698151	0.02439120
42.39082336	0.06117761
42.41466522	0.12845380
42.43850708	0.11616640
42.46234894	0.05507395
42.48619080	0.06194577
42.51003265	0.10287010
42.53387451	0.15641590
42.55771637	0.16460330
42.58155823	0.14846850
42.60540009	0.13391770
42.62924194	0.12095660
42.65308380	0.04987402
42.67692566	0.10190680
42.70076752	0.15717710
42.72460938	0.07883266
42.74845123	0.05467253
42.77229309	0.05496309
42.79613495	0.04498185
42.81997681	0.19109060
42.84381866	0.41491040
42.86766052	0.40538370
42.89150238	0.27331810
42.91534424	0.09214240
42.93918610	0.02070088
42.96302795	0.00364265
42.98686981	0.03090509
43.01071167	0.00389919
43.03455353	0.03037645
43.05839539	0.01044314
43.08223724	0.06375402
43.10607910	0.06018391
43.12992096	0.12162860
43.15376282	0.22194000
43.17760468	0.17105530
43.20144653	0.11083730
43.22528839	0.11892340
43.24913025	0.07340889
43.27297211	0.02119922
43.29681396	0.02667779
43.32065582	0.02347982
43.34449768	0.03800061
43.36833954	0.06668244
43.39218140	0.05473247
43.41602325	0.05288742
43.43986511	0.23326210
43.46370697	0.42749120
43.48754883	0.36006040
43.51139069	0.24553760
43.53523254	0.11842130
43.55907440	0.05499538
43.58291626	0.02571427
43.60675812	0.01398797
43.63059998	0.14253290
43.65444183	0.28056920
43.67828369	0.18388670
43.70212555	0.03547865
43.72596741	0.08239821
43.74980927	0.24987290
43.77365112	0.31645730
43.79749298	0.18614530
43.82133484	0.09782784
43.84517670	0.05883207
43.86901855	0.06698039
43.89286041	0.04371794
43.91670227	0.05364550
43.94054413	0.08872718
43.96438599	0.06018479
43.98822784	0.15779470
44.01206970	0.17340220
44.03591156	0.10241850
44.05975342	0.12431600
44.08359528	0.13725900
44.10743713	0.15526920
44.13127899	0.19656510
44.15512085	0.19799110
44.17896271	0.10902890
44.20280457	0.02568962
44.22664642	0.01471331
44.25048828	0.08851170
44.27433014	0.15076180
44.29817200	0.08237186
44.32201385	0.31887700
44.34585571	0.63686750
44.36969757	0.54297590
44.39353943	0.37428450
44.41738129	0.33380720
44.44122314	0.26811060
44.46506500	0.08618531
44.48890686	0.02028782
44.51274872	0.01880352
44.53659058	0.06025058
44.56043243	0.07461020
44.58427429	0.14036330
44.60811615	0.35173090
44.63195801	0.30847000
44.65579987	0.34870370
44.67964172	0.95731900
44.70348358	1.05291500
44.72732544	0.38740770
44.75116730	0.07657639
44.77500916	0.09912376
44.79885101	0.05685613
44.82269287	0.05467912
44.84653473	0.03055418
44.87037659	0.06559375
44.89421844	0.08999787
44.91806030	0.04640644
44.94190216	0.20567750
44.96574402	0.28478890
44.98958588	0.18200440
45.01342773	0.24012110
45.03726959	0.45950730
45.06111145	0.33631590
45.08495331	0.16398460
45.10879517	0.17077570
45.13263702	0.11904520
45.15647888	0.02114128
45.18032074	0.00702150
45.20416260	0.11849840
45.22800446	0.24928970
45.25184631	0.19339930
45.27568817	1.17328800
45.29953003	3.14560500
45.32337189	2.82530700
45.34721375	0.88448770
45.37105560	0.23302990
45.39489746	0.21585050
45.41873932	0.06430508
45.44258118	0.03796770
45.46642303	0.02626130
45.49026489	0.10008520
45.51410675	0.14348920
45.53794861	0.13888190
45.56179047	0.16240310
45.58563232	0.15511280
45.60947418	0.02675843
45.63331604	0.15207910
45.65715790	0.22524230
45.68099976	0.13364760
45.70484161	0.11234870
45.72868347	0.17177360
45.75252533	0.09243127
45.77636719	0.01150820
45.80020905	0.03066409
45.82405090	0.01792207
45.84789276	0.01372002
45.87173462	0.09322409
45.89557648	0.46896470
45.91941833	0.93318320
45.94326019	0.67974340
45.96710205	0.52808150
45.99094391	1.07525800
46.01478577	1.00350100
46.03862762	0.30365920
46.06246948	0.07310978
46.08631134	0.06474028
46.11015320	0.03448851
46.13399506	0.06583941
46.15783691	0.13378220
46.18167877	0.24412080
46.20552063	0.25944950
46.22936249	0.22138090
46.25320435	0.15521270
46.27704620	0.05343619
46.30088806	0.02729792
46.32472992	0.04859322
46.34857178	0.08758931
46.37241364	0.03816573
46.39625549	0.01531843
46.42009735	0.04315904
46.44393921	0.08717829
46.46778107	0.11645810
46.49162292	0.11121620
46.51546478	0.20936720
46.53930664	0.29174190
46.56314850	0.14689080
46.58699036	0.01676968
46.61083221	0.07317477
46.63467407	0.04978522
46.65851593	0.05061658
46.68235779	0.09381679
46.70619965	0.05044198
46.73004150	0.02333324
46.75388336	0.01949137
46.77772522	0.06066957
46.80156708	0.18004080
46.82540894	0.28484420
46.84925079	0.38705490
46.87309265	0.23447550
46.89693451	0.04498027
46.92077637	0.01562192
46.94461823	0.07131530
46.96846008	0.08889947
46.99230194	0.04135251
47.01614380	0.01879063
47.03998566	0.03744745
47.06382751	0.05224087
47.08766937	0.12692420
47.11151123	0.24082890
47.13535309	0.20269220
47.15919495	0.07824796
47.18303680	0.01465841
47.20687866	0.05301940
47.23072052	0.11374250
47.25456238	0.09869184
47.27840424	0.04488666
47.30224609	0.00512312
47.32608795	0.00678260
47.34992981	0.02588986
47.37377167	0.00302123
47.39761353	0.05744588
47.42145538	0.13467740
47.44529724	0.38176800
47.46913910	0.48954220
47.49298096	0.20254200
47.51682281	0.03936101
47.54066467	0.04773598
47.56450653	0.06115067
47.58834839	0.08238576
47.61219025	0.05978672
47.63603210	0.07757177
47.65987396	0.05089204
47.68371582	0.06276730
47.70755768	0.29183320
47.73139954	0.54425600
47.75524139	0.44455440
47.77908325	0.25841160
47.80292511	0.09543318
47.82676697	0.06209211
47.85060883	0.09921190
47.87445068	0.10261740
47.89829254	0.10495480
47.92213440	0.13874030
47.94597626	0.06829236
47.96981812	0.07571848
47.99365997	0.19182980
48.01750183	0.15459500
48.04134369	0.11667070
48.06518555	0.24332050
48.08902740	0.24243100
48.11286926	0.06095522
48.13671112	0.05279197
48.16055298	0.06291634
48.18439484	0.09308403
48.20823669	0.07653461
48.23207855	0.03492081
48.25592041	0.01244508
48.27976227	0.01888715
48.30360413	0.37683060
48.32744598	1.67454900
48.35128784	2.36596800
48.37512970	1.23934300
48.39897156	0.32064560
48.42281342	0.16499250
48.44665527	0.07071877
48.47049713	0.02072185
48.49433899	0.00323666
48.51818085	0.06617780
48.54202271	0.11262270
48.56586456	0.08329050
48.58970642	0.08599040
48.61354828	0.21644420
48.63739014	0.24974230
48.66123199	0.39468080
48.68507385	0.86208860
48.70891571	0.74951650
48.73275757	0.20117830
48.75659943	0.02092288
48.78044128	0.06322071
48.80428314	0.12526020
