Частота	Канал A
(kГц)	(В)

0.00000000	0.13139160
0.02384186	0.05563986
0.04768372	0.00959472
0.07152557	0.00083130
0.09536743	0.00049225
0.11920929	0.00035989
0.14305115	0.00017559
0.16689301	0.00021158
0.19073486	0.00033471
0.21457672	0.00047705
0.23841858	0.00052154
0.26226044	0.00076410
0.28610229	0.00082731
0.30994415	0.00102005
0.33378601	0.00065870
0.35762787	0.00056730
0.38146973	0.00062535
0.40531158	0.00053876
0.42915344	0.00074664
0.45299530	0.00033976
0.47683716	0.00010541
0.50067902	0.00025514
0.52452087	0.00036013
0.54836273	0.00035683
0.57220459	0.00056179
0.59604645	0.00068621
0.61988831	0.00085151
0.64373016	0.00104095
0.66757202	0.00086151
0.69141388	0.00064934
0.71525574	0.00078150
0.73909760	0.00065728
0.76293945	0.00027280
0.78678131	0.00034954
0.81062317	0.00039234
0.83446503	0.00019167
0.85830688	0.00037202
0.88214874	0.00053453
0.90599060	0.00058340
0.92983246	0.00083145
0.95367432	0.00700932
0.97751617	0.03571819
1.00135803	0.05608658
1.02519989	0.03175336
1.04904175	0.00532476
1.07288361	0.00079303
1.09672546	0.00050193
1.12056732	0.00050990
1.14440918	0.00024095
1.16825104	0.00028319
1.19209290	0.00031761
1.21593475	0.00049312
1.23977661	0.00045256
1.26361847	0.00053374
1.28746033	0.00093472
1.31130219	0.00133491
1.33514404	0.00049235
1.35898590	0.00050883
1.38282776	0.00077908
1.40666962	0.00059733
1.43051147	0.00063405
1.45435333	0.00037251
1.47819519	0.00040582
1.50203705	0.00039493
1.52587891	0.00030716
1.54972076	0.00016543
1.57356262	0.00063330
1.59740448	0.00072537
1.62124634	0.00078413
1.64508820	0.00156216
1.66893005	0.00142278
1.69277191	0.00042431
1.71661377	0.00060628
1.74045563	0.00068987
1.76429749	0.00037045
1.78813934	0.00027428
1.81198120	0.00022030
1.83582306	0.00023444
1.85966492	0.00043451
1.88350677	0.00063820
1.90734863	0.00070989
1.93119049	0.00067381
1.95503235	0.00784492
1.97887421	0.03743014
2.00271606	0.05544379
2.02655792	0.02949962
2.05039978	0.00433133
2.07424164	0.00053963
2.09808350	0.00037242
2.12192535	0.00037659
2.14576721	0.00028712
2.16960907	0.00022727
2.19345093	0.00020091
2.21729279	0.00043045
2.24113464	0.00051131
2.26497650	0.00083592
2.28881836	0.00125027
2.31266022	0.00176421
2.33650208	0.00102736
2.36034393	0.00047579
2.38418579	0.00070229
2.40802765	0.00064169
2.43186951	0.00043848
2.45571136	0.00043870
2.47955322	0.00047479
2.50339508	0.00023766
2.52723694	0.00013519
2.55107880	0.00034217
2.57492065	0.00061067
2.59876251	0.00073955
2.62260437	0.00095107
2.64644623	0.00222793
2.67028809	0.00214163
2.69412994	0.00059315
2.71797180	0.00041609
2.74181366	0.00061443
2.76565552	0.00054278
2.78949738	0.00029910
2.81333923	0.00043092
2.83718109	0.00022375
2.86102295	0.00010930
2.88486481	0.00017734
2.90870667	0.00049214
2.93254852	0.00085029
2.95639038	0.00905124
2.98023224	0.03902073
3.00407410	0.05436033
3.02791595	0.02711293
3.05175781	0.00347149
3.07559967	0.00043681
3.09944153	0.00041535
3.12328339	0.00066838
3.14712524	0.00057318
3.17096710	0.00037349
3.19480896	0.00022932
3.21865082	0.00050516
3.24249268	0.00041394
3.26633453	0.00067722
3.29017639	0.00125277
3.31401825	0.00190054
3.33786011	0.00131714
3.36170197	0.00111993
3.38554382	0.00099903
3.40938568	0.00061212
3.43322754	0.00051186
3.45706940	0.00049318
3.48091125	0.00042486
3.50475311	0.00018183
3.52859497	0.00016796
3.55243683	0.00031966
3.57627869	0.00051952
3.60012054	0.00066034
3.62396240	0.00126170
3.64780426	0.00284549
3.67164612	0.00231683
3.69548798	0.00050191
3.71932983	0.00044124
3.74317169	0.00039065
3.76701355	0.00051898
3.79085541	0.00054348
3.81469727	0.00050653
3.83853912	0.00019571
3.86238098	0.00020542
3.88622284	0.00042339
3.91006470	0.00061956
3.93390656	0.00059696
3.95774841	0.00977239
3.98159027	0.03999102
4.00543213	0.05269516
4.02927399	0.02472375
4.05311584	0.00308036
4.07695770	0.00072883
4.10079956	0.00052844
4.12464142	0.00038719
4.14848328	0.00029199
4.17232513	0.00033929
4.19616699	0.00016941
4.22000885	0.00025047
4.24385071	0.00054943
4.26769257	0.00095856
4.29153442	0.00156765
4.31537628	0.00214707
4.33921814	0.00167716
4.36306000	0.00113994
4.38690186	0.00057885
4.41074371	0.00060530
4.43458557	0.00056181
4.45842743	0.00022824
4.48226929	0.00031672
4.50611115	0.00033372
4.52995300	0.00019976
4.55379486	0.00033330
4.57763672	0.00053867
4.60147858	0.00091850
4.62532043	0.00134520
4.64916229	0.00308913
4.67300415	0.00254268
4.69684601	0.00068334
4.72068787	0.00038464
4.74452972	0.00037385
4.76837158	0.00035466
4.79221344	0.00032075
4.81605530	0.00029896
4.83989716	0.00018172
4.86373901	0.00026291
4.88758087	0.00030754
4.91142273	0.00051597
4.93526459	0.00078392
4.95910645	0.01069524
4.98294830	0.04061925
5.00679016	0.05055965
5.03063202	0.02215376
5.05447388	0.00234106
5.07831573	0.00056381
5.10215759	0.00060999
5.12599945	0.00061679
5.14984131	0.00048703
5.17368317	0.00033284
5.19752502	0.00014818
5.22136688	0.00019971
5.24520874	0.00041828
5.26905060	0.00071871
5.29289246	0.00173729
5.31673431	0.00247928
5.34057617	0.00211847
5.36441803	0.00136248
5.38825989	0.00043758
5.41210175	0.00043682
5.43594360	0.00057896
5.45978546	0.00053572
5.48362732	0.00039936
5.50746918	0.00029870
5.53131104	0.00020249
5.55515289	0.00040925
5.57899475	0.00059613
5.60283661	0.00090098
5.62667847	0.00155558
5.65052032	0.00369601
5.67436218	0.00289457
5.69820404	0.00088816
5.72204590	0.00066304
5.74588776	0.00046387
5.76972961	0.00034600
5.79357147	0.00047468
5.81741333	0.00044273
5.84125519	0.00020128
5.86509705	0.00029064
5.88893890	0.00034048
5.91278076	0.00049715
5.93662262	0.00078371
5.96046448	0.01156447
5.98430634	0.04107272
6.00814819	0.04830775
6.03199005	0.01987629
6.05583191	0.00194216
6.07967377	0.00061174
6.10351563	0.00059312
6.12735748	0.00057246
6.15119934	0.00039477
6.17504120	0.00017150
6.19888306	0.00011105
6.22272491	0.00012937
6.24656677	0.00045354
6.27040863	0.00091000
6.29425049	0.00203958
6.31809235	0.00276574
6.34193420	0.00258995
6.36577606	0.00171237
6.38961792	0.00064066
6.41345978	0.00062287
6.43730164	0.00057429
6.46114349	0.00043964
6.48498535	0.00029414
6.50882721	0.00031111
6.53266907	0.00032602
6.55651093	0.00051737
6.58035278	0.00048804
6.60419464	0.00075384
6.62803650	0.00184519
6.65187836	0.00408566
6.67572021	0.00305061
6.69956207	0.00110331
6.72340393	0.00060518
6.74724579	0.00044530
6.77108765	0.00064031
6.79492950	0.00043623
6.81877136	0.00037578
6.84261322	0.00027949
6.86645508	0.00024638
6.89029694	0.00028082
6.91413879	0.00058154
6.93798065	0.00117137
6.96182251	0.01282338
6.98566437	0.04128947
7.00950623	0.04549968
7.03334808	0.01723712
7.05718994	0.00129951
7.08103180	0.00047809
7.10487366	0.00056047
7.12871552	0.00047600
7.15255737	0.00063255
7.17639923	0.00038662
7.20024109	0.00019010
7.22408295	0.00015920
7.24792480	0.00038843
7.27176666	0.00080725
7.29560852	0.00212122
7.31945038	0.00296676
7.34329224	0.00293877
7.36713409	0.00164920
7.39097595	0.00041230
7.41481781	0.00041029
7.43865967	0.00028651
7.46250153	0.00051096
7.48634338	0.00046521
7.51018524	0.00031054
7.53402710	0.00014607
7.55786896	0.00024080
7.58171082	0.00042236
7.60555267	0.00101753
7.62939453	0.00250202
7.65323639	0.00455855
7.67707825	0.00320571
7.70092010	0.00135606
7.72476196	0.00058089
7.74860382	0.00003669
7.77244568	0.00046107
7.79628754	0.00063521
7.82012939	0.00047505
7.84397125	0.00028124
7.86781311	0.00009628
7.89165497	0.00018988
7.91549683	0.00074081
7.93933868	0.00164581
7.96318054	0.01365924
7.98702240	0.04086984
8.01086426	0.04261183
8.03470612	0.01513870
8.05854797	0.00111888
8.08238983	0.00028576
8.10623169	0.00036321
8.13007355	0.00043556
8.15391541	0.00057609
8.17775726	0.00028909
8.20159912	0.00028379
8.22544098	0.00033127
8.24928284	0.00049988
8.27312469	0.00084994
8.29696655	0.00216629
8.32080841	0.00308288
8.34465027	0.00324233
8.36849213	0.00186219
8.39233398	0.00045321
8.41617584	0.00052830
8.44001770	0.00062611
8.46385956	0.00052335
8.48770142	0.00036257
8.51154327	0.00047060
8.53538513	0.00032370
8.55922699	0.00036154
8.58306885	0.00034516
8.60691071	0.00059725
8.63075256	0.00278108
8.65459442	0.00490503
8.67843628	0.00328097
8.70227814	0.00148902
8.72612000	0.00077033
8.74996185	0.00046311
8.77380371	0.00058008
8.79764557	0.00056954
8.82148743	0.00031960
8.84532928	0.00013921
8.86917114	0.00021321
8.89301300	0.00024567
8.91685486	0.00056157
8.94069672	0.00151289
8.96453857	0.01399194
8.98838043	0.03983352
9.01222229	0.03934915
9.03606415	0.01290222
9.05990601	0.00074893
9.08374786	0.00045256
9.10758972	0.00052557
9.13143158	0.00029261
9.15527344	0.00038526
9.17911530	0.00036739
9.20295715	0.00042305
9.22679901	0.00021497
9.25064087	0.00039902
9.27448273	0.00071366
9.29832458	0.00226410
9.32216644	0.00343712
9.34600830	0.00376961
9.36985016	0.00209573
9.39369202	0.00059425
9.41753387	0.00045852
9.44137573	0.00038894
9.46521759	0.00054581
9.48905945	0.00058008
9.51290131	0.00051053
9.53674316	0.00018460
9.56058502	0.00023926
9.58442688	0.00046596
9.60826874	0.00068086
9.63211060	0.00306050
9.65595245	0.00516291
9.67979431	0.00344441
9.70363617	0.00141069
9.72747803	0.00042373
9.75131989	0.00040160
9.77516174	0.00052187
9.79900360	0.00058373
9.82284546	0.00039287
9.84668732	0.00022255
9.87052917	0.00009852
9.89437103	0.00026616
9.91821289	0.00052270
9.94205475	0.00170089
9.96589661	0.01459717
9.98973846	0.03883803
10.01358032	0.03616346
10.03742218	0.01102057
10.06126404	0.00072397
10.08510590	0.00035165
10.10894775	0.00040346
10.13278961	0.00033966
10.15663147	0.00045100
10.18047333	0.00016852
10.20431519	0.00018186
10.22815704	0.00020056
10.25199890	0.00045655
10.27584076	0.00075714
10.29968262	0.00226097
10.32352448	0.00333547
10.34736633	0.00357487
10.37120819	0.00180384
10.39505005	0.00062528
10.41889191	0.00037674
10.44273376	0.00026050
10.46657562	0.00040434
10.49041748	0.00041350
10.51425934	0.00047646
10.53810120	0.00047242
10.56194305	0.00035662
10.58578491	0.00034426
10.60962677	0.00090722
10.63346863	0.00338562
10.65731049	0.00529021
10.68115234	0.00339750
10.70499420	0.00142462
10.72883606	0.00036097
10.75267792	0.00027905
10.77651978	0.00039586
10.80036163	0.00048833
10.82420349	0.00040057
10.84804535	0.00047554
10.87188721	0.00035454
10.89572906	0.00018733
10.91957092	0.00020754
10.94341278	0.00171577
10.96725464	0.01504824
10.99109650	0.03725221
11.01493835	0.03253609
11.03878021	0.00893452
11.06262207	0.00031458
11.08646393	0.00030205
11.11030579	0.00048085
11.13414764	0.00034612
11.15798950	0.00051413
11.18183136	0.00034210
11.20567322	0.00031073
11.22951508	0.00021695
11.25335693	0.00043384
11.27719879	0.00094887
11.30104065	0.00232239
11.32488251	0.00341406
11.34872437	0.00374117
11.37256622	0.00171696
11.39640808	0.00040156
11.42024994	0.00031003
11.44409180	0.00026627
11.46793365	0.00036490
11.49177551	0.00052538
11.51561737	0.00045836
11.53945923	0.00032302
11.56330109	0.00010129
11.58714294	0.00027081
11.61098480	0.00076594
11.63482666	0.00345219
11.65866852	0.00533733
11.68251038	0.00357057
11.70635223	0.00160053
11.73019409	0.00035967
11.75403595	0.00034697
11.77787781	0.00041356
11.80171967	0.00048373
11.82556152	0.00046242
11.84940338	0.00060234
11.87324524	0.00035840
11.89708710	0.00030585
11.92092896	0.00027677
11.94477081	0.00176983
11.96861267	0.01512360
11.99245453	0.03542711
12.01629639	0.02938243
12.04013824	0.00757721
12.06398010	0.00048402
12.08782196	0.00037232
12.11166382	0.00055327
12.13550568	0.00040956
12.15934753	0.00032525
12.18318939	0.00048172
12.20703125	0.00051340
12.23087311	0.00041514
12.25471497	0.00055982
12.27855682	0.00092461
12.30239868	0.00240288
12.32624054	0.00360386
12.35008240	0.00388420
12.37392426	0.00180491
12.39776611	0.00058656
12.42160797	0.00026354
12.44544983	0.00034703
12.46929169	0.00035278
12.49313354	0.00026391
12.51697540	0.00031076
12.54081726	0.00014866
12.56465912	0.00014309
12.58850098	0.00051712
12.61234283	0.00106726
12.63618469	0.00372064
12.66002655	0.00527943
12.68386841	0.00355407
12.70771027	0.00174675
12.73155212	0.00061236
12.75539398	0.00039040
12.77923584	0.00025484
12.80307770	0.00049549
12.82691956	0.00059952
12.85076141	0.00067830
12.87460327	0.00036475
12.89844513	0.00031309
12.92228699	0.00043391
12.94612885	0.00214056
12.96997070	0.01518028
12.99381256	0.03307705
13.01765442	0.02569236
13.04149628	0.00593026
13.06533813	0.00051294
13.08917999	0.00008027
13.11302185	0.00008022
13.13686371	0.00031445
13.16070557	0.00047943
13.18454742	0.00039803
13.20838928	0.00040908
13.23223114	0.00030755
13.25607300	0.00036954
13.27991486	0.00103033
13.30375671	0.00232217
13.32759857	0.00365306
13.35144043	0.00390881
13.37528229	0.00165274
13.39912415	0.00044314
13.42296600	0.00018896
13.44680786	0.00045465
13.47064972	0.00050844
13.49449158	0.00046995
13.51833344	0.00033521
13.54217529	0.00020108
13.56601715	0.00016101
13.58985901	0.00042271
13.61370087	0.00095601
13.63754272	0.00367506
13.66138458	0.00497686
13.68522644	0.00327544
13.70906830	0.00159537
13.73291016	0.00053476
13.75675201	0.00036302
13.78059387	0.00024357
13.80443573	0.00039512
13.82827759	0.00043746
13.85211945	0.00045770
13.87596130	0.00035551
13.89980316	0.00044229
13.92364502	0.00052124
13.94748688	0.00220654
13.97132874	0.01479094
13.99517059	0.03050766
14.01901245	0.02244881
14.04285431	0.00481095
14.06669617	0.00050924
14.09053802	0.00027328
14.11437988	0.00025936
14.13822174	0.00036903
14.16206360	0.00048156
14.18590546	0.00047947
14.20974731	0.00038775
14.23358917	0.00028913
14.25743103	0.00037304
14.28127289	0.00108956
14.30511475	0.00220225
14.32895660	0.00364716
14.35279846	0.00386817
14.37664032	0.00143926
14.40048218	0.00057842
14.42432404	0.00020266
14.44816589	0.00015030
14.47200775	0.00044985
14.49584961	0.00068534
14.51969147	0.00037745
14.54353333	0.00014928
14.56737518	0.00035745
14.59121704	0.00063487
14.61505890	0.00109712
14.63890076	0.00355874
14.66274261	0.00469968
14.68658447	0.00349465
14.71042633	0.00202905
14.73426819	0.00071027
14.75811005	0.00030708
14.78195190	0.00039618
14.80579376	0.00047944
14.82963562	0.00018458
14.85347748	0.00041474
14.87731934	0.00046764
14.90116119	0.00048138
14.92500305	0.00053199
14.94884491	0.00199951
14.97268677	0.01418336
14.99652863	0.02787495
15.02037048	0.01924964
15.04421234	0.00357877
15.06805420	0.00054668
15.09189606	0.00033666
15.11573792	0.00027692
15.13957977	0.00032557
15.16342163	0.00033399
15.18726349	0.00041943
15.21110535	0.00055063
15.23494720	0.00047870
15.25878906	0.00027786
15.28263092	0.00085326
15.30647278	0.00212976
15.33031464	0.00361101
15.35415649	0.00352192
15.37799835	0.00132500
15.40184021	0.00077126
15.42568207	0.00029564
15.44952393	0.00019082
15.47336578	0.00018427
15.49720764	0.00047392
15.52104950	0.00061345
15.54489136	0.00050993
15.56873322	0.00018659
15.59257507	0.00052638
15.61641693	0.00113319
15.64025879	0.00353339
15.66410065	0.00449109
15.68794250	0.00308035
15.71178436	0.00150855
15.73562622	0.00069146
15.75946808	0.00040072
15.78330994	0.00034542
15.80715179	0.00031528
15.83099365	0.00026104
15.85483551	0.00044713
15.87867737	0.00050035
15.90251923	0.00041710
15.92636108	0.00052754
15.95020294	0.00229624
15.97404480	0.01377228
15.99788666	0.02514907
16.02172852	0.01626852
16.04557037	0.00268982
16.06941223	0.00062607
16.09325409	0.00034427
16.11709595	0.00018418
16.14093781	0.00023722
16.16477966	0.00020813
16.18862152	0.00048117
16.21246338	0.00039282
16.23630524	0.00048201
16.26014709	0.00039754
16.28398895	0.00089027
16.30783081	0.00197536
16.33167267	0.00350692
16.35551453	0.00335025
16.37935638	0.00135196
16.40319824	0.00063123
16.42704010	0.00034313
16.45088196	0.00039869
16.47472382	0.00025374
16.49856567	0.00032032
16.52240753	0.00046089
16.54624939	0.00047348
16.57009125	0.00031005
16.59393311	0.00043014
16.61777496	0.00113155
16.64161682	0.00336089
16.66545868	0.00392967
16.68930054	0.00279686
16.71314240	0.00140222
16.73698425	0.00040881
16.76082611	0.00039824
16.78466797	0.00039093
16.80850983	0.00044286
16.83235168	0.00044365
16.85619354	0.00024902
16.88003540	0.00033659
16.90387726	0.00023964
16.92771912	0.00026773
16.95156097	0.00180492
16.97540283	0.01241947
16.99924469	0.02176556
17.02308655	0.01315707
17.04692841	0.00179792
17.07077026	0.00069458
17.09461212	0.00046815
17.11845398	0.00027443
17.14229584	0.00043430
17.16613770	0.00032675
17.18997955	0.00038612
17.21382141	0.00039734
17.23766327	0.00059895
17.26150513	0.00039187
17.28534698	0.00068612
17.30918884	0.00167740
17.33303070	0.00344168
17.35687256	0.00329073
17.38071442	0.00128304
17.40455627	0.00071168
17.42839813	0.00015608
17.45223999	0.00008123
17.47608185	0.00024432
17.49992371	0.00040162
17.52376556	0.00036606
17.54760742	0.00057043
17.57144928	0.00082056
17.59529114	0.00065417
17.61913300	0.00124266
17.64297485	0.00321798
17.66681671	0.00370925
17.69065857	0.00258143
17.71450043	0.00113079
17.73834229	0.00059337
17.76218414	0.00020565
17.78602600	0.00005896
17.80986786	0.00004723
17.83370972	0.00017366
17.85755157	0.00036336
17.88139343	0.00061513
17.90523529	0.00048098
17.92907715	0.00056449
17.95291901	0.00179330
17.97676086	0.01144306
18.00060272	0.01880766
18.02444458	0.01069262
18.04828644	0.00125890
18.07212830	0.00061058
18.09597015	0.00057872
18.11981201	0.00037955
18.14365387	0.00046097
18.16749573	0.00053117
18.19133759	0.00057257
18.21517944	0.00034538
18.23902130	0.00045828
18.26286316	0.00036058
18.28670502	0.00070848
18.31054688	0.00155398
18.33438873	0.00318830
18.35823059	0.00296220
18.38207245	0.00119010
18.40591431	0.00049230
18.42975616	0.00041450
18.45359802	0.00047656
18.47743988	0.00055743
18.50128174	0.00045178
18.52512360	0.00034508
18.54896545	0.00059320
18.57280731	0.00068464
18.59664917	0.00059091
18.62049103	0.00121770
18.64433289	0.00271950
18.66817474	0.00294701
18.69201660	0.00227934
18.71585846	0.00112457
18.73970032	0.00080321
18.76354218	0.00045208
18.78738403	0.00031821
18.81122589	0.00026086
18.83506775	0.00044220
18.85890961	0.00046640
18.88275146	0.00054773
18.90659332	0.00017491
18.93043518	0.00031874
18.95427704	0.00154627
18.97811890	0.00986605
19.00196075	0.01555639
19.02580261	0.00830522
19.04964447	0.00109160
19.07348633	0.00043948
19.09732819	0.00016165
19.12117004	0.00016592
19.14501190	0.00040986
19.16885376	0.00029063
19.19269562	0.00048628
19.21653748	0.00052691
19.24037933	0.00047149
19.26422119	0.00045911
19.28806305	0.00052460
19.31190491	0.00116630
19.33574677	0.00269138
19.35958862	0.00227749
19.38343048	0.00092050
19.40727234	0.00057432
19.43111420	0.00025877
19.45495605	0.00012341
19.47879791	0.00015354
19.50263977	0.00006887
19.52648163	0.00033446
19.55032349	0.00046459
19.57416534	0.00064049
19.59800720	0.00056448
19.62184906	0.00111936
19.64569092	0.00232550
19.66953278	0.00257292
19.69337463	0.00211788
19.71721649	0.00095115
19.74105835	0.00073060
19.76490021	0.00045143
19.78874207	0.00038723
19.81258392	0.00021327
19.83642578	0.00030492
19.86026764	0.00043330
19.88410950	0.00063052
19.90795135	0.00065963
19.93179321	0.00062373
19.95563507	0.00152698
19.97947693	0.00864505
20.00331879	0.01270008
20.02716064	0.00626192
20.05100250	0.00084520
20.07484436	0.00071287
20.09868622	0.00036463
20.12252808	0.00026587
20.14636993	0.00031894
20.17021179	0.00044096
20.19405365	0.00049836
20.21789551	0.00037721
20.24173737	0.00051103
20.26557922	0.00053280
20.28942108	0.00055243
20.31326294	0.00112617
20.33710480	0.00261254
20.36094666	0.00204886
20.38478851	0.00084410
20.40863037	0.00072739
20.43247223	0.00057753
20.45631409	0.00040301
20.48015594	0.00016635
20.50399780	0.00032907
20.52783966	0.00050479
20.55168152	0.00032282
20.57552338	0.00052343
20.59936523	0.00060833
20.62320709	0.00115560
20.64704895	0.00183859
20.67089081	0.00200628
20.69473267	0.00184811
20.71857452	0.00099141
20.74241638	0.00072171
20.76625824	0.00039113
20.79010010	0.00017877
20.81394196	0.00009449
20.83778381	0.00036713
20.86162567	0.00053432
20.88546753	0.00057691
20.90930939	0.00039701
20.93315125	0.00066940
20.95699310	0.00106159
20.98083496	0.00684267
21.00467682	0.00969112
21.02851868	0.00456211
21.05236053	0.00081393
21.07620239	0.00042314
21.10004425	0.00027256
21.12388611	0.00025762
21.14772797	0.00018970
21.17156982	0.00031687
21.19541168	0.00038608
21.21925354	0.00025998
21.24309540	0.00062201
21.26693726	0.00075901
21.29077911	0.00047678
21.31462097	0.00083789
21.33846283	0.00226830
21.36230469	0.00184298
21.38614655	0.00107070
21.40998840	0.00061972
21.43383026	0.00037040
21.45767212	0.00028383
21.48151398	0.00043763
21.50535583	0.00024337
21.52919769	0.00041528
21.55303955	0.00064298
21.57688141	0.00078727
21.60072327	0.00064414
21.62456512	0.00109014
21.64840698	0.00126260
21.67224884	0.00132514
21.69609070	0.00135348
21.71993256	0.00091833
21.74377441	0.00071305
21.76761627	0.00044581
21.79145813	0.00031544
21.81529999	0.00020574
21.83914185	0.00036974
21.86298370	0.00029805
21.88682556	0.00051353
21.91066742	0.00061731
21.93450928	0.00049492
21.95835114	0.00117587
21.98219299	0.00540379
22.00603485	0.00696471
22.02987671	0.00281405
22.05371857	0.00062155
22.07756042	0.00081441
22.10140228	0.00051219
22.12524414	0.00051150
22.14908600	0.00034135
22.17292786	0.00027489
22.19676971	0.00040343
22.22061157	0.00027986
22.24445343	0.00059793
22.26829529	0.00093036
22.29213715	0.00038658
22.31597900	0.00080629
22.33982086	0.00195116
22.36366272	0.00150496
22.38750458	0.00073850
22.41134644	0.00070531
22.43518829	0.00073542
22.45903015	0.00024380
22.48287201	0.00023344
22.50671387	0.00035166
22.53055573	0.00057578
22.55439758	0.00058537
22.57823944	0.00067382
22.60208130	0.00044485
22.62592316	0.00063640
22.64976501	0.00031815
22.67360687	0.00089555
22.69744873	0.00129179
22.72129059	0.00077395
22.74513245	0.00057227
22.76897430	0.00047235
22.79281616	0.00032494
22.81665802	0.00020900
22.84049988	0.00035318
22.86434174	0.00029010
22.88818359	0.00027690
22.91202545	0.00069391
22.93586731	0.00069366
22.95970917	0.00056509
22.98355103	0.00324156
23.00739288	0.00416181
23.03123474	0.00161084
23.05507660	0.00077581
23.07891846	0.00058639
23.10276031	0.00034034
23.12660217	0.00031030
23.15044403	0.00015169
23.17428589	0.00007365
23.19812775	0.00012328
23.22196960	0.00048309
23.24581146	0.00062631
23.26965332	0.00077697
23.29349518	0.00047221
23.31733704	0.00065051
23.34117889	0.00151364
23.36502075	0.00124869
23.38886261	0.00093396
23.41270447	0.00051937
23.43654633	0.00044242
23.46038818	0.00031935
23.48423004	0.00037134
23.50807190	0.00028632
23.53191376	0.00024902
23.55575562	0.00029692
23.57959747	0.00059751
23.60343933	0.00056676
23.62728119	0.00058152
23.65112305	0.00060067
23.67496490	0.00089456
23.69880676	0.00104192
23.72264862	0.00067749
23.74649048	0.00048547
23.77033234	0.00060220
23.79417419	0.00055703
23.81801605	0.00056489
23.84185791	0.00051589
23.86569977	0.00042178
23.88954163	0.00030589
23.91338348	0.00072692
23.93722534	0.00074405
23.96106720	0.00060034
23.98490906	0.00154503
24.00875092	0.00189855
24.03259277	0.00090908
24.05643463	0.00062328
24.08027649	0.00065166
24.10411835	0.00054456
24.12796021	0.00051408
24.15180206	0.00024884
24.17564392	0.00029975
24.19948578	0.00019226
24.22332764	0.00052968
24.24716949	0.00065472
24.27101135	0.00051488
24.29485321	0.00080321
24.31869507	0.00100696
24.34253693	0.00090236
24.36637878	0.00058660
24.39022064	0.00081675
24.41406250	0.00077587
24.43790436	0.00041629
24.46174622	0.00018273
24.48558807	0.00026952
24.50942993	0.00021465
24.53327179	0.00028417
24.55711365	0.00052526
24.58095551	0.00060063
24.60479736	0.00040754
24.62863922	0.00077802
24.65248108	0.00111390
24.67632294	0.00090411
24.70016479	0.00095898
24.72400665	0.00082933
24.74784851	0.00051309
24.77169037	0.00055594
24.79553223	0.00044699
24.81937408	0.00023250
24.84321594	0.00012786
24.86705780	0.00032767
24.89089966	0.00040024
24.91474152	0.00073408
24.93858337	0.00090862
24.96242523	0.00097539
24.98626709	0.00048680
25.01010895	0.00064253
25.03395081	0.00106038
25.05779266	0.00067507
25.08163452	0.00049108
25.10547638	0.00046598
25.12931824	0.00042474
25.15316010	0.00019662
25.17700195	0.00017720
25.20084381	0.00008550
25.22468567	0.00046885
25.24852753	0.00059430
25.27236938	0.00060408
25.29621124	0.00107672
25.32005310	0.00106146
25.34389496	0.00032111
25.36773682	0.00056173
25.39157867	0.00073268
25.41542053	0.00053814
25.43926239	0.00044043
25.46310425	0.00043519
25.48694611	0.00034577
25.51078796	0.00030567
25.53462982	0.00043353
25.55847168	0.00035191
25.58231354	0.00064695
25.60615540	0.00098349
25.62999725	0.00124713
25.65383911	0.00208342
25.67768097	0.00137299
25.70152283	0.00059337
25.72536469	0.00067541
25.74920654	0.00051114
25.77304840	0.00038854
25.79689026	0.00035665
25.82073212	0.00028835
25.84457397	0.00022988
25.86841583	0.00045962
25.89225769	0.00037850
25.91609955	0.00078141
25.93994141	0.00095072
25.96378326	0.00171235
25.98762512	0.00248482
26.01146698	0.00253058
26.03530884	0.00156477
26.05915070	0.00080859
26.08299255	0.00073914
26.10683441	0.00054656
26.13067627	0.00045988
26.15451813	0.00024076
26.17835999	0.00020442
26.20220184	0.00022486
26.22604370	0.00059661
26.24988556	0.00056462
26.27372742	0.00057671
26.29756927	0.00132845
26.32141113	0.00139589
26.34525299	0.00027114
26.36909485	0.00065142
26.39293671	0.00074107
26.41677856	0.00046468
26.44062042	0.00042700
26.46446228	0.00042342
26.48830414	0.00005134
26.51214600	0.00022137
26.53598785	0.00027678
26.55982971	0.00042709
26.58367157	0.00066188
26.60751343	0.00105740
26.63135529	0.00156955
26.65519714	0.00267430
26.67903900	0.00165696
26.70288086	0.00037012
26.72672272	0.00054474
26.75056458	0.00043639
26.77440643	0.00036809
26.79824829	0.00034994
26.82209015	0.00036000
26.84593201	0.00016052
26.86977386	0.00028996
26.89361572	0.00037691
26.91745758	0.00059763
26.94129944	0.00075859
26.96514130	0.00203918
26.98898315	0.00403938
27.01282501	0.00402048
27.03666687	0.00181146
27.06050873	0.00057157
27.08435059	0.00063087
27.10819244	0.00073592
27.13203430	0.00051965
27.15587616	0.00023750
27.17971802	0.00017547
27.20355988	0.00027228
27.22740173	0.00056476
27.25124359	0.00072948
27.27508545	0.00076867
27.29892731	0.00146051
27.32276917	0.00150774
27.34661102	0.00052695
27.37045288	0.00061009
27.39429474	0.00055789
27.41813660	0.00040456
27.44197845	0.00025016
27.46582031	0.00046179
27.48966217	0.00027752
27.51350403	0.00028831
27.53734589	0.00036488
27.56118774	0.00065649
27.58502960	0.00066266
27.60887146	0.00067241
27.63271332	0.00220617
27.65655518	0.00346968
27.68039703	0.00170566
27.70423889	0.00028485
27.72808075	0.00058517
27.75192261	0.00032596
27.77576447	0.00042777
27.79960632	0.00043694
27.82344818	0.00036219
27.84729004	0.00007457
27.87113190	0.00019790
27.89497375	0.00028494
27.91881561	0.00060670
27.94265747	0.00108813
27.96649933	0.00308312
27.99034119	0.00598376
28.01418304	0.00543021
28.03802490	0.00207991
28.06186676	0.00075393
28.08570862	0.00068827
28.10955048	0.00051307
28.13339233	0.00027153
28.15723419	0.00022427
28.18107605	0.00025869
28.20491791	0.00031442
28.22875977	0.00047586
28.25260162	0.00090111
28.27644348	0.00105619
28.30028534	0.00188542
28.32412720	0.00194210
28.34796906	0.00101847
28.37181091	0.00064813
28.39565277	0.00052254
28.41949463	0.00065907
28.44333649	0.00051250
28.46717834	0.00020993
28.49102020	0.00024838
28.51486206	0.00027915
28.53870392	0.00018534
28.56254578	0.00037304
28.58638763	0.00047955
28.61022949	0.00092027
28.63407135	0.00283087
28.65791321	0.00422611
28.68175507	0.00214101
28.70559692	0.00040923
28.72943878	0.00062490
28.75328064	0.00051273
28.77712250	0.00074040
28.80096436	0.00038374
28.82480621	0.00040197
28.84864807	0.00043372
28.87248993	0.00046221
28.89633179	0.00062406
28.92017365	0.00085165
28.94401550	0.00127907
28.96785736	0.00383750
28.99169922	0.00749458
29.01554108	0.00649203
29.03938293	0.00219148
29.06322479	0.00084008
29.08706665	0.00082182
29.11090851	0.00047268
29.13475037	0.00033170
29.15859222	0.00026013
29.18243408	0.00015222
29.20627594	0.00017249
29.23011780	0.00032894
29.25395966	0.00067604
29.27780151	0.00101049
29.30164337	0.00221096
29.32548523	0.00218839
29.34932709	0.00136258
29.37316895	0.00096877
29.39701080	0.00049033
29.42085266	0.00026517
29.44469452	0.00043581
29.46853638	0.00049073
29.49237823	0.00026576
29.51622009	0.00018012
29.54006195	0.00015164
29.56390381	0.00026259
29.58774567	0.00055618
29.61158752	0.00104409
29.63542938	0.00314708
29.65927124	0.00466350
29.68311310	0.00228299
29.70695496	0.00029796
29.73079681	0.00032803
29.75463867	0.00037887
29.77848053	0.00057214
29.80232239	0.00067659
29.82616425	0.00062620
29.85000610	0.00028421
29.87384796	0.00015122
29.89768982	0.00038215
29.92153168	0.00069192
29.94537354	0.00138598
29.96921539	0.00446330
29.99305725	0.00874024
30.01689911	0.00705230
30.04074097	0.00198974
30.06458282	0.00042420
30.08842468	0.00036982
30.11226654	0.00043837
30.13610840	0.00036802
30.15995026	0.00035426
30.18379211	0.00019795
30.20763397	0.00026926
30.23147583	0.00038488
30.25531769	0.00073105
30.27915955	0.00077107
30.30300140	0.00207222
30.32684326	0.00234138
30.35068512	0.00173228
30.37452698	0.00083022
30.39836884	0.00022739
30.42221069	0.00040465
30.44605255	0.00059447
30.46989441	0.00067908
30.49373627	0.00040994
30.51757813	0.00043481
30.54141998	0.00026682
30.56526184	0.00026088
30.58910370	0.00059415
30.61294556	0.00110873
30.63678741	0.00380679
30.66062927	0.00525454
30.68447113	0.00253984
30.70831299	0.00049062
30.73215485	0.00035598
30.75599670	0.00046966
30.77983856	0.00049675
30.80368042	0.00057065
30.82752228	0.00034916
30.85136414	0.00022695
30.87520599	0.00021285
30.89904785	0.00036218
30.92288971	0.00068125
30.94673157	0.00161773
30.97057343	0.00522279
30.99441528	0.01002276
31.01825714	0.00776354
31.04209900	0.00208485
31.06594086	0.00051004
31.08978271	0.00037159
31.11362457	0.00048960
31.13746643	0.00020528
31.16130829	0.00044753
31.18515015	0.00052982
31.20899200	0.00050364
31.23283386	0.00037134
31.25667572	0.00056186
31.28051758	0.00112949
31.30435944	0.00254105
31.32820129	0.00271640
31.35204315	0.00224008
31.37588501	0.00119402
31.39972687	0.00052091
31.42356873	0.00046244
31.44741058	0.00040657
31.47125244	0.00018950
31.49509430	0.00035898
31.51893616	0.00040605
31.54277802	0.00027759
31.56661987	0.00032835
31.59046173	0.00053877
31.61430359	0.00123136
31.63814545	0.00459256
31.66198730	0.00607951
31.68582916	0.00297904
31.70967102	0.00074234
31.73351288	0.00032419
31.75735474	0.00019480
31.78119659	0.00038108
31.80503845	0.00045814
31.82888031	0.00046660
31.85272217	0.00028960
31.87656403	0.00003298
31.90040588	0.00034634
31.92424774	0.00069989
31.94808960	0.00181538
31.97193146	0.00606537
31.99577332	0.01112718
32.01961517	0.00815981
32.04345703	0.00208781
32.06729889	0.00047357
32.09114075	0.00028940
32.11498260	0.00051271
32.13882446	0.00045808
32.16266632	0.00033352
32.18650818	0.00018483
32.21035004	0.00031682
32.23419189	0.00038217
32.25803375	0.00063257
32.28187561	0.00117118
32.30571747	0.00280155
32.32955933	0.00295958
32.35340118	0.00225249
32.37724304	0.00085873
32.40108490	0.00026749
32.42492676	0.00037244
32.44876862	0.00055593
32.47261047	0.00060991
32.49645233	0.00038823
32.52029419	0.00032465
32.54413605	0.00022471
32.56797791	0.00031352
32.59181976	0.00059012
32.61566162	0.00138311
32.63950348	0.00502455
32.66334534	0.00626066
32.68718719	0.00287828
32.71102905	0.00080651
32.73487091	0.00035034
32.75871277	0.00042874
32.78255463	0.00037408
32.80639648	0.00040992
32.83023834	0.00043617
32.85408020	0.00044789
32.87792206	0.00025408
32.90176392	0.00034009
32.92560577	0.00050667
32.94944763	0.00188800
32.97328949	0.00669737
32.99713135	0.01170180
33.02097321	0.00783927
33.04481506	0.00165714
33.06865692	0.00060666
33.09249878	0.00035050
33.11634064	0.00059423
33.14018250	0.00066036
33.16402435	0.00053055
33.18786621	0.00030370
33.21170807	0.00036937
33.23554993	0.00031199
33.25939178	0.00054295
33.28323364	0.00138014
33.30707550	0.00302366
33.33091736	0.00321325
33.35475922	0.00258132
33.37860107	0.00110530
33.40244293	0.00042947
33.42628479	0.00047159
33.45012665	0.00046249
33.47396851	0.00042007
33.49781036	0.00045944
33.52165222	0.00037965
33.54549408	0.00022051
33.56933594	0.00011926
33.59317780	0.00044564
33.61701965	0.00162698
33.64086151	0.00549966
33.66470337	0.00630059
33.68854523	0.00288389
33.71238708	0.00087894
33.73622894	0.00048107
33.76007080	0.00063444
33.78391266	0.00057449
33.80775452	0.00072289
33.83159637	0.00050604
33.85543823	0.00031709
33.87928009	0.00024967
33.90312195	0.00034845
33.92696381	0.00063270
33.95080566	0.00211461
33.97464752	0.00738757
33.99848938	0.01229700
34.02233124	0.00778887
34.04617310	0.00149310
34.07001495	0.00051697
34.09385681	0.00032340
34.11769867	0.00047799
34.14154053	0.00028578
34.16538239	0.00027268
34.18922424	0.00054095
34.21306610	0.00042916
34.23690796	0.00029528
34.26074982	0.00053373
34.28459167	0.00140061
34.30843353	0.00285803
34.33227539	0.00319210
34.35611725	0.00261001
34.37995911	0.00099682
34.40380096	0.00033680
34.42764282	0.00025635
34.45148468	0.00026403
34.47532654	0.00031808
34.49916840	0.00028207
34.52301025	0.00005624
34.54685211	0.00022556
34.57069397	0.00026239
34.59453583	0.00070173
34.61837769	0.00174314
34.64221954	0.00590352
34.66606140	0.00655441
34.68990326	0.00302307
34.71374512	0.00093324
34.73758698	0.00031082
34.76142883	0.00034897
34.78527069	0.00020595
34.80911255	0.00052293
34.83295441	0.00048631
34.85679626	0.00046018
34.88063812	0.00012538
34.90447998	0.00014919
34.92832184	0.00056709
34.95216370	0.00218780
34.97600555	0.00767145
34.99984741	0.01224093
35.02368927	0.00726648
35.04753113	0.00118556
35.07137299	0.00028781
35.09521484	0.00032583
35.11905670	0.00061210
35.14289856	0.00057112
35.16674042	0.00040445
35.19058228	0.00048474
35.21442413	0.00041100
35.23826599	0.00035553
35.26210785	0.00064520
35.28594971	0.00160218
35.30979156	0.00302421
35.33363342	0.00324533
35.35747528	0.00259148
35.38131714	0.00085244
35.40515900	0.00033409
35.42900085	0.00029604
35.45284271	0.00041439
35.47668457	0.00049977
35.50052643	0.00048194
35.52436829	0.00022759
35.54821014	0.00030154
35.57205200	0.00018401
35.59589386	0.00039487
35.61973572	0.00208176
35.64357758	0.00634114
35.66741943	0.00655649
35.69126129	0.00288238
35.71510315	0.00096752
35.73894501	0.00040282
35.76278687	0.00043688
35.78662872	0.00039442
35.81047058	0.00043916
35.83431244	0.00043310
35.85815430	0.00039146
35.88199615	0.00038153
35.90583801	0.00051901
35.92967987	0.00071934
35.95352173	0.00231454
35.97736359	0.00814164
36.00120544	0.01252392
36.02504730	0.00710026
36.04888916	0.00117539
36.07273102	0.00036395
36.09657288	0.00044859
36.12041473	0.00048644
36.14425659	0.00044446
36.16809845	0.00031581
36.19194031	0.00043231
36.21578217	0.00034570
36.23962402	0.00043014
36.26346588	0.00073698
36.28730774	0.00172426
36.31114960	0.00284869
36.33499146	0.00322973
36.35883331	0.00256828
36.38267517	0.00068561
36.40651703	0.00037505
36.43035889	0.00022672
36.45420074	0.00037362
36.47804260	0.00049714
36.50188446	0.00063763
36.52572632	0.00041796
36.54956818	0.00035129
36.57341003	0.00016517
36.59725189	0.00049205
36.62109375	0.00219646
36.64493561	0.00650370
36.66877747	0.00641253
36.69261932	0.00281855
36.71646118	0.00103245
36.74030304	0.00056558
36.76414490	0.00051173
36.78798676	0.00035583
36.81182861	0.00021124
36.83567047	0.00039917
36.85951233	0.00036545
36.88335419	0.00037003
36.90719604	0.00035190
36.93103790	0.00046885
36.95487976	0.00217869
36.97872162	0.00816087
37.00256348	0.01189038
37.02640533	0.00614856
37.05024719	0.00086494
37.07408905	0.00014897
37.09793091	0.00021386
37.12177277	0.00024482
37.14561462	0.00055575
37.16945648	0.00056657
37.19329834	0.00043735
37.21714020	0.00031667
37.24098206	0.00043733
37.26482391	0.00052337
37.28866577	0.00158881
37.31250763	0.00294241
37.33634949	0.00347601
37.36019135	0.00261500
37.38403320	0.00086824
37.40787506	0.00042290
37.43171692	0.00013243
37.45555878	0.00029963
37.47940063	0.00061660
37.50324249	0.00076876
37.52708435	0.00057599
37.55092621	0.00036105
37.57476807	0.00009279
37.59860992	0.00047860
37.62245178	0.00258335
37.64629364	0.00676438
37.67013550	0.00629249
37.69397736	0.00266311
37.71781921	0.00085036
37.74166107	0.00046971
37.76550293	0.00033461
37.78934479	0.00023772
37.81318665	0.00047423
37.83702850	0.00046645
37.86087036	0.00037169
37.88471222	0.00028754
37.90855408	0.00027971
37.93239594	0.00041898
37.95623779	0.00234632
37.98007965	0.00835527
38.00392151	0.01156012
38.02776337	0.00576069
38.05160522	0.00096655
38.07544708	0.00014541
38.09928894	0.00012524
38.12313080	0.00004814
38.14697266	0.00028316
38.17081451	0.00037495
38.19465637	0.00033829
38.21849823	0.00017966
38.24234009	0.00030879
38.26618195	0.00040466
38.29002380	0.00146808
38.31386566	0.00281519
38.33770752	0.00378723
38.36154938	0.00291598
38.38539124	0.00087251
38.40923309	0.00026257
38.43307495	0.00008861
38.45691681	0.00010085
38.48075867	0.00035222
38.50460052	0.00076958
38.52844238	0.00071725
38.55228424	0.00052271
38.57612610	0.00037378
38.59996796	0.00059242
38.62380981	0.00271063
38.64765167	0.00667415
38.67149353	0.00602899
38.69533539	0.00273083
38.71917725	0.00097030
38.74301910	0.00056803
38.76686096	0.00027953
38.79070282	0.00027988
38.81454468	0.00043240
38.83838654	0.00036458
38.86222839	0.00032063
38.88607025	0.00060359
38.90991211	0.00060027
38.93375397	0.00063995
38.95759583	0.00228354
38.98143768	0.00798081
39.00527954	0.01067693
39.02912140	0.00501994
39.05296326	0.00082177
39.07680511	0.00035240
39.10064697	0.00042769
39.12448883	0.00042707
39.14833069	0.00050005
39.17217255	0.00020110
39.19601440	0.00055347
39.21985626	0.00048534
39.24369812	0.00044249
39.26753998	0.00060386
39.29138184	0.00163910
39.31522369	0.00289229
39.33906555	0.00354064
39.36290741	0.00236936
39.38674927	0.00078190
39.41059113	0.00047154
39.43443298	0.00016523
39.45827484	0.00026165
39.48211670	0.00056067
39.50595856	0.00064497
39.52980042	0.00037370
39.55364227	0.00030590
39.57748413	0.00034603
39.60132599	0.00051104
39.62516785	0.00269029
39.64900970	0.00642312
39.67285156	0.00575911
39.69669342	0.00276065
39.72053528	0.00115015
39.74437714	0.00045436
39.76821899	0.00016965
39.79206085	0.00014015
39.81590271	0.00029296
39.83974457	0.00039241
39.86358643	0.00019043
39.88742828	0.00056315
39.91127014	0.00054044
39.93511200	0.00070349
39.95895386	0.00230863
39.98279572	0.00814375
40.00663757	0.01023925
40.03047943	0.00434613
40.05432129	0.00066263
40.07816315	0.00044632
40.10200500	0.00027233
40.12584686	0.00022080
40.14968872	0.00048953
40.17353058	0.00040961
40.19737244	0.00046678
40.22121429	0.00039693
40.24505615	0.00023779
40.26889801	0.00028825
40.29273987	0.00137401
40.31658173	0.00265505
40.34042358	0.00355254
40.36426544	0.00244563
40.38810730	0.00070637
40.41194916	0.00024457
40.43579102	0.00028200
40.45963287	0.00044973
40.48347473	0.00048496
40.50731659	0.00051804
40.53115845	0.00058702
40.55500031	0.00041066
40.57884216	0.00045851
40.60268402	0.00058814
40.62652588	0.00295560
40.65036774	0.00629754
40.67420959	0.00520560
40.69805145	0.00240449
40.72189331	0.00084327
40.74573517	0.00039552
40.76957703	0.00027020
40.79341888	0.00044926
40.81726074	0.00058044
40.84110260	0.00056520
40.86494446	0.00025683
40.88878632	0.00040104
40.91262817	0.00034336
40.93647003	0.00060920
40.96031189	0.00209906
40.98415375	0.00771630
41.00799561	0.00932518
41.03183746	0.00381423
41.05567932	0.00049542
41.07952118	0.00054837
41.10336304	0.00050491
41.12720490	0.00033068
41.15104675	0.00027327
41.17488861	0.00039778
41.19873047	0.00060590
41.22257233	0.00043847
41.24641418	0.00026260
41.27025604	0.00031410
41.29409790	0.00130840
41.31793976	0.00244712
41.34178162	0.00318734
41.36562347	0.00201296
41.38946533	0.00083465
41.41330719	0.00038329
41.43714905	0.00020914
41.46099091	0.00038219
41.48483276	0.00043964
41.50867462	0.00051412
41.53251648	0.00069896
41.55635834	0.00024797
41.58020020	0.00044399
41.60404205	0.00049873
41.62788391	0.00262248
41.65172577	0.00554527
41.67556763	0.00457989
41.69940948	0.00237359
41.72325134	0.00086332
41.74709320	0.00034124
41.77093506	0.00009262
41.79477692	0.00035336
41.81861877	0.00032474
41.84246063	0.00035036
41.86630249	0.00038802
41.89014435	0.00058091
41.91398621	0.00050074
41.93782806	0.00048110
41.96166992	0.00201039
41.98551178	0.00712910
42.00935364	0.00810255
42.03319550	0.00309262
42.05703735	0.00071540
42.08087921	0.00041609
42.10472107	0.00039627
42.12856293	0.00025053
42.15240479	0.00026257
42.17624664	0.00025671
42.20008850	0.00049653
42.22393036	0.00062098
42.24777222	0.00052218
42.27161407	0.00053934
42.29545593	0.00122269
42.31929779	0.00208753
42.34313965	0.00289845
42.36698151	0.00176275
42.39082336	0.00095399
42.41466522	0.00051086
42.43850708	0.00029755
42.46234894	0.00022036
42.48619080	0.00036261
42.51003265	0.00027266
42.53387451	0.00051449
42.55771637	0.00062827
42.58155823	0.00061649
42.60540009	0.00068407
42.62924194	0.00276126
42.65308380	0.00508072
42.67692566	0.00407265
42.70076752	0.00204176
42.72460938	0.00071913
42.74845123	0.00064663
42.77229309	0.00051518
42.79613495	0.00043585
42.81997681	0.00028126
42.84381866	0.00043607
42.86766052	0.00050090
42.89150238	0.00043113
42.91534424	0.00054456
42.93918610	0.00047394
42.96302795	0.00200909
42.98686981	0.00655938
43.01071167	0.00698598
43.03455353	0.00253825
43.05839539	0.00061402
43.08223724	0.00041111
43.10607910	0.00031265
43.12992096	0.00013332
43.15376282	0.00022657
43.17760468	0.00046070
43.20144653	0.00047656
43.22528839	0.00043409
43.24913025	0.00035530
43.27297211	0.00057043
43.29681396	0.00115006
43.32065582	0.00206229
43.34449768	0.00290813
43.36833954	0.00184643
43.39218140	0.00086933
43.41602325	0.00023614
43.43986511	0.00024316
43.46370697	0.00025677
43.48754883	0.00047866
43.51139069	0.00041315
43.53523254	0.00043677
43.55907440	0.00054192
43.58291626	0.00031817
43.60675812	0.00035558
43.63059998	0.00222260
43.65444183	0.00431494
43.67828369	0.00360361
43.70212555	0.00184735
43.72596741	0.00074532
43.74980927	0.00053216
43.77365112	0.00018872
43.79749298	0.00030598
43.82133484	0.00051113
43.84517670	0.00066640
43.86901855	0.00048370
43.89286041	0.00035769
43.91670227	0.00046444
43.94054413	0.00043434
43.96438599	0.00180049
43.98822784	0.00589347
44.01206970	0.00582582
44.03591156	0.00178062
44.05975342	0.00079660
44.08359528	0.00065417
44.10743713	0.00041119
44.13127899	0.00010340
44.15512085	0.00018469
44.17896271	0.00052463
44.20280457	0.00046436
44.22664642	0.00037047
44.25048828	0.00058969
44.27433014	0.00072922
44.29817200	0.00087435
44.32201385	0.00180309
44.34585571	0.00266305
44.36969757	0.00148065
44.39353943	0.00070810
44.41738129	0.00037695
44.44122314	0.00030656
44.46506500	0.00036339
44.48890686	0.00049998
44.51274872	0.00046122
44.53659058	0.00048349
44.56043243	0.00042034
44.58427429	0.00045621
44.60811615	0.00071095
44.63195801	0.00223311
44.65579987	0.00367078
44.67964172	0.00288657
44.70348358	0.00159817
44.72732544	0.00047865
44.75116730	0.00053648
44.77500916	0.00056289
44.79885101	0.00031488
44.82269287	0.00014805
44.84653473	0.00028257
44.87037659	0.00035683
44.89421844	0.00058358
44.91806030	0.00082721
44.94190216	0.00049853
44.96574402	0.00146892
44.98958588	0.00481491
45.01342773	0.00452792
45.03726959	0.00136131
45.06111145	0.00070995
45.08495331	0.00055610
45.10879517	0.00028349
45.13263702	0.00015815
45.15647888	0.00019939
45.18032074	0.00044183
45.20416260	0.00041677
45.22800446	0.00063769
45.25184631	0.00052788
45.27568817	0.00057729
45.29953003	0.00039653
45.32337189	0.00127721
45.34721375	0.00214493
45.37105560	0.00136460
45.39489746	0.00102777
45.41873932	0.00046060
45.44258118	0.00042491
45.46642303	0.00022682
45.49026489	0.00015950
45.51410675	0.00017875
45.53794861	0.00054140
45.56179047	0.00046404
45.58563232	0.00046294
45.60947418	0.00062265
45.63331604	0.00167188
45.65715790	0.00254894
45.68099976	0.00217930
45.70484161	0.00129625
45.72868347	0.00050708
45.75252533	0.00044517
45.77636719	0.00021584
45.80020905	0.00004471
45.82405090	0.00015636
45.84789276	0.00029747
45.87173462	0.00041978
45.89557648	0.00042593
45.91941833	0.00072939
45.94326019	0.00046980
45.96710205	0.00123228
45.99094391	0.00389579
46.01478577	0.00360674
46.03862762	0.00120061
46.06246948	0.00035736
46.08631134	0.00056890
46.11015320	0.00034696
46.13399506	0.00028313
46.15783691	0.00008332
46.18167877	0.00025955
46.20552063	0.00043791
46.22936249	0.00051150
46.25320435	0.00040102
46.27704620	0.00065284
46.30088806	0.00032453
46.32472992	0.00097409
46.34857178	0.00177536
46.37241364	0.00105146
46.39625549	0.00084244
46.42009735	0.00048375
46.44393921	0.00030690
46.46778107	0.00023323
46.49162292	0.00044692
46.51546478	0.00035336
46.53930664	0.00034597
46.56314850	0.00060112
46.58699036	0.00057043
46.61083221	0.00063748
46.63467407	0.00110695
46.65851593	0.00132802
46.68235779	0.00143336
46.70619965	0.00092033
46.73004150	0.00063543
46.75388336	0.00049626
46.77772522	0.00032486
46.80156708	0.00023538
46.82540894	0.00034758
46.84925079	0.00034640
46.87309265	0.00032816
46.89693451	0.00050961
46.92077637	0.00061851
46.94461823	0.00044440
46.96846008	0.00103728
46.99230194	0.00299267
47.01614380	0.00262302
47.03998566	0.00120662
47.06382751	0.00072318
47.08766937	0.00032470
47.11151123	0.00037006
47.13535309	0.00037731
47.15919495	0.00026266
47.18303680	0.00060399
47.20687866	0.00063461
47.23072052	0.00063678
47.25456238	0.00085435
47.27840424	0.00089874
47.30224609	0.00044893
47.32608795	0.00063964
47.34992981	0.00102265
47.37377167	0.00080264
47.39761353	0.00075898
47.42145538	0.00065797
47.44529724	0.00058973
47.46913910	0.00038335
47.49298096	0.00024986
47.51682281	0.00027724
47.54066467	0.00040155
47.56450653	0.00049772
47.58834839	0.00056742
47.61219025	0.00072801
47.63603210	0.00070888
47.65987396	0.00047435
47.68371582	0.00107763
47.70755768	0.00100131
47.73139954	0.00078015
47.75524139	0.00041670
47.77908325	0.00034317
47.80292511	0.00027416
47.82676697	0.00041095
47.85060883	0.00046183
47.87445068	0.00052083
47.89829254	0.00018445
47.92213440	0.00064145
47.94597626	0.00068608
47.96981812	0.00086110
47.99365997	0.00196351
48.01750183	0.00141588
48.04134369	0.00080491
48.06518555	0.00075288
48.08902740	0.00066247
48.11286926	0.00049862
48.13671112	0.00044874
48.16055298	0.00031817
48.18439484	0.00054525
48.20823669	0.00045321
48.23207855	0.00050672
48.25592041	0.00054912
48.27976227	0.00057905
48.30360413	0.00069740
48.32744598	0.00067970
48.35128784	0.00122534
48.37512970	0.00076030
48.39897156	0.00054728
48.42281342	0.00044950
48.44665527	0.00029422
48.47049713	0.00029051
48.49433899	0.00022133
48.51818085	0.00046125
48.54202271	0.00059626
48.56586456	0.00043680
48.58970642	0.00055547
48.61354828	0.00089502
48.63739014	0.00068361
48.66123199	0.00070691
48.68507385	0.00092995
48.70891571	0.00077313
48.73275757	0.00050688
48.75659943	0.00021763
48.78044128	0.00035991
48.80428314	0.00029252
