Частота	A * B
(kГц)	(?)

0.00000000	2.92635000
0.02384186	1.19887300
0.04768372	0.17269630
0.07152557	0.05335523
0.09536743	0.07665068
0.11920929	0.01640553
0.14305115	0.12997340
0.16689301	0.24717570
0.19073486	0.24377350
0.21457672	0.09484714
0.23841858	0.03033412
0.26226044	0.10009320
0.28610229	0.10202150
0.30994415	0.16048710
0.33378601	0.43037550
0.35762787	0.44198810
0.38146973	0.16629520
0.40531158	0.08906027
0.42915344	0.05219345
0.45299530	0.05351771
0.47683716	0.10418950
0.50067902	0.10365430
0.52452087	0.15417290
0.54836273	0.11343180
0.57220459	0.05643390
0.59604645	0.03956047
0.61988831	0.13217630
0.64373016	0.34289970
0.66757202	0.35300810
0.69141388	0.25500680
0.71525574	0.18135720
0.73909760	0.06087283
0.76293945	0.03473536
0.78678131	0.08942063
0.81062317	0.21802120
0.83446503	0.19782570
0.85830688	0.10592620
0.88214874	0.03757924
0.90599060	0.03894719
0.92983246	0.05648012
0.95367432	0.19408300
0.97751617	0.49025770
1.00135803	0.61826330
1.02519989	0.26882710
1.04904175	0.01981352
1.07288361	0.08004626
1.09672546	0.08870284
1.12056732	0.01052843
1.14440918	0.14473500
1.16825104	0.26454860
1.19209290	0.22501610
1.21593475	0.07132731
1.23977661	0.06238973
1.26361847	0.10884890
1.28746033	0.03539419
1.31130219	0.15230050
1.33514404	0.49676370
1.35898590	0.49874150
1.38282776	0.18058350
1.40666962	0.07882988
1.43051147	0.05811175
1.45435333	0.01277037
1.47819519	0.06175816
1.50203705	0.12939640
1.52587891	0.21815240
1.54972076	0.16622780
1.57356262	0.05957871
1.59740448	0.01945860
1.62124634	0.12492480
1.64508820	0.20746580
1.66893005	0.29307560
1.69277191	0.38088490
1.71661377	0.25160040
1.74045563	0.06340758
1.76429749	0.05145688
1.78813934	0.06776599
1.81198120	0.16280280
1.83582306	0.13765890
1.85966492	0.10111870
1.88350677	0.08105506
1.90734863	0.03379380
1.93119049	0.07492679
1.95503235	0.22311450
1.97887421	0.70958470
2.00271606	0.97466540
2.02655792	0.51948570
2.05039978	0.14144570
2.07424164	0.10592190
2.09808350	0.06433740
2.12192535	0.01550556
2.14576721	0.15621830
2.16960907	0.25944830
2.19345093	0.19485100
2.21729279	0.06602795
2.24113464	0.06021208
2.26497650	0.08000643
2.28881836	0.08481141
2.31266022	0.19731320
2.33650208	0.52760280
2.36034393	0.49529530
2.38418579	0.16575920
2.40802765	0.03954194
2.43186951	0.06999283
2.45571136	0.04062588
2.47955322	0.05603741
2.50339508	0.17100140
2.52723694	0.25599760
2.55107880	0.17888510
2.57492065	0.03597177
2.59876251	0.07869962
2.62260437	0.11592010
2.64644623	0.06694806
2.67028809	0.29540690
2.69412994	0.48460720
2.71797180	0.29433370
2.74181366	0.08496004
2.76565552	0.06541675
2.78949738	0.03572700
2.81333923	0.09701409
2.83718109	0.08983697
2.86102295	0.10685560
2.88486481	0.12739800
2.90870667	0.08101749
2.93254852	0.08305187
2.95639038	0.18689170
2.98023224	0.69316260
3.00407410	1.00074200
3.02791595	0.60440950
3.05175781	0.24400090
3.07559967	0.11170170
3.09944153	0.02787197
3.12328339	0.03032322
3.14712524	0.14604230
3.17096710	0.21966030
3.19480896	0.14321970
3.21865082	0.06032912
3.24249268	0.03047440
3.26633453	0.04095982
3.29017639	0.11926790
3.31401825	0.20406040
3.33786011	0.49920130
3.36170197	0.45010670
3.38554382	0.13681270
3.40938568	0.03697549
3.43322754	0.08406989
3.45706940	0.05033439
3.48091125	0.06101357
3.50475311	0.20534470
3.52859497	0.26681570
3.55243683	0.16648350
3.57627869	0.02589194
3.60012054	0.10328990
3.62396240	0.08820633
3.64780426	0.07725582
3.67164612	0.33635250
3.69548798	0.54408030
3.71932983	0.29951270
3.74317169	0.09607004
3.76701355	0.04215006
3.79085541	0.03397248
3.81469727	0.03313806
3.83853912	0.06877871
3.86238098	0.15282570
3.88622284	0.19855850
3.91006470	0.12838350
3.93390656	0.04243143
3.95774841	0.05422821
3.98159027	0.38729090
4.00543213	0.64915420
4.02927399	0.51592130
4.05311584	0.32884640
4.07695770	0.13510070
4.10079956	0.03121490
4.12464142	0.04069953
4.14848328	0.11776020
4.17232513	0.15740250
4.19616699	0.09601254
4.22000885	0.06835936
4.24385071	0.03068430
4.26769257	0.06845601
4.29153442	0.11798930
4.31537628	0.15728580
4.33921814	0.40474400
4.36306000	0.36465600
4.38690186	0.15898250
4.41074371	0.11997780
4.43458557	0.06958833
4.45842743	0.04249777
4.48226929	0.06630240
4.50611115	0.22148000
4.52995300	0.24704470
4.55379486	0.12619220
4.57763672	0.03487727
4.60147858	0.09099489
4.62532043	0.06110127
4.64916229	0.16603510
4.67300415	0.36759470
4.69684601	0.55997760
4.72068787	0.29720120
4.74452972	0.08966284
4.76837158	0.02786528
4.79221344	0.05391495
4.81605530	0.01768805
4.83989716	0.08938891
4.86373901	0.19990080
4.88758087	0.22194810
4.91142273	0.11289150
4.93526459	0.02586945
4.95910645	0.13369210
4.98294830	0.10144060
5.00679016	0.16580320
5.03063202	0.43487470
5.05447388	0.41376630
5.07831573	0.16044810
5.10215759	0.05312071
5.12599945	0.04597550
5.14984131	0.07321248
5.17368317	0.09660926
5.19752502	0.06782492
5.22136688	0.10168140
5.24520874	0.10741570
5.26905060	0.10527580
5.29289246	0.06296349
5.31673431	0.10342100
5.34057617	0.28980770
5.36441803	0.30597500
5.38825989	0.24844270
5.41210175	0.18607400
5.43594360	0.05209147
5.45978546	0.04559093
5.48362732	0.06911572
5.50746918	0.19505410
5.53131104	0.17629100
5.55515289	0.07287732
5.57899475	0.03802887
5.60283661	0.03962300
5.62667847	0.09764608
5.65052032	0.20343720
5.67436218	0.35509790
5.69820404	0.51537730
5.72204590	0.25643100
5.74588776	0.05850907
5.76972961	0.05423114
5.79357147	0.06922270
5.81741333	0.02352019
5.84125519	0.09828556
5.86509705	0.22293700
5.88893890	0.21375670
5.91278076	0.08144265
5.93662262	0.08411992
5.96046448	0.29532510
5.98430634	0.58835140
6.00814819	0.54144490
6.03199005	0.46505160
6.05583191	0.44363180
6.07967377	0.16672460
6.10351563	0.05585366
6.12735748	0.03765374
6.15119934	0.01928846
6.17504120	0.04554976
6.19888306	0.06879978
6.22272491	0.14789210
6.24656677	0.15637910
6.27040863	0.10191500
6.29425049	0.04172076
6.31809235	0.11905540
6.34193420	0.16251450
6.36577606	0.28512750
6.38961792	0.35096310
6.41345978	0.22644260
6.43730164	0.03790984
6.46114349	0.05389564
6.48498535	0.05252251
6.50882721	0.14397610
6.53266907	0.09940306
6.55651093	0.03648702
6.58035278	0.01755594
6.60419464	0.04700508
6.62803650	0.12659800
6.65187836	0.14052950
6.67572021	0.28939840
6.69956207	0.42265570
6.72340393	0.23125520
6.74724579	0.12735840
6.77108765	0.08993775
6.79492950	0.06665328
6.81877136	0.01848125
6.84261322	0.12623720
6.86645508	0.22363670
6.89029694	0.16908670
6.91413879	0.04322561
6.93798065	0.10879250
6.96182251	0.38018190
6.98566437	0.91733070
7.00950623	0.90533690
7.03334808	0.53435820
7.05718994	0.42429630
7.08103180	0.14189860
7.10487366	0.01969337
7.12871552	0.04486659
7.15255737	0.03380188
7.17639923	0.02110481
7.20024109	0.09772857
7.22408295	0.19243340
7.24792480	0.16708160
7.27176666	0.05573972
7.29560852	0.13045870
7.31945038	0.17377530
7.34329224	0.03335194
7.36713409	0.28643060
7.39097595	0.43663350
7.41481781	0.26120110
7.43865967	0.07003005
7.46250153	0.05226484
7.48634338	0.03626514
7.51018524	0.08278314
7.53402710	0.04157079
7.55786896	0.02758447
7.58171082	0.07085598
7.60555267	0.12847180
7.62939453	0.11210860
7.65323639	0.03406605
7.67707825	0.19888070
7.70092010	0.29553960
7.72476196	0.25130760
7.74860382	0.21936700
7.77244568	0.11918590
7.79628754	0.03775573
7.82012939	0.02809500
7.84397125	0.11968740
7.86781311	0.18569000
7.89165497	0.10342300
7.91549683	0.04432215
7.93933868	0.07371386
7.96318054	0.30643180
7.98702240	0.89449990
8.01086426	0.91277470
8.03470612	0.51060520
8.05854797	0.37081410
8.08238983	0.12788050
8.10623169	0.06253154
8.13007355	0.06050376
8.15391541	0.06498595
8.17775726	0.01739003
8.20159912	0.13403620
8.22544098	0.21127450
8.24928284	0.13892350
8.27312469	0.03840500
8.29696655	0.17530460
8.32080841	0.19312710
8.34465027	0.03895759
8.36849213	0.30460150
8.39233398	0.48431310
8.41617584	0.27016820
8.44001770	0.08159772
8.46385956	0.03365503
8.48770142	0.02860588
8.51154327	0.01388498
8.53538513	0.01898403
8.55922699	0.05245280
8.58306885	0.12995500
8.60691071	0.15902930
8.63075256	0.04477806
8.65459442	0.14590070
8.67843628	0.13810280
8.70227814	0.19694140
8.72612000	0.31655350
8.74996185	0.29469050
8.77380371	0.12941040
8.79764557	0.02653803
8.82148743	0.04211936
8.84532928	0.10778260
8.86917114	0.11435630
8.89301300	0.02273383
8.91685486	0.05610904
8.94069672	0.00471466
8.96453857	0.10867310
8.98838043	0.53658460
9.01222229	0.59105990
9.03606415	0.40867820
9.05990601	0.30142770
9.08374786	0.14612390
9.10758972	0.11717380
9.13143158	0.04838056
9.15527344	0.06115748
9.17911530	0.02527172
9.20295715	0.14882240
9.22679901	0.18140970
9.25064087	0.07549794
9.27448273	0.08798902
9.29832458	0.15313500
9.32216644	0.16373600
9.34600830	0.07253662
9.36985016	0.28969020
9.39369202	0.47024410
9.41753387	0.23901580
9.44137573	0.06937324
9.46521759	0.01340291
9.48905945	0.03822226
9.51290131	0.02162830
9.53674316	0.02628115
9.56058502	0.09956069
9.58442688	0.16765300
9.60826874	0.13445120
9.63211060	0.10814150
9.65595245	0.28521000
9.67979431	0.17005910
9.70363617	0.13173440
9.72747803	0.37279980
9.75131989	0.34844300
9.77516174	0.14561050
9.79900360	0.01750350
9.82284546	0.02288215
9.84668732	0.06103396
9.87052917	0.03712389
9.89437103	0.04038852
9.91821289	0.03462077
9.94205475	0.10039720
9.96589661	0.18760140
9.98973846	0.08686893
10.01358032	0.08789472
10.03742218	0.24831530
10.06126404	0.24417990
10.08510590	0.21230130
10.10894775	0.16641600
10.13278961	0.04301873
10.15663147	0.05743933
10.18047333	0.03461008
10.20431519	0.13618710
10.22815704	0.10819410
10.25199890	0.05371330
10.27584076	0.11274270
10.29968262	0.06036345
10.32352448	0.08527040
10.34736633	0.05981908
10.37120819	0.28032720
10.39505005	0.42652480
10.41889191	0.20771340
10.44273376	0.08163591
10.46657562	0.05008419
10.49041748	0.06972069
10.51425934	0.05888952
10.53810120	0.03578755
10.56194305	0.12178000
10.58578491	0.13256590
10.60962677	0.03717784
10.63346863	0.19346330
10.65731049	0.31679930
10.68115234	0.17423650
10.70499420	0.12406940
10.72883606	0.41413030
10.75267792	0.35765620
10.77651978	0.14240080
10.80036163	0.03174636
10.82420349	0.02364573
10.84804535	0.03128283
10.87188721	0.02336262
10.89572906	0.05847355
10.91957092	0.02599952
10.94341278	0.18250810
10.96725464	0.46996320
10.99109650	0.72969290
11.01493835	0.54537340
11.03878021	0.21611160
11.06262207	0.23419850
11.08646393	0.29142600
11.11030579	0.20126050
11.13414764	0.03917274
11.15798950	0.03070212
11.18183136	0.05864875
11.20567322	0.10998410
11.22951508	0.02839275
11.25335693	0.11990100
11.27719879	0.08615864
11.30104065	0.09852187
11.32488251	0.09065822
11.34872437	0.02324576
11.37256622	0.23690500
11.39640808	0.32934620
11.42024994	0.17499700
11.44409180	0.12238490
11.46793365	0.07059366
11.49177551	0.05091654
11.51561737	0.03153253
11.53945923	0.05898285
11.56330109	0.13615110
11.58714294	0.08174182
11.61098480	0.08331623
11.63482666	0.20792790
11.65866852	0.23944230
11.68251038	0.15812970
11.70635223	0.09678386
11.73019409	0.40173110
11.75403595	0.33004380
11.77787781	0.12316460
11.80171967	0.02874479
11.82556152	0.03585814
11.84940338	0.04243879
11.87324524	0.05524924
11.89708710	0.04061243
11.92092896	0.06847589
11.94477081	0.19991850
11.96861267	0.63648990
11.99245453	1.17758700
12.01629639	0.90706310
12.04013824	0.27944900
12.06398010	0.25323360
12.08782196	0.35340740
12.11166382	0.21709130
12.13550568	0.05354185
12.15934753	0.03221025
12.18318939	0.04819472
12.20703125	0.05390328
12.23087311	0.05366895
12.25471497	0.15204390
12.27855682	0.04307985
12.30239868	0.23158940
12.32624054	0.19038900
12.35008240	0.01583653
12.37392426	0.16006040
12.39776611	0.21847740
12.42160797	0.18200250
12.44544983	0.17437590
12.46929169	0.09244999
12.49313354	0.04083906
12.51697540	0.01482646
12.54081726	0.07754197
12.56465912	0.10475250
12.58850098	0.04739159
12.61234283	0.19026450
12.63618469	0.11836850
12.66002655	0.04134334
12.68386841	0.09980407
12.70771027	0.09313176
12.73155212	0.36400550
12.75539398	0.27274980
12.77923584	0.09957595
12.80307770	0.05664100
12.82691956	0.03294723
12.85076141	0.05991232
12.87460327	0.05360161
12.89844513	0.03759442
12.92228699	0.09172395
12.94612885	0.12822700
12.96997070	0.57593320
12.99381256	1.20794000
13.01765442	0.92965710
13.04149628	0.28395280
13.06533813	0.25816350
13.08917999	0.36565120
13.11302185	0.20417070
13.13686371	0.07185858
13.16070557	0.02787211
13.18454742	0.03195190
13.20838928	0.01837764
13.23223114	0.11037700
13.25607300	0.14201240
13.27991486	0.06848779
13.30375671	0.31879030
13.32759857	0.27313670
13.35144043	0.06106039
13.37528229	0.06670991
13.39912415	0.15184510
13.42296600	0.24282480
13.44680786	0.23013470
13.47064972	0.10832150
13.49449158	0.01794646
13.51833344	0.01741252
13.54217529	0.08165111
13.56601715	0.05287320
13.58985901	0.14349560
13.61370087	0.23113810
13.63754272	0.07765568
13.66138458	0.25795730
13.68522644	0.10996080
13.70906830	0.08615488
13.73291016	0.28126700
13.75675201	0.20223500
13.78059387	0.10622330
13.80443573	0.09401783
13.82827759	0.04082631
13.85211945	0.06343675
13.87596130	0.02730704
13.89980316	0.04998400
13.92364502	0.05370827
13.94748688	0.04525623
13.97132874	0.24857960
13.99517059	0.74713830
14.01901245	0.59131910
14.04285431	0.19775580
14.06669617	0.25946650
14.09053802	0.35603990
14.11437988	0.17518020
14.13822174	0.05730241
14.16206360	0.00297644
14.18590546	0.03200918
14.20974731	0.06575281
14.23358917	0.12394270
14.25743103	0.10680230
14.28127289	0.07648979
14.30511475	0.26214510
14.32895660	0.26279040
14.35279846	0.10921150
14.37664032	0.03299987
14.40048218	0.12388300
14.42432404	0.28536160
14.44816589	0.25256180
14.47200775	0.10024950
14.49584961	0.01360102
14.51969147	0.03409965
14.54353333	0.04765342
14.56737518	0.04498113
14.59121704	0.24058090
14.61505890	0.22371940
14.63890076	0.28532910
14.66274261	0.49540420
14.68658447	0.17271360
14.71042633	0.07788273
14.73426819	0.17973900
14.75811005	0.16353250
14.78195190	0.15230220
14.80579376	0.12097990
14.82963562	0.04358804
14.85347748	0.04527941
14.87731934	0.00973274
14.90116119	0.05533059
14.92500305	0.03975429
14.94884491	0.28019120
14.97268677	0.28834900
14.99652863	0.08390395
15.02037048	0.07614028
15.04421234	0.04472415
15.06805420	0.23078270
15.09189606	0.30641340
15.11573792	0.14498900
15.13957977	0.06894945
15.16342163	0.01712182
15.18726349	0.04748517
15.21110535	0.07199151
15.23494720	0.08761840
15.25878906	0.05678264
15.28263092	0.02280095
15.30647278	0.07662139
15.33031464	0.15608850
15.35415649	0.12019160
15.37799835	0.09790564
15.40184021	0.12181960
15.42568207	0.30159950
15.44952393	0.24923520
15.47336578	0.09895895
15.49720764	0.02588765
15.52104950	0.03312170
15.54489136	0.03214939
15.56873322	0.10839360
15.59257507	0.27983290
15.61641693	0.18877830
15.64025879	0.38409920
15.66410065	0.56274430
15.68794250	0.18707010
15.71178436	0.05943836
15.73562622	0.07343642
15.75946808	0.15410790
15.78330994	0.20004220
15.80715179	0.14361210
15.83099365	0.03214940
15.85483551	0.01300953
15.87867737	0.05139982
15.90251923	0.05225286
15.92636108	0.14897930
15.95020294	0.52034150
15.97404480	0.88003510
15.99788666	0.99356320
16.02172852	0.60698400
16.04557037	0.13338300
16.06941223	0.19139650
16.09325409	0.22697830
16.11709595	0.10864230
16.14093781	0.08415008
16.16477966	0.04855953
16.18862152	0.06402015
16.21246338	0.07016294
16.23630524	0.04714166
16.26014709	0.02742257
16.28398895	0.13972690
16.30783081	0.21915990
16.33167267	0.04173957
16.35551453	0.08190358
16.37935638	0.11323470
16.40319824	0.10963260
16.42704010	0.29872040
16.45088196	0.22669550
16.47472382	0.09290032
16.49856567	0.04279218
16.52240753	0.01782030
16.54624939	0.04451410
16.57009125	0.14736430
16.59393311	0.26366920
16.61777496	0.14488610
16.64161682	0.32354950
16.66545868	0.45274530
16.68930054	0.16025370
16.71314240	0.03331568
16.73698425	0.03208533
16.76082611	0.19425680
16.78466797	0.24924220
16.80850983	0.15381160
16.83235168	0.04004009
16.85619354	0.01405420
16.88003540	0.04750729
16.90387726	0.02833276
16.92771912	0.25471680
16.95156097	0.70402910
16.97540283	1.34770000
16.99924469	1.67779300
17.02308655	0.99974460
17.04692841	0.22424790
17.07077026	0.12168640
17.09461212	0.13690120
17.11845398	0.11009640
17.14229584	0.10776620
17.16613770	0.06018035
17.18997955	0.04923697
17.21382141	0.02484564
17.23766327	0.02123819
17.26150513	0.04955964
17.28534698	0.37207440
17.30918884	0.58372130
17.33303070	0.27628720
17.35687256	0.04265664
17.38071442	0.09689538
17.40455627	0.07715385
17.42839813	0.24573770
17.45223999	0.16675890
17.47608185	0.06543327
17.49992371	0.03768815
17.52376556	0.01214018
17.54760742	0.06113808
17.57144928	0.13197830
17.59529114	0.20018340
17.61913300	0.16456400
17.64297485	0.02925884
17.66681671	0.08554794
17.69065857	0.06078548
17.71450043	0.06393271
17.73834229	0.07748681
17.76218414	0.17716250
17.78602600	0.23588980
17.80986786	0.13678130
17.83370972	0.05534570
17.85755157	0.04335949
17.88139343	0.04792084
17.90523529	0.06891211
17.92907715	0.32920210
17.95291901	0.77691350
17.97676086	1.48839600
18.00060272	1.83154400
18.02444458	1.04789700
18.04828644	0.24318860
18.07212830	0.05952887
18.09597015	0.07968247
18.11981201	0.14106970
18.14365387	0.14127310
18.16749573	0.07423777
18.19133759	0.02544875
18.21517944	0.02273576
18.23902130	0.04875656
18.26286316	0.11299310
18.28670502	0.61946050
18.31054688	0.90914550
18.33438873	0.49782820
18.35823059	0.12080110
18.38207245	0.07104575
18.40591431	0.06736018
18.42975616	0.18631690
18.45359802	0.11895810
18.47743988	0.05963881
18.50128174	0.05289121
18.52512360	0.03701218
18.54896545	0.06084437
18.57280731	0.08540985
18.59664917	0.12426540
18.62049103	0.30010290
18.64433289	0.60246470
18.66817474	0.47135530
18.69201660	0.08734398
18.71585846	0.09107362
18.73970032	0.08187810
18.76354218	0.16753550
18.78738403	0.21286010
18.81122589	0.10634430
18.83506775	0.05595618
18.85890961	0.04092487
18.88275146	0.00793776
18.90659332	0.10369050
18.93043518	0.33869530
18.95427704	0.67230710
18.97811890	1.12034700
19.00196075	1.25343100
19.02580261	0.66380410
19.04964447	0.15030180
19.07348633	0.04489828
19.09732819	0.07464271
19.12117004	0.16337110
19.14501190	0.15254920
19.16885376	0.07551625
19.19269562	0.03070200
19.21653748	0.05043319
19.24037933	0.04896075
19.26422119	0.20691410
19.28806305	0.83383940
19.31190491	1.14587400
19.33574677	0.66924320
19.35958862	0.22575650
19.38343048	0.11080980
19.40727234	0.08861414
19.43111420	0.11376120
19.45495605	0.08076913
19.47879791	0.07038495
19.50263977	0.06753026
19.52648163	0.06130671
19.55032349	0.04603735
19.57416534	0.02518936
19.59800720	0.07705634
19.62184906	0.56982840
19.64569092	1.35652300
19.66953278	1.10704300
19.69337463	0.25246050
19.71721649	0.07544283
19.74105835	0.04078802
19.76490021	0.15181640
19.78874207	0.17419240
19.81258392	0.07049926
19.83642578	0.03996689
19.86026764	0.01739052
19.88410950	0.03198870
19.90795135	0.11214760
19.93179321	0.28893680
19.95563507	0.40899020
19.97947693	0.24160660
20.00331879	0.03022989
20.02716064	0.08553731
20.05100250	0.01787749
20.07484436	0.07620618
20.09868622	0.08683633
20.12252808	0.17259950
20.14636993	0.13472410
20.17021179	0.05455362
20.19405365	0.05114907
20.21789551	0.06508347
20.24173737	0.04251035
20.26557922	0.28290860
20.28942108	0.92779990
20.31326294	1.19818000
20.33710480	0.70869200
20.36094666	0.26442600
20.38478851	0.12726400
20.40863037	0.07383963
20.43247223	0.02833583
20.45631409	0.07605825
20.48015594	0.08433099
20.50399780	0.06651542
20.52783966	0.05271319
20.55168152	0.03077502
20.57552338	0.03642591
20.59936523	0.09792734
20.62320709	0.92202970
20.64704895	2.10556200
20.67089081	1.65955900
20.69473267	0.38567630
20.71857452	0.04922451
20.74241638	0.03066444
20.76625824	0.11982710
20.79010010	0.11310480
20.81394196	0.03195308
20.83778381	0.01689623
20.86162567	0.02065108
20.88546753	0.05966597
20.90930939	0.08587617
20.93315125	0.19546170
20.95699310	0.08416389
20.98083496	1.08029200
21.00467682	1.72191200
21.02851868	0.91605860
21.05236053	0.12586240
21.07620239	0.09315726
21.10004425	0.06510615
21.12388611	0.14883540
21.14772797	0.10211780
21.17156982	0.04379000
21.19541168	0.06030196
21.21925354	0.04389784
21.24309540	0.04041678
21.26693726	0.31866320
21.29077911	0.89256640
21.31462097	1.05933100
21.33846283	0.56509400
21.36230469	0.17532730
21.38614655	0.08961005
21.40998840	0.05450640
21.43383026	0.03153246
21.45767212	0.08503009
21.48151398	0.10010490
21.50535583	0.06850753
21.52919769	0.03369078
21.55303955	0.05066446
21.57688141	0.06596954
21.60072327	0.13513380
21.62456512	1.24092900
21.64840698	2.65825300
21.67224884	2.00889500
21.69609070	0.46993510
21.71993256	0.04512190
21.74377441	0.06410889
21.76761627	0.07423796
21.79145813	0.04786144
21.81529999	0.01544116
21.83914185	0.00696466
21.86298370	0.03582656
21.88682556	0.05918473
21.91066742	0.03033291
21.93450928	0.08943820
21.95835114	0.49246020
21.98219299	2.57127600
22.00603485	3.51657600
22.02987671	1.70892700
22.05371857	0.22138430
22.07756042	0.07718486
22.10140228	0.04156901
22.12524414	0.12847440
22.14908600	0.06686728
22.17292786	0.02612347
22.19676971	0.02583011
22.22061157	0.01779771
22.24445343	0.07222512
22.26829529	0.30406760
22.29213715	0.73259250
22.31597900	0.74895980
22.33982086	0.25787520
22.36366272	0.05850350
22.38750458	0.04069238
22.41134644	0.05213324
22.43518829	0.06406696
22.45903015	0.07480586
22.48287201	0.09000105
22.50671387	0.04579242
22.53055573	0.03403469
22.55439758	0.07351838
22.57823944	0.06175637
22.60208130	0.20036070
22.62592316	1.47373000
22.64976501	2.91644700
22.67360687	2.09232000
22.69744873	0.46812760
22.72129059	0.06462724
22.74513245	0.08220547
22.76897430	0.04751427
22.79281616	0.01707500
22.81665802	0.04590782
22.84049988	0.03740039
22.86434174	0.04667815
22.88818359	0.04949957
22.91202545	0.03526011
22.93586731	0.04724503
22.95970917	0.96344610
22.98355103	3.96349400
23.00739288	5.00981600
23.03123474	2.26035200
23.05507660	0.25585160
23.07891846	0.03982842
23.10276031	0.03830809
23.12660217	0.08590092
23.15044403	0.02909554
23.17428589	0.04444114
23.19812775	0.02852729
23.22196960	0.05437510
23.24581146	0.08131637
23.26965332	0.22055570
23.29349518	0.47847110
23.31733704	0.32995280
23.34117889	0.21968010
23.36502075	0.33223590
23.38886261	0.11373230
23.41270447	0.07505913
23.43654633	0.06607196
23.46038818	0.06292722
23.48423004	0.08462636
23.50807190	0.03522995
23.53191376	0.05643693
23.55575562	0.05238626
23.57959747	0.01064476
23.60343933	0.24949850
23.62728119	1.51238100
23.65112305	2.77484800
23.67496490	1.88109100
23.69880676	0.39728670
23.72264862	0.07734909
23.74649048	0.07211982
23.77033234	0.04332734
23.79417419	0.03507980
23.81801605	0.04040831
23.84185791	0.04601106
23.86569977	0.04488801
23.88954163	0.04514056
23.91338348	0.07866964
23.93722534	0.07579327
23.96106720	1.32914300
23.98490906	4.94469500
24.00875092	5.88235000
24.03259277	2.46502800
24.05643463	0.22659470
24.08027649	0.03736349
24.10411835	0.07660993
24.12796021	0.05766260
24.15180206	0.02044143
24.17564392	0.04813217
24.19948578	0.03230233
24.22332764	0.06623219
24.24716949	0.04614570
24.27101135	0.10987570
24.29485321	0.20411730
24.31869507	0.18193880
24.34253693	0.73985950
24.36637878	0.64991800
24.39022064	0.20195460
24.41406250	0.06279632
24.43790436	0.02651766
24.46174622	0.05664887
24.48558807	0.05686922
24.50942993	0.02694604
24.53327179	0.07063912
24.55711365	0.02734835
24.58095551	0.03174955
24.60479736	0.26303680
24.62863922	1.33233600
24.65248108	2.24953300
24.67632294	1.39584100
24.70016479	0.21542330
24.72400665	0.05940994
24.74784851	0.03300854
24.77169037	0.05084401
24.79553223	0.03422900
24.81937408	0.03200524
24.84321594	0.03015464
24.86705780	0.02951271
24.89089966	0.03737038
24.91474152	0.09531066
24.93858337	0.17666620
24.96242523	4.72391900
24.98626709	16.25863000
25.01010895	18.15747000
25.03395081	6.95900000
25.05779266	0.47343100
25.08163452	0.06402221
25.10547638	0.08685908
25.12931824	0.02370454
25.15316010	0.03833143
25.17700195	0.06727210
25.20084381	0.05764391
25.22468567	0.07848749
25.24852753	0.05617796
25.27236938	0.02848995
25.29621124	0.02734880
25.32005310	0.58816590
25.34389496	1.24119600
25.36773682	0.94701470
25.39157867	0.27389180
25.41542053	0.04398101
25.43926239	0.01509164
25.46310425	0.06935760
25.48694611	0.04507631
25.51078796	0.06296765
25.53462982	0.08803703
25.55847168	0.02058350
25.58231354	0.07688829
25.60615540	0.21348140
25.62999725	0.97627680
25.65383911	1.50530400
25.67768097	0.79150620
25.70152283	0.04290222
25.72536469	0.11340320
25.74920654	0.04454282
25.77304840	0.07169698
25.79689026	0.03539064
25.82073212	0.02742423
25.84457397	0.01996442
25.86841583	0.05316718
25.89225769	0.07393937
25.91609955	0.05576092
25.93994141	0.05540996
25.96378326	1.47930400
25.98762512	4.86029400
26.01146698	5.16207700
26.03530884	1.85586300
26.05915070	0.11840300
26.08299255	0.06164275
26.10683441	0.04647832
26.13067627	0.03131081
26.15451813	0.05776321
26.17835999	0.07189532
26.20220184	0.05090605
26.22604370	0.03226067
26.24988556	0.07041812
26.27372742	0.09084031
26.29756927	0.19510910
26.32141113	0.90589530
26.34525299	1.59531700
26.36909485	1.10741300
26.39293671	0.28371970
26.41677856	0.01452999
26.44062042	0.04399027
26.46446228	0.04743790
26.48830414	0.03686778
26.51214600	0.10447060
26.53598785	0.11256570
26.55982971	0.05592940
26.58367157	0.09324145
26.60751343	0.10413040
26.63135529	0.49609090
26.65519714	0.65962100
26.67903900	0.16508670
26.70288086	0.30960010
26.72672272	0.21804710
26.75056458	0.07693156
26.77440643	0.05611971
26.79824829	0.00883341
26.82209015	0.02087651
26.84593201	0.03298821
26.86977386	0.11161160
26.89361572	0.08784660
26.91745758	0.02694860
26.94129944	0.05050100
26.96514130	1.22995300
26.98898315	3.82250200
27.01282501	3.85318700
27.03666687	1.30196100
27.06050873	0.09275915
27.08435059	0.03358844
27.10819244	0.04107053
27.13203430	0.05889902
27.15587616	0.06238844
27.17971802	0.05473441
27.20355988	0.03438741
27.22740173	0.04128092
27.25124359	0.09031948
27.27508545	0.10087220
27.29892731	0.24677240
27.32276917	1.04544600
27.34661102	1.73149000
27.37045288	1.11514500
27.39429474	0.24071610
27.41813660	0.03418735
27.44197845	0.05775595
27.46582031	0.04456661
27.48966217	0.06737587
27.51350403	0.12730420
27.53734589	0.12124450
27.56118774	0.06129095
27.58502960	0.07285026
27.60887146	0.00930054
27.63271332	0.06988516
27.65655518	0.08592696
27.68039703	0.45363980
27.70423889	0.56030200
27.72808075	0.29412370
27.75192261	0.08092207
27.77576447	0.01621086
27.79960632	0.03505039
27.82344818	0.04307065
27.84729004	0.07613139
27.87113190	0.15834650
27.89497375	0.09762237
27.91881561	0.06193041
27.94265747	0.06243210
27.96649933	0.81797930
27.99034119	2.46025700
28.01418304	2.38227200
28.03802490	0.79726470
28.06186676	0.10302250
28.08570862	0.03106387
28.10955048	0.05806854
28.13339233	0.05650230
28.15723419	0.04568614
28.18107605	0.03860298
28.20491791	0.05908955
28.22875977	0.09920917
28.25260162	0.07671695
28.27644348	0.07017920
28.30028534	0.22852530
28.32412720	1.02342500
28.34796906	1.63832100
28.37181091	0.98078840
28.39565277	0.17954020
28.41949463	0.06692771
28.44333649	0.05183766
28.46717834	0.02745624
28.49102020	0.06428897
28.51486206	0.12215740
28.53870392	0.12124370
28.56254578	0.04176183
28.58638763	0.06110416
28.61022949	0.11876230
28.63407135	0.29560400
28.65791321	0.58560930
28.68175507	0.82711400
28.70559692	0.73586400
28.72943878	0.34530810
28.75328064	0.08191543
28.77712250	0.01716173
28.80096436	0.04384339
28.82480621	0.05627101
28.84864807	0.12049670
28.87248993	0.19870020
28.89633179	0.11406830
28.92017365	0.08507343
28.94401550	0.06197820
28.96785736	0.36663140
28.99169922	1.08866700
29.01554108	1.06852500
29.03938293	0.44398030
29.06322479	0.17537600
29.08706665	0.10474480
29.11090851	0.06857717
29.13475037	0.03033182
29.15859222	0.02500946
29.18243408	0.03509929
29.20627594	0.12022160
29.23011780	0.15742030
29.25395966	0.02894187
29.27780151	0.05029621
29.30164337	0.15317410
29.32548523	0.82490760
29.34932709	1.30068900
29.37316895	0.71651770
29.39701080	0.10033600
29.42085266	0.04816963
29.44469452	0.01637709
29.46853638	0.03968977
29.49237823	0.07677425
29.51622009	0.11847960
29.54006195	0.10936600
29.56390381	0.05903660
29.58774567	0.06986052
29.61158752	0.16044690
29.63542938	0.43493280
29.65927124	0.78786780
29.68311310	0.98680260
29.70695496	0.79022140
29.73079681	0.31484720
29.75463867	0.04199016
29.77848053	0.04264550
29.80232239	0.03794094
29.82616425	0.04815908
29.85000610	0.13215420
29.87384796	0.20157460
29.89768982	0.12019620
29.92153168	0.08159097
29.94537354	0.05131999
29.96921539	0.05211772
29.99305725	0.04124736
30.01689911	0.12886380
30.04074097	0.27351910
30.06458282	0.24774730
30.08842468	0.13182270
30.11226654	0.06039324
30.13610840	0.01794496
30.15995026	0.04431059
30.18379211	0.07246897
30.20763397	0.18378640
30.23147583	0.20849400
30.25531769	0.03161719
30.27915955	0.09228361
30.30300140	0.06592128
30.32684326	0.52650170
30.35068512	0.85454440
30.37452698	0.45395730
30.39836884	0.07361504
30.42221069	0.02611943
30.44605255	0.03658419
30.46989441	0.04873132
30.49373627	0.06495018
30.51757813	0.08959139
30.54141998	0.09330448
30.56526184	0.12763900
30.58910370	0.10427550
30.61294556	0.15021400
30.63678741	0.40279980
30.66062927	0.73086330
30.68447113	0.93975790
30.70831299	0.72126960
30.73215485	0.23698100
30.75599670	0.04422487
30.77983856	0.06161800
30.80368042	0.02610694
30.82752228	0.05164078
30.85136414	0.14739060
30.87520599	0.19060020
30.89904785	0.11097540
30.92288971	0.03815144
30.94673157	0.02247598
30.97057343	0.33096580
30.99441528	0.73115620
31.01825714	0.39019040
31.04209900	0.27237500
31.06594086	0.30980790
31.08978271	0.12374580
31.11362457	0.03275845
31.13746643	0.02658202
31.16130829	0.03869138
31.18515015	0.08751947
31.20899200	0.22142270
31.23283386	0.23065960
31.25667572	0.07236639
31.28051758	0.11477640
31.30435944	0.02635578
31.32820129	0.20215390
31.35204315	0.36750850
31.37588501	0.19662240
31.39972687	0.06346639
31.42356873	0.06331733
31.44741058	0.06220179
31.47125244	0.05050169
31.49509430	0.04401089
31.51893616	0.06546665
31.54277802	0.10754280
31.56661987	0.20441430
31.59046173	0.12099510
31.61430359	0.08876359
31.63814545	0.23115760
31.66198730	0.47694750
31.68582916	0.72288270
31.70967102	0.55056850
31.73351288	0.13105280
31.75735474	0.05406589
31.78119659	0.03956020
31.80503845	0.02213452
31.82888031	0.06494778
31.85272217	0.15078050
31.87656403	0.17861550
31.90040588	0.12601420
31.92424774	0.06206938
31.94808960	0.03217673
31.97193146	0.45668880
31.99577332	0.96694340
32.01961517	0.48831790
32.04345703	0.31400660
32.06729889	0.31313650
32.09114075	0.08475203
32.11498260	0.04179794
32.13882446	0.04496142
32.16266632	0.04536394
32.18650818	0.12072660
32.21035004	0.25247910
32.23419189	0.24750640
32.25803375	0.08987481
32.28187561	0.08553233
32.30571747	0.07220248
32.32955933	0.11006360
32.35340118	0.03806511
32.37724304	0.06706595
32.40108490	0.13300230
32.42492676	0.12861470
32.44876862	0.08083895
32.47261047	0.03455787
32.49645233	0.03786662
32.52029419	0.06643418
32.54413605	0.15236720
32.56797791	0.28126980
32.59181976	0.14696740
32.61566162	0.07888590
32.63950348	0.06366719
32.66334534	0.13215680
32.68718719	0.40248660
32.71102905	0.31757340
32.73487091	0.03428978
32.75871277	0.03902525
32.78255463	0.00774910
32.80639648	0.05128222
32.83023834	0.05258699
32.85408020	0.12570340
32.87792206	0.14057930
32.90176392	0.15710930
32.92560577	0.15414980
32.94944763	0.04200216
32.97328949	0.39023850
32.99713135	0.78761260
33.02097321	0.30877020
33.04481506	0.34272720
33.06865692	0.24957830
33.09249878	0.03164969
33.11634064	0.07128029
33.14018250	0.04140271
33.16402435	0.03285066
33.18786621	0.13770080
33.21170807	0.24783140
33.23554993	0.22612120
33.25939178	0.07323839
33.28323364	0.03024515
33.30707550	0.08451333
33.33091736	0.29734100
33.35475922	0.27512090
33.37860107	0.06365837
33.40244293	0.18372610
33.42628479	0.13352000
33.45012665	0.04519342
33.47396851	0.02145253
33.49781036	0.03812763
33.52165222	0.08462377
33.54549408	0.20139080
33.56933594	0.33144260
33.59317780	0.17538440
33.61701965	0.12731120
33.64086151	0.19869150
33.66470337	0.15144090
33.68854523	0.09288045
33.71238708	0.10863800
33.73622894	0.01403739
33.76007080	0.00772727
33.78391266	0.04726039
33.80775452	0.05779896
33.83159637	0.03801244
33.85543823	0.09742261
33.87928009	0.11589380
33.90312195	0.22749550
33.92696381	0.24146110
33.95080566	0.04036854
33.97464752	0.22834230
33.99848938	0.40545940
34.02233124	0.06385329
34.04617310	0.33094400
34.07001495	0.16500330
34.09385681	0.03516233
34.11769867	0.04725950
34.14154053	0.01377484
34.16538239	0.01749465
34.18922424	0.13080640
34.21306610	0.22122870
34.23690796	0.19762060
34.26074982	0.11079350
34.28459167	0.06027392
34.30843353	0.09184217
34.33227539	0.37286770
34.35611725	0.34333160
34.37995911	0.08285065
34.40380096	0.21424150
34.42764282	0.11121970
34.45148468	0.01821625
34.47532654	0.02898954
34.49916840	0.01661869
34.52301025	0.08084926
34.54685211	0.23693750
34.57069397	0.35173540
34.59453583	0.19432010
34.61837769	0.13893310
34.64221954	0.27103180
34.66606140	0.32427780
34.68990326	0.15976210
34.71374512	0.05927201
34.73758698	0.02307575
34.76142883	0.06026294
34.78527069	0.08139420
34.80911255	0.06584901
34.83295441	0.02016079
34.85679626	0.05357180
34.88063812	0.11237060
34.90447998	0.29410090
34.92832184	0.30550360
34.95216370	0.03687945
34.97600555	0.08852015
34.99984741	0.02076750
35.02368927	0.17154210
35.04753113	0.22502440
35.07137299	0.04245517
35.09521484	0.09440202
35.11905670	0.04916819
35.14289856	0.03140645
35.16674042	0.03726410
35.19058228	0.12258570
35.21442413	0.17613280
35.23826599	0.17664520
35.26210785	0.20596030
35.28594971	0.12408080
35.30979156	0.05595182
35.33363342	0.30463280
35.35747528	0.24789300
35.38131714	0.13295070
35.40515900	0.21061900
35.42900085	0.05587368
35.45284271	0.05382290
35.47668457	0.04423086
35.50052643	0.01575920
35.52436829	0.07992216
35.54821014	0.23926160
35.57205200	0.32170240
35.59589386	0.18764250
35.61973572	0.10151800
35.64357758	0.24646320
35.66741943	0.36489960
35.69126129	0.29608150
35.71510315	0.13773290
35.73894501	0.03556581
35.76278687	0.09173744
35.78662872	0.06926042
35.81047058	0.03178881
35.83431244	0.00611108
35.85815430	0.05331148
35.88199615	0.14757630
35.90583801	0.34689940
35.92967987	0.33385820
35.95352173	0.04217882
35.97736359	0.20754130
36.00120544	0.30807350
36.02504730	0.24476170
36.04888916	0.09364096
36.07273102	0.06850745
36.09657288	0.09154501
36.12041473	0.01741984
36.14425659	0.06983566
36.16809845	0.06225989
36.19194031	0.08057988
36.21578217	0.12020370
36.23962402	0.20071640
36.26346588	0.32091050
36.28730774	0.16418580
36.31114960	0.04048762
36.33499146	0.16187990
36.35883331	0.09248541
36.38267517	0.15163360
36.40651703	0.13605630
36.43035889	0.03790407
36.45420074	0.09286897
36.47804260	0.03854338
36.50188446	0.03245552
36.52572632	0.07146882
36.54956818	0.22647680
36.57341003	0.27373770
36.59725189	0.18722260
36.62109375	0.10227550
36.64493561	0.14220750
36.66877747	0.28827470
36.69261932	0.30766020
36.71646118	0.12791530
36.74030304	0.06407440
36.76414490	0.08647601
36.78798676	0.01523364
36.81182861	0.03287663
36.83567047	0.02897952
36.85951233	0.04952559
36.88335419	0.18022490
36.90719604	0.38406800
36.93103790	0.34511990
36.95487976	0.02865079
36.97872162	0.29526860
37.00256348	0.42149810
37.02640533	0.19636440
37.05024719	0.06201861
37.07408905	0.12064260
37.09793091	0.06928096
37.12177277	0.03863264
37.14561462	0.05942269
37.16945648	0.04956080
37.19329834	0.04030171
37.21714020	0.08223500
37.24098206	0.23838220
37.26482391	0.40407310
37.28866577	0.18467480
37.31250763	0.07662821
37.33634949	0.05350772
37.36019135	0.07587200
37.38403320	0.14544660
37.40787506	0.05563427
37.43171692	0.11299320
37.45555878	0.10592370
37.47940063	0.00930862
37.50324249	0.05400637
37.52708435	0.06714242
37.55092621	0.18602340
37.57476807	0.21132370
37.59860992	0.24486270
37.62245178	0.21619440
37.64629364	0.05419235
37.67013550	0.13745100
37.69397736	0.22153460
37.71781921	0.06201226
37.74166107	0.09081497
37.76550293	0.05062256
37.78934479	0.04870257
37.81318665	0.06381157
37.83702850	0.03834686
37.86087036	0.03149530
37.88471222	0.17405700
37.90855408	0.35049270
37.93239594	0.31088890
37.95623779	0.04606594
37.98007965	0.27625970
38.00392151	0.34823120
38.02776337	0.08748657
38.05160522	0.14491360
38.07544708	0.11740570
38.09928894	0.04050479
38.12313080	0.04941111
38.14697266	0.03697318
38.17081451	0.03316881
38.19465637	0.01521984
38.21849823	0.09683528
38.24234009	0.29001860
38.26618195	0.45784800
38.29002380	0.19873420
38.31386566	0.11368440
38.33770752	0.18191570
38.36154938	0.17434780
38.38539124	0.08588357
38.40923309	0.06567062
38.43307495	0.15821980
38.45691681	0.10180520
38.48075867	0.02245751
38.50460052	0.07280675
38.52844238	0.06933573
38.55228424	0.12502540
38.57612610	0.15565010
38.59996796	0.31852050
38.62380981	0.30250590
38.64765167	0.13091800
38.67149353	0.05773419
38.69533539	0.06553663
38.71917725	0.03098422
38.74301910	0.08216169
38.76686096	0.02164786
38.79070282	0.10841520
38.81454468	0.06921387
38.83838654	0.03840011
38.86222839	0.00268337
38.88607025	0.17093170
38.90991211	0.30453580
38.93375397	0.28127950
38.95759583	0.15656710
38.98143768	0.18373660
39.00527954	0.16018070
39.02912140	0.08243518
39.05296326	0.16417510
39.07680511	0.08176643
39.10064697	0.01541329
39.12448883	0.02353558
39.14833069	0.02152830
39.17217255	0.01652838
39.19601440	0.02018183
39.21985626	0.10235050
39.24369812	0.31422870
39.26753998	0.45685020
39.29138184	0.20178140
39.31522369	0.11176710
39.33906555	0.24841290
39.36290741	0.18444530
39.38674927	0.04936459
39.41059113	0.15726560
39.43443298	0.17788680
39.45827484	0.07839359
39.48211670	0.02459251
39.50595856	0.05508585
39.52980042	0.03731918
39.55364227	0.05678577
39.57748413	0.15630410
39.60132599	0.41070800
39.62516785	0.37138740
39.64900970	0.17295960
39.67285156	0.17272850
39.69669342	0.06807560
39.72053528	0.07822865
39.74437714	0.04698085
39.76821899	0.10942130
39.79206085	0.16994030
39.81590271	0.08344457
39.83974457	0.03606085
39.86358643	0.02406643
39.88742828	0.14528120
39.91127014	0.22224530
39.93511200	0.24901440
39.95895386	0.27382050
39.98279572	0.13522330
40.00663757	0.02773991
40.03047943	0.14079850
40.05432129	0.12637530
40.07816315	0.03032754
40.10200500	0.00315815
40.12584686	0.04460446
40.14968872	0.08243915
40.17353058	0.04405208
40.19737244	0.04438331
40.22121429	0.10558680
40.24505615	0.31262840
40.26889801	0.42094260
40.29273987	0.21921520
40.31658173	0.07969677
40.34042358	0.21177210
40.36426544	0.10992750
40.38810730	0.09501851
40.41194916	0.16962950
40.43579102	0.14807480
40.45963287	0.05893644
40.48347473	0.02235020
40.50731659	0.04365191
40.53115845	0.03699600
40.55500031	0.04372257
40.57884216	0.19086270
40.60268402	0.46357730
40.62652588	0.38081830
40.65036774	0.14406320
40.67420959	0.23003110
40.69805145	0.16079660
40.72189331	0.09001787
40.74573517	0.05491954
40.76957703	0.18508030
40.79341888	0.19479150
40.81726074	0.06473286
40.84110260	0.05391574
40.86494446	0.05516866
40.88878632	0.10528420
40.91262817	0.13088500
40.93647003	0.26397090
40.96031189	0.40089090
40.98415375	0.20932990
41.00799561	0.16504360
41.03183746	0.13514070
41.05567932	0.04327647
41.07952118	0.02205934
41.10336304	0.03994309
41.12720490	0.11766710
41.15104675	0.12949080
41.17488861	0.03424923
41.19873047	0.03813942
41.22257233	0.09420836
41.24641418	0.27661470
41.27025604	0.33857690
41.29409790	0.23224100
41.31793976	0.13404290
41.34178162	0.13407170
41.36562347	0.02789724
41.38946533	0.12660760
41.41330719	0.14733990
41.43714905	0.10451040
41.46099091	0.04125156
41.48483276	0.02691751
41.50867462	0.01624858
41.53251648	0.03813680
41.55635834	0.06162173
41.58020020	0.20747230
41.60404205	0.46972480
41.62788391	0.37028390
41.65172577	0.07591292
41.67556763	0.21877550
41.69940948	0.18966560
41.72325134	0.06316405
41.74709320	0.10733410
41.77093506	0.21293730
41.79477692	0.17592620
41.81861877	0.05648440
41.84246063	0.04809192
41.86630249	0.06938783
41.89014435	0.05364030
41.91398621	0.09058493
41.93782806	0.32312730
41.96166992	0.50514040
41.98551178	0.27110880
42.00935364	0.18486620
42.03319550	0.06917362
42.05703735	0.04428709
42.08087921	0.04195195
42.10472107	0.08923919
42.12856293	0.18557940
42.15240479	0.16467120
42.17624664	0.02942671
42.20008850	0.04885385
42.22393036	0.07572708
42.24777222	0.19977170
42.27161407	0.24635440
42.29545593	0.30547360
42.31929779	0.24712880
42.34313965	0.06007954
42.36698151	0.08904406
42.39082336	0.11910620
42.41466522	0.09801045
42.43850708	0.07156566
42.46234894	0.04929318
42.48619080	0.08727975
42.51003265	0.05218258
42.53387451	0.04724729
42.55771637	0.06203312
42.58155823	0.21458420
42.60540009	0.42761480
42.62924194	0.35066820
42.65308380	0.07679522
42.67692566	0.14133170
42.70076752	0.14194900
42.72460938	0.03216306
42.74845123	0.15358840
42.77229309	0.21898460
42.79613495	0.15022840
42.81997681	0.05075233
42.84381866	0.02639377
42.86766052	0.06243948
42.89150238	0.01099692
42.91534424	0.10794950
42.93918610	0.36650810
42.96302795	0.54682050
42.98686981	0.28017310
43.01071167	0.14360670
43.03455353	0.07512585
43.05839539	0.09721782
43.08223724	0.03610115
43.10607910	0.14773010
43.12992096	0.23499120
43.15376282	0.16580320
43.17760468	0.01337989
43.20144653	0.06649684
43.22528839	0.07426101
43.24913025	0.11357790
43.27297211	0.18912030
43.29681396	0.40704710
43.32065582	0.35575350
43.34449768	0.13201090
43.36833954	0.12734620
43.39218140	0.06512780
43.41602325	0.03590947
43.43986511	0.05520811
43.46370697	0.09852498
43.48754883	0.15968610
43.51139069	0.08962083
43.53523254	0.05523949
43.55907440	0.02453864
43.58291626	0.19702560
43.60675812	0.36300910
43.63059998	0.34790630
43.65444183	0.20648660
43.67828369	0.09095525
43.70212555	0.04418697
43.72596741	0.06279988
43.74980927	0.13795920
43.77365112	0.18041210
43.79749298	0.12157420
43.82133484	0.07050437
43.84517670	0.03698688
43.86901855	0.03680040
43.89286041	0.04693579
43.91670227	0.12767510
43.94054413	0.38095110
43.96438599	0.53046520
43.98822784	0.24602510
44.01206970	0.04370648
44.03591156	0.13156290
44.05975342	0.10542560
44.08359528	0.04332868
44.10743713	0.18882410
44.13127899	0.24923490
44.15512085	0.15013090
44.17896271	0.01909445
44.20280457	0.07471681
44.22664642	0.07375777
44.25048828	0.03752131
44.27433014	0.19287390
44.29817200	0.49636070
44.32201385	0.42646290
44.34585571	0.18375370
44.36969757	0.12139400
44.39353943	0.03668800
44.41738129	0.02909639
44.44122314	0.07194526
44.46506500	0.16539680
44.48890686	0.21756950
44.51274872	0.10977070
44.53659058	0.03527376
44.56043243	0.03552380
44.58427429	0.15777260
44.60811615	0.25171210
44.63195801	0.32979890
44.65579987	0.35132140
44.67964172	0.19074790
44.70348358	0.06392069
44.72732544	0.08278446
44.75116730	0.10056610
44.77500916	0.12821510
44.79885101	0.09003698
44.82269287	0.08581559
44.84653473	0.07637378
44.87037659	0.03286428
44.89421844	0.05478007
44.91806030	0.11268680
44.94190216	0.35684370
44.96574402	0.47400780
44.98958588	0.23615900
45.01342773	0.06500474
45.03726959	0.12480710
45.06111145	0.05717454
45.08495331	0.07046651
45.10879517	0.20314960
45.13263702	0.23102160
45.15647888	0.12487110
45.18032074	0.03279613
45.20416260	0.04967403
45.22800446	0.05184899
45.25184631	0.05567113
45.27568817	0.22952940
45.29953003	0.55088570
45.32337189	0.45298920
45.34721375	0.16419890
45.37105560	0.06338983
45.39489746	0.09593824
45.41873932	0.04980481
45.44258118	0.09139700
45.46642303	0.21774400
45.49026489	0.24565580
45.51410675	0.11184420
45.53794861	0.03436762
45.56179047	0.07273842
45.58563232	0.10223690
45.60947418	0.13045600
45.63331604	0.33345770
45.65715790	0.46751480
45.68099976	0.24771780
45.70484161	0.12691750
45.72868347	0.07968464
45.75252533	0.03613236
45.77636719	0.07171528
45.80020905	0.08822741
45.82405090	0.14804080
45.84789276	0.14652200
45.87173462	0.05278072
45.89557648	0.04488901
45.91941833	0.09457364
45.94326019	0.29951730
45.96710205	0.37577990
45.99094391	0.27039140
46.01478577	0.17541720
46.03862762	0.09206739
46.06246948	0.00629939
46.08631134	0.08432852
46.11015320	0.18666940
46.13399506	0.19423110
46.15783691	0.10610580
46.18167877	0.06211418
46.20552063	0.00878995
46.22936249	0.04397202
46.25320435	0.08939507
46.27704620	0.24680390
46.30088806	0.54356000
46.32472992	0.42552950
46.34857178	0.10436660
46.37241364	0.05858911
46.39625549	0.11099850
46.42009735	0.02918307
46.44393921	0.12440240
46.46778107	0.26285540
46.49162292	0.24476890
46.51546478	0.09649813
46.53930664	0.03368885
46.56314850	0.07932030
46.58699036	0.03860881
46.61083221	0.08183596
46.63467407	0.37474910
46.65851593	0.54897760
46.68235779	0.27358890
46.70619965	0.13575190
46.73004150	0.05831074
46.75388336	0.03578269
46.77772522	0.04195178
46.80156708	0.11191460
46.82540894	0.20937800
46.84925079	0.19268720
46.87309265	0.05492439
46.89693451	0.02942336
46.92077637	0.08706666
46.94461823	0.20177610
46.96846008	0.27024300
46.99230194	0.35853000
47.01614380	0.28922470
47.03998566	0.08305930
47.06382751	0.06278861
47.08766937	0.07107905
47.11151123	0.13125710
47.13535309	0.13872850
47.15919495	0.09402499
47.18303680	0.10157470
47.20687866	0.03814861
47.23072052	0.05153816
47.25456238	0.07668956
47.27840424	0.21707370
47.30224609	0.47288940
47.32608795	0.37232840
47.34992981	0.11266070
47.37377167	0.11162220
47.39761353	0.09840919
47.42145538	0.01502988
47.44529724	0.12704050
47.46913910	0.25121220
47.49298096	0.20280120
47.51682281	0.08286778
47.54066467	0.03133782
47.56450653	0.07645652
47.58834839	0.02408726
47.61219025	0.12228670
47.63603210	0.41816740
47.65987396	0.56599940
47.68371582	0.25270250
47.70755768	0.09171772
47.73139954	0.07004820
47.75524139	0.06912138
47.77908325	0.04417167
47.80292511	0.16349620
47.82676697	0.26061230
47.85060883	0.20218110
47.87445068	0.04017829
47.89829254	0.05003483
47.92213440	0.09358613
47.94597626	0.09677175
47.96981812	0.21507480
47.99365997	0.45883880
48.01750183	0.37426340
48.04134369	0.12829380
48.06518555	0.08423010
48.08902740	0.04819496
48.11286926	0.07249616
48.13671112	0.10184010
48.16055298	0.12395350
48.18439484	0.17221210
48.20823669	0.09846498
48.23207855	0.06526199
48.25592041	0.03961738
48.27976227	0.18404550
48.30360413	0.35478140
48.32744598	0.31341790
48.35128784	0.22758570
48.37512970	0.14672780
48.39897156	0.03400933
48.42281342	0.03945208
48.44665527	0.12365900
48.47049713	0.21609320
48.49433899	0.16407970
48.51818085	0.09259403
48.54202271	0.02443374
48.56586456	0.04252882
48.58970642	0.07415460
48.61354828	0.15544830
48.63739014	0.42190260
48.66123199	0.53920010
48.68507385	0.21965960
48.70891571	0.00786270
48.73275757	0.09344365
48.75659943	0.07781436
48.78044128	0.04319918
48.80428314	0.20013190
