Частота	A * B
(kГц)	(?)

0.00000000	2.43513600
0.02384186	1.01334600
0.04768372	0.17433860
0.07152557	0.05435681
0.09536743	0.02675931
0.11920929	0.05173143
0.14305115	0.10918240
0.16689301	0.11714330
0.19073486	0.06729822
0.21457672	0.13186030
0.23841858	0.16701750
0.26226044	0.10870290
0.28610229	0.08153243
0.30994415	0.18511840
0.33378601	0.36257630
0.35762787	0.36532560
0.38146973	0.27174350
0.40531158	0.15912430
0.42915344	0.02336595
0.45299530	0.07719999
0.47683716	0.08836770
0.50067902	0.06331297
0.52452087	0.09728832
0.54836273	0.08480379
0.57220459	0.00780399
0.59604645	0.14933430
0.61988831	0.31682200
0.64373016	0.54788920
0.66757202	0.51802180
0.69141388	0.22456860
0.71525574	0.05819443
0.73909760	0.08810132
0.76293945	0.17130750
0.78678131	0.12447430
0.81062317	0.06521294
0.83446503	0.12078070
0.85830688	0.09639404
0.88214874	0.03908721
0.90599060	0.03092811
0.92983246	0.04007852
0.95367432	0.01837554
0.97751617	0.16397730
1.00135803	0.32143520
1.02519989	0.25485910
1.04904175	0.14183870
1.07288361	0.05579806
1.09672546	0.03074558
1.12056732	0.05183905
1.14440918	0.09088575
1.16825104	0.09381212
1.19209290	0.06776638
1.21593475	0.12838140
1.23977661	0.14887260
1.26361847	0.11817510
1.28746033	0.08565910
1.31130219	0.14668120
1.33514404	0.21268650
1.35898590	0.22645720
1.38282776	0.26703070
1.40666962	0.16520740
1.43051147	0.03341856
1.45435333	0.07386012
1.47819519	0.08547409
1.50203705	0.05976417
1.52587891	0.08070470
1.54972076	0.06913634
1.57356262	0.01666456
1.59740448	0.13896160
1.62124634	0.37405080
1.64508820	0.73949610
1.66893005	0.66003780
1.69277191	0.25083630
1.71661377	0.07351577
1.74045563	0.10087710
1.76429749	0.17583060
1.78813934	0.11909540
1.81198120	0.07175227
1.83582306	0.14083950
1.85966492	0.11339620
1.88350677	0.03664042
1.90734863	0.02301254
1.93119049	0.02493393
1.95503235	0.06061427
1.97887421	0.35563200
2.00271606	0.56000370
2.02655792	0.41299780
2.05039978	0.21406630
2.07424164	0.06308809
2.09808350	0.02506630
2.12192535	0.06395944
2.14576721	0.08768884
2.16960907	0.08318317
2.19345093	0.07865407
2.21729279	0.13302190
2.24113464	0.14429960
2.26497650	0.15333070
2.28881836	0.11542430
2.31266022	0.11362190
2.33650208	0.08249169
2.36034393	0.14861080
2.38418579	0.24890990
2.40802765	0.15677870
2.43186951	0.05489503
2.45571136	0.07117374
2.47955322	0.07480736
2.50339508	0.04772563
2.52723694	0.06927989
2.55107880	0.06926951
2.57492065	0.04471470
2.59876251	0.11804560
2.62260437	0.44027350
2.64644623	0.92460880
2.67028809	0.78122270
2.69412994	0.26618080
2.71797180	0.08651621
2.74181366	0.11014330
2.76565552	0.16306310
2.78949738	0.10855520
2.81333923	0.05331682
2.83718109	0.10886250
2.86102295	0.08549955
2.88486481	0.02380931
2.90870667	0.02940108
2.93254852	0.00834753
2.95639038	0.13602400
2.98023224	0.53143500
3.00407410	0.76329590
3.02791595	0.51712360
3.05175781	0.21915570
3.07559967	0.05365445
3.09944153	0.02782518
3.12328339	0.05672938
3.14712524	0.07191581
3.17096710	0.07124015
3.19480896	0.08943509
3.21865082	0.12326740
3.24249268	0.13445120
3.26633453	0.19472380
3.29017639	0.14092320
3.31401825	0.07886140
3.33786011	0.09399161
3.36170197	0.15431090
3.38554382	0.23152070
3.40938568	0.14276000
3.43322754	0.04750231
3.45706940	0.05684378
3.48091125	0.06797844
3.50475311	0.04051681
3.52859497	0.04862744
3.55243683	0.06563616
3.57627869	0.06756210
3.60012054	0.09556721
3.62396240	0.53659870
3.64780426	1.11964900
3.67164612	0.88918890
3.69548798	0.28428420
3.71932983	0.11918620
3.74317169	0.12867510
3.76701355	0.15401040
3.79085541	0.09997909
3.81469727	0.07052321
3.83853912	0.10950340
3.86238098	0.07570680
3.88622284	0.02515158
3.91006470	0.02751035
3.93390656	0.02175044
3.95774841	0.21262350
3.98159027	0.67806970
4.00543213	0.91507030
4.02927399	0.59917190
4.05311584	0.24004880
4.07695770	0.04193212
4.10079956	0.04353821
4.12464142	0.06341483
4.14848328	0.06686414
4.17232513	0.07093235
4.19616699	0.09971820
4.22000885	0.11904810
4.24385071	0.13316730
4.26769257	0.21896760
4.29153442	0.15921760
4.31537628	0.10166910
4.33921814	0.18788200
4.36306000	0.19966740
4.38690186	0.21981860
4.41074371	0.13206640
4.43458557	0.04535073
4.45842743	0.02757025
4.48226929	0.04076093
4.50611115	0.03942363
4.52995300	0.03637094
4.55379486	0.07629021
4.57763672	0.09717817
4.60147858	0.07281546
4.62532043	0.63550570
4.64916229	1.26256200
4.67300415	0.91779550
4.69684601	0.25159070
4.72068787	0.12140310
4.74452972	0.14171490
4.76837158	0.14878090
4.79221344	0.09974476
4.81605530	0.05977165
4.83989716	0.09092418
4.86373901	0.06456387
4.88758087	0.03560314
4.91142273	0.03068281
4.93526459	0.05223657
4.95910645	0.26801990
4.98294830	0.75620370
5.00679016	0.97202250
5.03063202	0.62148520
5.05447388	0.24417030
5.07831573	0.03491297
5.10215759	0.05517421
5.12599945	0.05353073
5.14984131	0.04641080
5.17368317	0.06008133
5.19752502	0.10115590
5.22136688	0.11241520
5.24520874	0.14535080
5.26905060	0.24203580
5.29289246	0.16695780
5.31673431	0.13650070
5.34057617	0.26267500
5.36441803	0.22762410
5.38825989	0.18814150
5.41210175	0.10400830
5.43594360	0.04709243
5.45978546	0.02868800
5.48362732	0.03027291
5.50746918	0.03491968
5.53131104	0.02969175
5.55515289	0.08344465
5.57899475	0.10847440
5.60283661	0.06304894
5.62667847	0.71991740
5.65052032	1.37088600
5.67436218	0.93050850
5.69820404	0.22880640
5.72204590	0.12595940
5.74588776	0.13539410
5.76972961	0.11427690
5.79357147	0.08070887
5.81741333	0.06221649
5.84125519	0.07443070
5.86509705	0.05493871
5.88893890	0.04472485
5.91278076	0.04418948
5.93662262	0.07069356
5.96046448	0.30149550
5.98430634	0.76435610
6.00814819	0.93699190
6.03199005	0.59261900
6.05583191	0.23500130
6.07967377	0.05463186
6.10351563	0.07146737
6.12735748	0.05576595
6.15119934	0.04136921
6.17504120	0.06172538
6.19888306	0.10284440
6.22272491	0.09375600
6.24656677	0.15139790
6.27040863	0.25770280
6.29425049	0.16881820
6.31809235	0.16884950
6.34193420	0.30401090
6.36577606	0.22888570
6.38961792	0.14505400
6.41345978	0.07841113
6.43730164	0.02311233
6.46114349	0.02190078
6.48498535	0.00998732
6.50882721	0.03200390
6.53266907	0.04746745
6.55651093	0.11564780
6.58035278	0.13109850
6.60419464	0.07447846
6.62803650	0.80077110
6.65187836	1.43731000
6.67572021	0.91206770
6.69956207	0.21248040
6.72340393	0.12843740
6.74724579	0.12320770
6.77108765	0.09018871
6.79492950	0.06584524
6.81877136	0.05118510
6.84261322	0.06592104
6.86645508	0.06519998
6.89029694	0.06565952
6.91413879	0.05567347
6.93798065	0.09177084
6.96182251	0.30101130
6.98566437	0.68398860
7.00950623	0.82456890
7.03334808	0.54463180
7.05718994	0.22358470
7.08103180	0.06102747
7.10487366	0.07885657
7.12871552	0.04786496
7.15255737	0.03719153
7.17639923	0.06963079
7.20024109	0.09699531
7.22408295	0.08201677
7.24792480	0.16983430
7.27176666	0.26918010
7.29560852	0.18510880
7.31945038	0.21009420
7.34329224	0.30733140
7.36713409	0.21171220
7.39097595	0.12169500
7.41481781	0.06535486
7.43865967	0.03292302
7.46250153	0.05077032
7.48634338	0.01497367
7.51018524	0.04242040
7.53402710	0.06646632
7.55786896	0.10848030
7.58171082	0.12261840
7.60555267	0.08885032
7.62939453	0.86374350
7.65323639	1.46191400
7.67707825	0.85845630
7.70092010	0.19847360
7.72476196	0.13333760
7.74860382	0.12750820
7.77244568	0.07068076
7.79628754	0.06852043
7.82012939	0.05430532
7.84397125	0.04382979
7.86781311	0.06397965
7.89165497	0.06333052
7.91549683	0.06188124
7.93933868	0.12103320
7.96318054	0.27878590
7.98702240	0.53634240
8.01086426	0.64851300
8.03470612	0.47808930
8.05854797	0.21354970
8.08238983	0.08837045
8.10623169	0.08709563
8.13007355	0.04662942
8.15391541	0.04392812
8.17775726	0.07782374
8.20159912	0.10146710
8.22544098	0.06733097
8.24928284	0.17176500
8.27312469	0.26490690
8.29696655	0.18879600
8.32080841	0.22721480
8.34465027	0.29324480
8.36849213	0.18438480
8.39233398	0.07515749
8.41617584	0.04166213
8.44001770	0.04000208
8.46385956	0.06701833
8.48770142	0.02428065
8.51154327	0.05037444
8.53538513	0.08082004
8.55922699	0.11941180
8.58306885	0.12312420
8.60691071	0.10736440
8.63075256	0.88694910
8.65459442	1.41718500
8.67843628	0.77735560
8.70227814	0.20884680
8.72612000	0.12431750
8.74996185	0.09804337
8.77380371	0.05486555
8.79764557	0.07791862
8.82148743	0.06645411
8.84532928	0.02461763
8.86917114	0.07076685
8.89301300	0.07936622
8.91685486	0.09950466
8.94069672	0.12067140
8.96453857	0.20789430
8.98838043	0.33268000
9.01222229	0.42076890
9.03606415	0.36971310
9.05990601	0.19149410
9.08374786	0.11227720
9.10758972	0.08586850
9.13143158	0.04768104
9.15527344	0.05838947
9.17911530	0.08219339
9.20295715	0.09755272
9.22679901	0.06980176
9.25064087	0.16832220
9.27448273	0.23864520
9.29832458	0.19335870
9.32216644	0.23931150
9.34600830	0.24955940
9.36985016	0.12956730
9.39369202	0.03629127
9.41753387	0.04046883
9.44137573	0.05679353
9.46521759	0.08220088
9.48905945	0.03506273
9.51290131	0.04903511
9.53674316	0.08850747
9.56058502	0.12085840
9.58442688	0.12580680
9.60826874	0.11299600
9.63211060	0.87741850
9.65595245	1.32268000
9.67979431	0.66473480
9.70363617	0.23085650
9.72747803	0.10840160
9.75131989	0.08268976
9.77516174	0.05645623
9.79900360	0.07392815
9.82284546	0.06718665
9.84668732	0.01905563
9.87052917	0.08190081
9.89437103	0.09213923
9.91821289	0.10398780
9.94205475	0.10390020
9.96589661	0.11695330
9.98973846	0.07686394
10.01358032	0.16610740
10.03742218	0.26671870
10.06126404	0.17407070
10.08510590	0.13773300
10.10894775	0.09282353
10.13278961	0.05833277
10.15663147	0.08190866
10.18047333	0.09603703
10.20431519	0.07954037
10.22815704	0.03643922
10.25199890	0.16737660
10.27584076	0.22167440
10.29968262	0.22005640
10.32352448	0.23928890
10.34736633	0.19725170
10.37120819	0.09467405
10.39505005	0.02226949
10.41889191	0.03307611
10.44273376	0.05926376
10.46657562	0.09276194
10.49041748	0.03709305
10.51425934	0.06822503
10.53810120	0.12265420
10.56194305	0.12291090
10.58578491	0.10638870
10.60962677	0.13085910
10.63346863	0.82668990
10.65731049	1.17848800
10.68115234	0.57658510
10.70499420	0.27378550
10.72883606	0.09791663
10.75267792	0.08256850
10.77651978	0.08174644
10.80036163	0.08528425
10.82420349	0.07288861
10.84804535	0.02570624
10.87188721	0.08183675
10.89572906	0.08124448
10.91957092	0.10611080
10.94341278	0.07737980
10.96725464	0.07139608
10.99109650	0.21771120
11.01493835	0.10485170
11.03878021	0.17662070
11.06262207	0.17855190
11.08646393	0.16551030
11.11030579	0.08371409
11.13414764	0.06279886
11.15798950	0.08291373
11.18183136	0.08408359
11.20567322	0.06090225
11.22951508	0.04370341
11.25335693	0.16570760
11.27719879	0.20246440
11.30104065	0.24787570
11.32488251	0.23885360
11.34872437	0.14252730
11.37256622	0.06589289
11.39640808	0.05144896
11.42024994	0.03983765
11.44409180	0.06826220
11.46793365	0.10305790
11.49177551	0.04779758
11.51561737	0.06410235
11.53945923	0.10947520
11.56330109	0.08815858
11.58714294	0.08746237
11.61098480	0.12849110
11.63482666	0.75100910
11.65866852	1.01647000
11.68251038	0.50885540
11.70635223	0.32248050
11.73019409	0.07608414
11.75403595	0.11105500
11.77787781	0.10957940
11.80171967	0.07210498
11.82556152	0.06403849
11.84940338	0.03435467
11.87324524	0.09013170
11.89708710	0.08839960
11.92092896	0.10571490
11.94477081	0.04937769
11.96861267	0.19505270
11.99245453	0.50383780
12.01629639	0.33089430
12.04013824	0.09592314
12.06398010	0.18586440
12.08782196	0.17727030
12.11166382	0.06934316
12.13550568	0.07700838
12.15934753	0.08892474
12.18318939	0.07280191
12.20703125	0.04210294
12.23087311	0.04776428
12.25471497	0.15080870
12.27855682	0.17583160
12.30239868	0.26355380
12.32624054	0.21326400
12.35008240	0.07745808
12.37392426	0.05199293
12.39776611	0.06751520
12.42160797	0.05914418
12.44544983	0.08931776
12.46929169	0.10956520
12.49313354	0.05260700
12.51697540	0.06366221
12.54081726	0.11388250
12.56465912	0.08202140
12.58850098	0.07052447
12.61234283	0.13208880
12.63618469	0.63680200
12.66002655	0.81882960
12.68386841	0.47471510
12.70771027	0.38451650
12.73155212	0.09628049
12.75539398	0.07891094
12.77923584	0.10398650
12.80307770	0.08456779
12.82691956	0.07904272
12.85076141	0.02832219
12.87460327	0.05966079
12.89844513	0.06648384
12.92228699	0.09631149
12.94612885	0.04851945
12.96997070	0.34507810
12.99381256	0.75397100
13.01765442	0.51414970
13.04149628	0.02829300
13.06533813	0.20237980
13.08917999	0.19015990
13.11302185	0.06414718
13.13686371	0.09241005
13.16070557	0.09290731
13.18454742	0.06451196
13.20838928	0.03284509
13.23223114	0.04536080
13.25607300	0.12486040
13.27991486	0.16120170
13.30375671	0.28246640
13.32759857	0.19541530
13.35144043	0.04134440
13.37528229	0.06334322
13.39912415	0.07274722
13.42296600	0.05704149
13.44680786	0.09289153
13.47064972	0.11063120
13.49449158	0.06101486
13.51833344	0.06537678
13.54217529	0.11488820
13.56601715	0.07458209
13.58985901	0.08053583
13.61370087	0.13866880
13.63754272	0.50869310
13.66138458	0.62125080
13.68522644	0.47578040
13.70906830	0.41148410
13.73291016	0.07937227
13.75675201	0.10145480
13.78059387	0.12050130
13.80443573	0.07370538
13.82827759	0.06268324
13.85211945	0.02968856
13.87596130	0.06066395
13.89980316	0.05847619
13.92364502	0.08849404
13.94748688	0.11613370
13.97132874	0.49187790
13.99517059	0.93853080
14.01901245	0.62572690
14.04285431	0.02685314
14.06669617	0.19823540
14.09053802	0.18130450
14.11437988	0.06337688
14.13822174	0.08950622
14.16206360	0.08579961
14.18590546	0.04817960
14.20974731	0.01118875
14.23358917	0.05026115
14.25743103	0.10649470
14.28127289	0.15180480
14.30511475	0.28843340
14.32895660	0.18143480
14.35279846	0.07921781
14.37664032	0.08979372
14.40048218	0.08958144
14.42432404	0.05359147
14.44816589	0.07827321
14.47200775	0.09148778
14.49584961	0.05588866
14.51969147	0.07870893
14.54353333	0.11256400
14.56737518	0.07258296
14.59121704	0.08788413
14.61505890	0.13649110
14.63890076	0.37946400
14.66274261	0.45406570
14.68658447	0.49865810
14.71042633	0.42462060
14.73426819	0.07122454
14.75811005	0.10217950
14.78195190	0.11933060
14.80579376	0.06587565
14.82963562	0.05510318
14.85347748	0.03171340
14.87731934	0.03951367
14.90116119	0.05085013
14.92500305	0.09590090
14.94884491	0.18504830
14.97268677	0.60955920
14.99652863	1.06185000
15.02037048	0.69803360
15.04421234	0.07269759
15.06805420	0.20957960
15.09189606	0.17895280
15.11573792	0.06959945
15.13957977	0.10270910
15.16342163	0.08852539
15.18726349	0.04540398
15.21110535	0.01435430
15.23494720	0.04697410
15.25878906	0.06983040
15.28263092	0.15727550
15.30647278	0.29396530
15.33031464	0.16435010
15.35415649	0.11383520
15.37799835	0.09369732
15.40184021	0.07669370
15.42568207	0.03855215
15.44952393	0.07757792
15.47336578	0.08771560
15.49720764	0.07565869
15.52104950	0.08611006
15.54489136	0.11076070
15.56873322	0.09519234
15.59257507	0.11651370
15.61641693	0.13809180
15.64025879	0.23485100
15.66410065	0.31791730
15.68794250	0.53799690
15.71178436	0.43301290
15.73562622	0.06552238
15.75946808	0.10031090
15.78330994	0.09912516
15.80715179	0.03656136
15.83099365	0.04785998
15.85483551	0.03054301
15.87867737	0.02618800
15.90251923	0.02896069
15.92636108	0.09631269
15.95020294	0.25731110
15.97404480	0.66980310
15.99788666	1.06395900
16.02172852	0.67766210
16.04557037	0.09062421
16.06941223	0.22104520
16.09325409	0.17919430
16.11709595	0.07428761
16.14093781	0.11603940
16.16477966	0.09306476
16.18862152	0.04471794
16.21246338	0.03647632
16.23630524	0.05101985
16.26014709	0.04601187
16.28398895	0.16908810
16.30783081	0.28980200
16.33167267	0.18095230
16.35551453	0.17026720
16.37935638	0.11468520
16.40319824	0.07209259
16.42704010	0.03824870
16.45088196	0.07495350
16.47472382	0.07918531
16.49856567	0.07409441
16.52240753	0.08303446
16.54624939	0.10127380
16.57009125	0.11657840
16.59393311	0.12652370
16.61777496	0.13430050
16.64161682	0.12411810
16.66545868	0.28190990
16.68930054	0.56517240
16.71314240	0.42405780
16.73698425	0.06449571
16.76082611	0.09425917
16.78466797	0.10618340
16.80850983	0.05764607
16.83235168	0.04454915
16.85619354	0.03770312
16.88003540	0.02204737
16.90387726	0.01435295
16.92771912	0.10442030
16.95156097	0.31170860
16.97540283	0.67022250
16.99924469	0.96809470
17.02308655	0.59432480
17.04692841	0.10123940
17.07077026	0.21549310
17.09461212	0.16292040
17.11845398	0.07997871
17.14229584	0.12250090
17.16613770	0.09633274
17.18997955	0.04349862
17.21382141	0.04931246
17.23766327	0.05097474
17.26150513	0.02734494
17.28534698	0.17528330
17.30918884	0.27170380
17.33303070	0.19125590
17.35687256	0.19745670
17.38071442	0.09759135
17.40455627	0.04628546
17.42839813	0.04407028
17.45223999	0.06216288
17.47608185	0.06889546
17.49992371	0.09701464
17.52376556	0.09292413
17.54760742	0.09485521
17.57144928	0.15148980
17.59529114	0.14692390
17.61913300	0.13624570
17.64297485	0.11561230
17.66681671	0.31126350
17.69065857	0.55271700
17.71450043	0.37517310
17.73834229	0.05078237
17.76218414	0.07255098
17.78602600	0.07502875
17.80986786	0.03403543
17.83370972	0.02914397
17.85755157	0.03864974
17.88139343	0.03262071
17.90523529	0.01080616
17.92907715	0.14162560
17.95291901	0.37353780
17.97676086	0.60810550
18.00060272	0.76773290
18.02444458	0.46546820
18.04828644	0.12618160
18.07212830	0.20249560
18.09597015	0.15348860
18.11981201	0.09286632
18.14365387	0.11272250
18.16749573	0.08702254
18.19133759	0.04882439
18.21517944	0.04901957
18.23902130	0.03866982
18.26286316	0.01477325
18.28670502	0.17394570
18.31054688	0.24664790
18.33438873	0.20480820
18.35823059	0.21619820
18.38207245	0.08731061
18.40591431	0.02355286
18.42975616	0.03959967
18.45359802	0.05398467
18.47743988	0.06976180
18.50128174	0.10833260
18.52512360	0.09426192
18.54896545	0.08813357
18.57280731	0.16922650
18.59664917	0.14326970
18.62049103	0.12858250
18.64433289	0.16926430
18.66817474	0.35156680
18.69201660	0.52816400
18.71585846	0.33479550
18.73970032	0.04912358
18.76354218	0.06316609
18.78738403	0.06850893
18.81122589	0.04088942
18.83506775	0.02292034
18.85890961	0.05852235
18.88275146	0.06613814
18.90659332	0.02586219
18.93043518	0.16745030
18.95427704	0.40211390
18.97811890	0.46207820
19.00196075	0.45099340
19.02580261	0.28483340
19.04964447	0.13568150
19.07348633	0.18875090
19.09732819	0.14008550
19.12117004	0.10035250
19.14501190	0.09762990
19.16885376	0.07536013
19.19269562	0.05929095
19.21653748	0.05512083
19.24037933	0.03637574
19.26422119	0.04159129
19.28806305	0.16033720
19.31190491	0.21911010
19.33574677	0.23335460
19.35958862	0.23147910
19.38343048	0.06469022
19.40727234	0.02516627
19.43111420	0.03952993
19.45495605	0.04005301
19.47879791	0.06388118
19.50263977	0.10691600
19.52648163	0.09499311
19.55032349	0.10049580
19.57416534	0.19261250
19.59800720	0.15262970
19.62184906	0.12444780
19.64569092	0.22371790
19.66953278	0.37628760
19.69337463	0.47171350
19.71721649	0.27900970
19.74105835	0.05253912
19.76490021	0.04037674
19.78874207	0.05794371
19.81258392	0.05431483
19.83642578	0.02681030
19.86026764	0.07182744
19.88410950	0.08697554
19.90795135	0.03641516
19.93179321	0.17891210
19.95563507	0.39834230
19.97947693	0.30385830
20.00331879	0.11181250
20.02716064	0.11955330
20.05100250	0.14018880
20.07484436	0.15112320
20.09868622	0.11803130
20.12252808	0.10993570
20.14636993	0.09155712
20.17021179	0.07423329
20.19405365	0.06322671
20.21789551	0.05164548
20.24173737	0.03023285
20.26557922	0.06694469
20.28942108	0.15992710
20.31326294	0.18360730
20.33710480	0.25627110
20.36094666	0.24312390
20.38478851	0.05450767
20.40863037	0.02623021
20.43247223	0.02750690
20.45631409	0.02179340
20.48015594	0.07143333
20.50399780	0.11751170
20.52783966	0.09257019
20.55168152	0.10018550
20.57552338	0.20392920
20.59936523	0.14162110
20.62320709	0.11279260
20.64704895	0.25853970
20.67089081	0.37527150
20.69473267	0.40461080
20.71857452	0.23357500
20.74241638	0.06907479
20.76625824	0.01761900
20.79010010	0.03926337
20.81394196	0.05869567
20.83778381	0.03704192
20.86162567	0.07995594
20.88546753	0.10145900
20.90930939	0.04128466
20.93315125	0.19074760
20.95699310	0.39473810
20.98083496	0.36601310
21.00467682	0.43138060
21.02851868	0.19776700
21.05236053	0.13490420
21.07620239	0.13078320
21.10004425	0.11606100
21.12388611	0.12384990
21.14772797	0.09457773
21.17156982	0.08430301
21.19541168	0.08302307
21.21925354	0.06163836
21.24309540	0.03792670
21.26693726	0.06898963
21.29077911	0.13652300
21.31462097	0.15388840
21.33846283	0.26241440
21.36230469	0.22630280
21.38614655	0.05220520
21.40998840	0.05125068
21.43383026	0.02192697
21.45767212	0.02119485
21.48151398	0.07251300
21.50535583	0.11195420
21.52919769	0.08608565
21.55303955	0.12100100
21.57688141	0.21561060
21.60072327	0.13076680
21.62456512	0.08685284
21.64840698	0.25849040
21.67224884	0.33841000
21.69609070	0.31120190
21.71993256	0.18521750
21.74377441	0.08245375
21.76761627	0.01808203
21.79145813	0.03533297
21.81529999	0.06710956
21.83914185	0.05814864
21.86298370	0.09920158
21.88682556	0.11222540
21.91066742	0.02691045
21.93450928	0.20870590
21.95835114	0.37992330
21.98219299	0.67766320
22.00603485	0.91070700
22.02987671	0.38584160
22.05371857	0.11288880
22.07756042	0.08973347
22.10140228	0.11031630
22.12524414	0.11298370
22.14908600	0.05496129
22.17292786	0.08982622
22.19676971	0.10013480
22.22061157	0.06848688
22.24445343	0.04233626
22.26829529	0.07636501
22.29213715	0.10745860
22.31597900	0.13282830
22.33982086	0.28529180
22.36366272	0.22853340
22.38750458	0.07783328
22.41134644	0.07129725
22.43518829	0.02306034
22.45903015	0.02826366
22.48287201	0.08762161
22.50671387	0.12538410
22.53055573	0.09133662
22.55439758	0.12374490
22.57823944	0.21890570
22.60208130	0.12903710
22.62592316	0.05171225
22.64976501	0.23623660
22.67360687	0.28751520
22.69744873	0.22747940
22.72129059	0.14921200
22.74513245	0.08899223
22.76897430	0.02506349
22.79281616	0.03968984
22.81665802	0.06498212
22.84049988	0.06323682
22.86434174	0.09653571
22.88818359	0.10510450
22.91202545	0.02129182
22.93586731	0.21284130
22.95970917	0.40229990
22.98355103	1.08037400
23.00739288	1.38450800
23.03123474	0.56202690
23.05507660	0.09704459
23.07891846	0.07317208
23.10276031	0.11854930
23.12660217	0.11178190
23.15044403	0.04899360
23.17428589	0.10602290
23.19812775	0.10424350
23.22196960	0.05488972
23.24581146	0.05114630
23.26965332	0.07605124
23.29349518	0.06405040
23.31733704	0.12601090
23.34117889	0.30163540
23.36502075	0.23066320
23.38886261	0.12052640
23.41270447	0.08025496
23.43654633	0.00505209
23.46038818	0.04309929
23.48423004	0.08228851
23.50807190	0.09957460
23.53191376	0.06939045
23.55575562	0.12990110
23.57959747	0.20515990
23.60343933	0.12870700
23.62728119	0.01033402
23.65112305	0.18998200
23.67496490	0.21515070
23.69880676	0.13111170
23.72264862	0.13982370
23.74649048	0.11802840
23.77033234	0.06164286
23.79417419	0.05370126
23.81801605	0.06847778
23.84185791	0.07036294
23.86569977	0.10598610
23.88954163	0.11456870
23.91338348	0.02647556
23.93722534	0.20154980
23.96106720	0.46118280
23.98490906	1.52307600
24.00875092	1.82491900
24.03259277	0.69052920
24.05643463	0.06585900
24.08027649	0.06774458
24.10411835	0.12105480
24.12796021	0.11867940
24.15180206	0.03718456
24.17564392	0.10997200
24.19948578	0.11814160
24.22332764	0.06795800
24.24716949	0.05365746
24.27101135	0.06848409
24.29485321	0.03725073
24.31869507	0.13607940
24.34253693	0.28583770
24.36637878	0.20982190
24.39022064	0.14794380
24.41406250	0.08111785
24.43790436	0.00357814
24.46174622	0.05193189
24.48558807	0.09331043
24.50942993	0.09819792
24.53327179	0.07345682
24.55711365	0.12382510
24.58095551	0.17644540
24.60479736	0.15320590
24.62863922	0.06098723
24.65248108	0.11776910
24.67632294	0.12211920
24.70016479	0.05463131
24.72400665	0.12633620
24.74784851	0.11357910
24.77169037	0.06228090
24.79553223	0.05055427
24.81937408	0.05532010
24.84321594	0.06717492
24.86705780	0.08572707
24.89089966	0.09830986
24.91474152	0.05283589
24.93858337	0.17914540
24.96242523	0.56640350
24.98626709	1.95141800
25.01010895	2.20894100
25.03395081	0.80454520
25.05779266	0.04607341
25.08163452	0.08239492
25.10547638	0.13189210
25.12931824	0.11806740
25.15316010	0.03054553
25.17700195	0.09794753
25.20084381	0.09322977
25.22468567	0.03525417
25.24852753	0.03397680
25.27236938	0.03763135
25.29621124	0.04308203
25.32005310	0.16197580
25.34389496	0.28118530
25.36773682	0.21280680
25.39157867	0.17241900
25.41542053	0.07370794
25.43926239	0.03450486
25.46310425	0.07498289
25.48694611	0.09692418
25.51078796	0.09274828
25.53462982	0.07590619
25.55847168	0.13040840
25.58231354	0.16126080
25.60615540	0.17912860
25.62999725	0.11205510
25.65383911	0.05962860
25.67768097	0.04347064
25.70152283	0.05214784
25.72536469	0.12984870
25.74920654	0.11126080
25.77304840	0.06562393
25.79689026	0.04480898
25.82073212	0.06485793
25.84457397	0.08247770
25.86841583	0.08107991
25.89225769	0.06318163
25.91609955	0.06281850
25.93994141	0.18182490
25.96378326	0.71296960
25.98762512	2.35262800
26.01146698	2.50350600
26.03530884	0.85496810
26.05915070	0.04846599
26.08299255	0.11230430
26.10683441	0.13192920
26.13067627	0.10315020
26.15451813	0.02453740
26.17835999	0.10325610
26.20220184	0.09323974
26.22604370	0.03860762
26.24988556	0.02483107
26.27372742	0.02648393
26.29756927	0.08754476
26.32141113	0.18435160
26.34525299	0.25508700
26.36909485	0.22070910
26.39293671	0.21138580
26.41677856	0.08237668
26.44062042	0.04635358
26.46446228	0.06920192
26.48830414	0.07814955
26.51214600	0.06717455
26.53598785	0.06039716
26.55982971	0.12413960
26.58367157	0.15392510
26.60751343	0.22466750
26.63135529	0.17132960
26.65519714	0.05043250
26.67903900	0.04630604
26.70288086	0.11052290
26.72672272	0.13739110
26.75056458	0.12419370
26.77440643	0.09378996
26.79824829	0.05377630
26.82209015	0.03767772
26.84593201	0.06683483
26.86977386	0.06449238
26.89361572	0.07413737
26.91745758	0.09611641
26.94129944	0.16538670
26.96514130	0.87653400
26.98898315	2.67888400
27.01282501	2.68756300
27.03666687	0.85558580
27.06050873	0.05864477
27.08435059	0.11863240
27.10819244	0.10682740
27.13203430	0.08424734
27.15587616	0.01877742
27.17971802	0.09617016
27.20355988	0.07970627
27.22740173	0.03053512
27.25124359	0.00477628
27.27508545	0.04206501
27.29892731	0.14373050
27.32276917	0.21072150
27.34661102	0.22829610
27.37045288	0.22826870
27.39429474	0.22818680
27.41813660	0.08395825
27.44197845	0.06002661
27.46582031	0.07190173
27.48966217	0.05787573
27.51350403	0.04163481
27.53734589	0.05988583
27.56118774	0.12177100
27.58502960	0.14147290
27.60887146	0.24240840
27.63271332	0.20896250
27.65655518	0.09906781
27.68039703	0.11142430
27.70423889	0.14445150
27.72808075	0.11573540
27.75192261	0.09394087
27.77576447	0.07305676
27.79960632	0.04944887
27.82344818	0.02660017
27.84729004	0.06188002
27.87113190	0.05532442
27.89497375	0.07600501
27.91881561	0.11169140
27.94265747	0.14301010
27.96649933	1.02998200
27.99034119	2.93404300
28.01418304	2.77870300
28.03802490	0.82793990
28.06186676	0.07297082
28.08570862	0.13791640
28.10955048	0.10957670
28.13339233	0.08183837
28.15723419	0.02273309
28.18107605	0.07412378
28.20491791	0.06764641
28.22875977	0.02690629
28.25260162	0.02896595
28.27644348	0.07331249
28.30028534	0.18766940
28.32412720	0.22741870
28.34796906	0.21504930
28.37181091	0.25981510
28.39565277	0.24362580
28.41949463	0.07008296
28.44333649	0.06888314
28.46717834	0.07593492
28.49102020	0.05766159
28.51486206	0.04943065
28.53870392	0.08252428
28.56254578	0.11096050
28.58638763	0.12747560
28.61022949	0.28232370
28.63407135	0.25931240
28.65791321	0.15158450
28.68175507	0.17406870
28.70559692	0.16208290
28.72943878	0.10684490
28.75328064	0.08379611
28.77712250	0.06996090
28.80096436	0.04743816
28.82480621	0.02444330
28.84864807	0.05560987
28.87248993	0.05130775
28.89633179	0.09232092
28.92017365	0.14732970
28.94401550	0.16952030
28.96785736	1.18407200
28.99169922	3.11196900
29.01554108	2.78742400
29.03938293	0.77615240
29.06322479	0.08353177
29.08706665	0.12581860
29.11090851	0.08769834
29.13475037	0.06260869
29.15859222	0.01305249
29.18243408	0.06302941
29.20627594	0.05272100
29.23011780	0.02917543
29.25395966	0.05751994
29.27780151	0.09808277
29.30164337	0.20701110
29.32548523	0.21908730
29.34932709	0.18075940
29.37316895	0.25591560
29.39701080	0.23755900
29.42085266	0.06968848
29.44469452	0.08501546
29.46853638	0.07736360
29.49237823	0.05304040
29.51622009	0.05211733
29.54006195	0.07845336
29.56390381	0.09027676
29.58774567	0.12733140
29.61158752	0.28570880
29.63542938	0.28193920
29.65927124	0.20666860
29.68311310	0.22163580
29.70695496	0.17133990
29.73079681	0.10794820
29.75463867	0.07901423
29.77848053	0.05108565
29.80232239	0.06343545
29.82616425	0.03801712
29.85000610	0.04132241
29.87384796	0.05113862
29.89768982	0.07177230
29.92153168	0.13964350
29.94537354	0.52724490
29.96921539	5.90160900
29.99305725	14.33014000
30.01689911	12.02843000
30.04074097	3.16870300
30.06458282	0.07240734
30.08842468	0.13013700
30.11226654	0.09707376
30.13610840	0.05704525
30.15995026	0.04241411
30.18379211	0.02044292
30.20763397	0.03419944
30.23147583	0.04821530
30.25531769	0.07474376
30.27915955	0.10683430
30.30300140	0.21525270
30.32684326	0.18252890
30.35068512	0.14869000
30.37452698	0.26112900
30.39836884	0.23019340
30.42221069	0.08216889
30.44605255	0.11021610
30.46989441	0.07601402
30.49373627	0.03409182
30.51757813	0.05276775
30.54141998	0.08507755
30.56526184	0.08626307
30.58910370	0.13098320
30.61294556	0.30120920
30.63678741	0.29532720
30.66062927	0.22677730
30.68447113	0.22397820
30.70831299	0.16033210
30.73215485	0.06333897
30.75599670	0.05467432
30.77983856	0.05560932
30.80368042	0.06198517
30.82752228	0.04329269
30.85136414	0.06072569
30.87520599	0.08591369
30.89904785	0.12026100
30.92288971	0.15585050
30.94673157	0.20555690
30.97057343	1.35557000
30.99441528	3.06922900
31.01825714	2.45141900
31.04209900	0.59595080
31.06594086	0.08915952
31.08978271	0.10853280
31.11362457	0.05292332
31.13746643	0.04067237
31.16130829	0.04087887
31.18515015	0.02152878
31.20899200	0.04053493
31.23283386	0.05788083
31.25667572	0.11568480
31.28051758	0.15217850
31.30435944	0.22995860
31.32820129	0.17488310
31.35204315	0.15267180
31.37588501	0.25857370
31.39972687	0.21399940
31.42356873	0.10514100
31.44741058	0.10714200
31.47125244	0.06836279
31.49509430	0.04109501
31.51893616	0.06393588
31.54277802	0.08474004
31.56661987	0.06713828
31.59046173	0.13759470
31.61430359	0.29169440
31.63814545	0.28109270
31.66198730	0.23898570
31.68582916	0.20908160
31.70967102	0.12834210
31.73351288	0.03744321
31.75735474	0.03342550
31.78119659	0.04234599
31.80503845	0.08635991
31.82888031	0.06757436
31.85272217	0.03609271
31.87656403	0.10115360
31.90040588	0.11774580
31.92424774	0.14410600
31.94808960	0.22912830
31.97193146	1.35495600
31.99577332	2.84641600
32.01961517	2.15335400
32.04345703	0.50013310
32.06729889	0.09222963
32.09114075	0.10558630
32.11498260	0.06073300
32.13882446	0.04348698
32.16266632	0.04873949
32.18650818	0.00420956
32.21035004	0.04750913
32.23419189	0.07295424
32.25803375	0.15382870
32.28187561	0.16193390
32.30571747	0.18942840
32.32955933	0.12398800
32.35340118	0.13880610
32.37724304	0.25335550
32.40108490	0.20565050
32.42492676	0.11496870
32.44876862	0.10965750
32.47261047	0.08009940
32.49645233	0.06486356
32.52029419	0.07182685
32.54413605	0.07156623
32.56797791	0.04144287
32.59181976	0.13846000
32.61566162	0.28127210
32.63950348	0.28181820
32.66334534	0.25594660
32.68718719	0.18353810
32.71102905	0.08526952
32.73487091	0.01124417
32.75871277	0.01579842
32.78255463	0.04099505
32.80639648	0.09415998
32.83023834	0.07223924
32.85408020	0.04993586
32.87792206	0.12213720
32.90176392	0.12476880
32.92560577	0.13346630
32.94944763	0.23775210
32.97328949	1.30341200
32.99713135	2.54924800
33.02097321	1.82455800
33.04481506	0.41348990
33.06865692	0.08267891
33.09249878	0.08542083
33.11634064	0.06492745
33.14018250	0.04212522
33.16402435	0.05258884
33.18786621	0.02793204
33.21170807	0.04730617
33.23554993	0.05978741
33.25939178	0.15087720
33.28323364	0.15497290
33.30707550	0.14913200
33.33091736	0.07595020
33.35475922	0.11095170
33.37860107	0.21258660
33.40244293	0.17570610
33.42628479	0.13250680
33.45012665	0.10534520
33.47396851	0.07403629
33.49781036	0.06948600
33.52165222	0.07573394
33.54549408	0.06692813
33.56933594	0.01137364
33.59317780	0.14248890
33.61701965	0.25040550
33.64086151	0.26885610
33.66470337	0.25831760
33.68854523	0.14580080
33.71238708	0.05454022
33.73622894	0.01468663
33.76007080	0.00185131
33.78391266	0.05467749
33.80775452	0.10533570
33.83159637	0.07396918
33.85543823	0.05314086
33.87928009	0.14584500
33.90312195	0.13327320
33.92696381	0.10586290
33.95080566	0.22193320
33.97464752	1.19045900
33.99848938	2.19746200
34.02233124	1.50926900
34.04617310	0.35868500
34.07001495	0.07672049
34.09385681	0.07637320
34.11769867	0.07449007
34.14154053	0.04989711
34.16538239	0.05907429
34.18922424	0.04140534
34.21306610	0.06148464
34.23690796	0.08970516
34.26074982	0.18412010
34.28459167	0.15472750
34.30843353	0.08277448
34.33227539	0.05781015
34.35611725	0.09661101
34.37995911	0.18211630
34.40380096	0.16692320
34.42764282	0.15200750
34.45148468	0.09782733
34.47532654	0.07107941
34.49916840	0.08076616
34.52301025	0.07491121
34.54685211	0.04842458
34.57069397	0.00514265
34.59453583	0.13687340
34.61837769	0.21767520
34.64221954	0.26341330
34.66606140	0.25940060
34.68990326	0.10356200
34.71374512	0.01350122
34.73758698	0.03442068
34.76142883	0.01474683
34.78527069	0.06590971
34.80911255	0.11930040
34.83295441	0.08984261
34.85679626	0.05360562
34.88063812	0.15100930
34.90447998	0.12558480
34.92832184	0.10021240
34.95216370	0.24018060
34.97600555	1.07447000
34.99984741	1.82536200
35.02368927	1.19412300
35.04753113	0.31624250
35.07137299	0.07974218
35.09521484	0.05998073
35.11905670	0.09058203
35.14289856	0.06478731
35.16674042	0.07952159
35.19058228	0.06892458
35.21442413	0.05941476
35.23826599	0.08344594
35.26210785	0.18476560
35.28594971	0.14589260
35.30979156	0.06472398
35.33363342	0.09270029
35.35747528	0.07005341
35.38131714	0.14214240
35.40515900	0.15899710
35.42900085	0.17118410
35.45284271	0.09109118
35.47668457	0.08517661
35.50052643	0.09651481
35.52436829	0.07902851
35.54821014	0.04064313
35.57205200	0.01847047
35.59589386	0.12785780
35.61973572	0.18541530
35.64357758	0.28213500
35.66741943	0.26195730
35.69126129	0.06432357
35.71510315	0.02617681
35.73894501	0.04767172
35.76278687	0.02650733
35.78662872	0.05651242
35.81047058	0.10084390
35.83431244	0.07903082
35.85815430	0.07093662
35.88199615	0.15389820
35.90583801	0.11723820
35.92967987	0.06789003
35.95352173	0.20608050
35.97736359	0.88643530
36.00120544	1.41371500
36.02504730	0.90890970
36.04888916	0.30161660
36.07273102	0.07485287
36.09657288	0.05764269
36.12041473	0.09794588
36.14425659	0.07410821
36.16809845	0.07791778
36.19194031	0.06851594
36.21578217	0.05357764
36.23962402	0.07727315
36.26346588	0.18386240
36.28730774	0.17625000
36.31114960	0.16361040
36.33499146	0.15011640
36.35883331	0.06108285
36.38267517	0.10797940
36.40651703	0.15466100
36.43035889	0.17640510
36.45420074	0.08511524
36.47804260	0.09817484
36.50188446	0.10719740
36.52572632	0.07237997
36.54956818	0.02077797
36.57341003	0.03005668
36.59725189	0.10494130
36.62109375	0.13567840
36.64493561	0.27805110
36.66877747	0.24490340
36.69261932	0.06237886
36.71646118	0.06039336
36.74030304	0.05662156
36.76414490	0.01764650
36.78798676	0.08382252
36.81182861	0.11267370
36.83567047	0.07635799
36.85951233	0.07557787
36.88335419	0.15379400
36.90719604	0.10970120
36.93103790	0.06419098
36.95487976	0.18823690
36.97872162	0.69107410
37.00256348	1.01484100
37.02640533	0.66007360
37.05024719	0.30188300
37.07408905	0.08115461
37.09793091	0.06572028
37.12177277	0.10558640
37.14561462	0.06788369
37.16945648	0.07772840
37.19329834	0.08165921
37.21714020	0.05630812
37.24098206	0.06834698
37.26482391	0.17052690
37.28866577	0.21980480
37.31250763	0.27812510
37.33634949	0.21951630
37.36019135	0.07325197
37.38403320	0.05788966
37.40787506	0.15075430
37.43171692	0.17568940
37.45555878	0.07097206
37.47940063	0.09249385
37.50324249	0.10611360
37.52708435	0.06393190
37.55092621	0.01081098
37.57476807	0.03846776
37.59860992	0.08261468
37.62245178	0.11454420
37.64629364	0.28211790
37.67013550	0.23140780
37.69397736	0.09496487
37.71781921	0.07814823
37.74166107	0.05342297
37.76550293	0.03335292
37.78934479	0.07726479
37.81318665	0.10441100
37.83702850	0.08667208
37.86087036	0.08406721
37.88471222	0.15140480
37.90855408	0.10794090
37.93239594	0.07904832
37.95623779	0.16725730
37.98007965	0.48455960
38.00392151	0.65250160
38.02776337	0.48187440
38.05160522	0.29820660
38.07544708	0.07871206
38.09928894	0.06257316
38.12313080	0.09335656
38.14697266	0.06250373
38.17081451	0.06441916
38.19465637	0.06968982
38.21849823	0.02989710
38.24234009	0.06240656
38.26618195	0.16831250
38.29002380	0.31303260
38.31386566	0.40599100
38.33770752	0.27079810
38.36154938	0.09418042
38.38539124	0.05616348
38.40923309	0.15858040
38.43307495	0.17263370
38.45691681	0.07142015
38.48075867	0.11180370
38.50460052	0.11528970
38.52844238	0.06193447
38.55228424	0.00417967
38.57612610	0.03508680
38.59996796	0.05030200
38.62380981	0.11903000
38.64765167	0.30301980
38.67149353	0.23971040
38.69533539	0.14257400
38.71917725	0.09959441
38.74301910	0.04010822
38.76686096	0.04050457
38.79070282	0.09323477
38.81454468	0.11252240
38.83838654	0.09248647
38.86222839	0.08558582
38.88607025	0.13306420
38.90991211	0.12021390
38.93375397	0.11035110
38.95759583	0.15004100
38.98143768	0.28212610
39.00527954	0.34086560
39.02912140	0.34981260
39.05296326	0.28001630
39.07680511	0.07315307
39.10064697	0.07006924
39.12448883	0.09632831
39.14833069	0.06469335
39.17217255	0.05201897
39.19601440	0.06708880
39.21985626	0.03312159
39.24369812	0.05228268
39.26753998	0.17132080
39.29138184	0.41721130
39.31522369	0.51709110
39.33906555	0.30250510
39.36290741	0.11007660
39.38674927	0.07825276
39.41059113	0.16432180
39.43443298	0.16975160
39.45827484	0.05914651
39.48211670	0.09518457
39.50595856	0.09374022
39.52980042	0.03700867
39.55364227	0.01591509
39.57748413	0.02503067
39.60132599	0.01261685
39.62516785	0.12821490
39.64900970	0.29805640
39.67285156	0.25898390
39.69669342	0.19205310
39.72053528	0.10282710
39.74437714	0.04212267
39.76821899	0.05130655
39.79206085	0.08288890
39.81590271	0.08995318
39.83974457	0.08194996
39.86358643	0.10006740
39.88742828	0.12829340
39.91127014	0.14835910
39.93511200	0.14961050
39.95895386	0.12250050
39.98279572	0.11406530
40.00663757	0.15099870
40.03047943	0.30682250
40.05432129	0.28158180
40.07816315	0.07463126
40.10200500	0.06269536
40.12584686	0.08903462
40.14968872	0.06392684
40.17353058	0.03988939
40.19737244	0.05737922
40.22121429	0.04552529
40.24505615	0.04730609
40.26889801	0.18008870
40.29273987	0.51790290
40.31658173	0.60142030
40.34042358	0.30438150
40.36426544	0.11671400
40.38810730	0.10234590
40.41194916	0.17256580
40.43579102	0.16529360
40.45963287	0.06568622
40.48347473	0.11125480
40.50731659	0.10447560
40.53115845	0.03801984
40.55500031	0.02531055
40.57884216	0.02197113
40.60268402	0.02165535
40.62652588	0.14190300
40.65036774	0.26700460
40.67420959	0.21622120
40.69805145	0.22057050
40.72189331	0.10953650
40.74573517	0.02089676
40.76957703	0.05579427
40.79341888	0.07504187
40.81726074	0.07590979
40.84110260	0.09673560
40.86494446	0.11694260
40.88878632	0.12471720
40.91262817	0.17010260
40.93647003	0.17748540
40.96031189	0.12759520
40.98415375	0.13322120
41.00799561	0.19780080
41.03183746	0.27273810
41.05567932	0.24461210
41.07952118	0.05516456
41.10336304	0.05888046
41.12720490	0.06764295
41.15104675	0.05248731
41.17488861	0.03585777
41.19873047	0.05630612
41.22257233	0.06316189
41.24641418	0.05069591
41.27025604	0.19833900
41.29409790	0.60965650
41.31793976	0.67012110
41.34178162	0.30330410
41.36562347	0.12110730
41.38946533	0.12921290
41.41330719	0.15648890
41.43714905	0.13837740
41.46099091	0.06447335
41.48483276	0.09993725
41.50867462	0.09497251
41.53251648	0.03929604
41.55635834	0.03278603
41.58020020	0.01879973
41.60404205	0.05539512
41.62788391	0.14319480
41.65172577	0.23596890
41.67556763	0.21338760
41.69940948	0.24523690
41.72325134	0.10772280
41.74709320	0.01915771
41.77093506	0.04863586
41.79477692	0.05931471
41.81861877	0.05565618
41.84246063	0.08787123
41.86630249	0.10765530
41.89014435	0.09921109
41.91398621	0.20028310
41.93782806	0.19373220
41.96166992	0.11954190
41.98551178	0.23664780
42.00935364	0.30241910
42.03319550	0.25897150
42.05703735	0.21692900
42.08087921	0.04692806
42.10472107	0.04159320
42.12856293	0.04198441
42.15240479	0.03598244
42.17624664	0.02305691
42.20008850	0.06109199
42.22393036	0.09075894
42.24777222	0.05167717
42.27161407	0.22631080
42.29545593	0.69288850
42.31929779	0.71258810
42.34313965	0.28469350
42.36698151	0.11230740
42.39082336	0.13726610
42.41466522	0.14417240
42.43850708	0.11875260
42.46234894	0.06614518
42.48619080	0.09847075
42.51003265	0.09475248
42.53387451	0.05591437
42.55771637	0.04685301
42.58155823	0.02023209
42.60540009	0.08410116
42.62924194	0.14730920
42.65308380	0.20069360
42.67692566	0.21240460
42.70076752	0.25933070
42.72460938	0.09953427
42.74845123	0.03869272
42.77229309	0.04997274
42.79613495	0.04396661
42.81997681	0.05012151
42.84381866	0.09508970
42.86766052	0.11222050
42.89150238	0.10167650
42.91534424	0.22163920
42.93918610	0.20952820
42.96302795	0.15147850
42.98686981	0.33108330
43.01071167	0.37231950
43.03455353	0.23375310
43.05839539	0.17266300
43.08223724	0.03802749
43.10607910	0.01295929
43.12992096	0.01556689
43.15376282	0.02991145
43.17760468	0.01618545
43.20144653	0.06657092
43.22528839	0.11594380
43.24913025	0.06121953
43.27297211	0.25630880
43.29681396	0.75079720
43.32065582	0.71502040
43.34449768	0.25379550
43.36833954	0.10932140
43.39218140	0.14446330
43.41602325	0.12755050
43.43986511	0.09943018
43.46370697	0.06744488
43.48754883	0.07715498
43.51139069	0.07780929
43.53523254	0.06426001
43.55907440	0.05999235
43.58291626	0.04781102
43.60675812	0.10511140
43.63059998	0.13136230
43.65444183	0.15667170
43.67828369	0.22762810
43.70212555	0.27191040
43.72596741	0.09249335
43.74980927	0.05406018
43.77365112	0.04667087
43.79749298	0.03149569
43.82133484	0.05696139
43.84517670	0.10910880
43.86901855	0.10793860
43.89286041	0.09424820
43.91670227	0.23116750
43.94054413	0.20669900
43.96438599	0.17834030
43.98822784	0.37818660
44.01206970	0.38247280
44.03591156	0.20456810
44.05975342	0.13110720
44.08359528	0.02411693
44.10743713	0.01398414
44.13127899	0.01622378
44.15512085	0.03523815
44.17896271	0.05120447
44.20280457	0.09466625
44.22664642	0.13256810
44.25048828	0.06883357
44.27433014	0.27671250
44.29817200	0.78147110
44.32201385	0.69599540
44.34585571	0.24388570
44.36969757	0.11689990
44.39353943	0.14211000
44.41738129	0.10456510
44.44122314	0.08976418
44.46506500	0.08546825
44.48890686	0.05978008
44.51274872	0.07019583
44.53659058	0.07209965
44.56043243	0.06977189
44.58427429	0.07149671
44.60811615	0.11753190
44.63195801	0.12460670
44.65579987	0.12767550
44.67964172	0.23740400
44.70348358	0.27048530
44.72732544	0.10446920
44.75116730	0.07807553
44.77500916	0.04418226
44.79885101	0.02247268
44.82269287	0.05502680
44.84653473	0.10367620
44.87037659	0.10055010
44.89421844	0.09335817
44.91806030	0.23679220
44.94190216	0.20518810
44.96574402	0.20530510
44.98958588	0.39508320
45.01342773	0.36142700
45.03726959	0.15395130
45.06111145	0.09357136
45.08495331	0.04197844
45.10879517	0.03286580
45.13263702	0.02696397
45.15647888	0.03606542
45.18032074	0.05828677
45.20416260	0.08938439
45.22800446	0.13656760
45.25184631	0.06836411
45.27568817	0.29418700
45.29953003	0.78107090
45.32337189	0.64421440
45.34721375	0.25667230
45.37105560	0.13729750
45.39489746	0.12817070
45.41873932	0.07620872
45.44258118	0.07604936
45.46642303	0.09550025
45.49026489	0.05388450
45.51410675	0.08160585
45.53794861	0.09933731
45.56179047	0.08715426
45.58563232	0.06641607
45.60947418	0.10291170
45.63331604	0.08492187
45.65715790	0.07483577
45.68099976	0.22694640
45.70484161	0.25000970
45.72868347	0.10810990
45.75252533	0.08823696
45.77636719	0.04308705
45.80020905	0.03570064
45.82405090	0.07472774
45.84789276	0.10574590
45.87173462	0.09516313
45.89557648	0.10323220
45.91941833	0.22605680
45.94326019	0.18558450
45.96710205	0.22159230
45.99094391	0.36219640
46.01478577	0.29777690
46.03862762	0.10586010
46.06246948	0.06307270
46.08631134	0.04676247
46.11015320	0.04819303
46.13399506	0.04296867
46.15783691	0.04172562
46.18167877	0.07489379
46.20552063	0.09319317
46.22936249	0.13145580
46.25320435	0.05858785
46.27704620	0.30562950
46.30088806	0.75746420
46.32472992	0.58871170
46.34857178	0.32947160
46.37241364	0.17225980
46.39625549	0.10178010
46.42009735	0.05957032
46.44393921	0.07296326
46.46778107	0.09444184
46.49162292	0.03550270
46.51546478	0.06925527
46.53930664	0.09284789
46.56314850	0.07242582
46.58699036	0.06745522
46.61083221	0.10723330
46.63467407	0.06572671
46.65851593	0.08238255
46.68235779	0.25093690
46.70619965	0.24026690
46.73004150	0.13523320
46.75388336	0.11103520
46.77772522	0.03954130
46.80156708	0.04001307
46.82540894	0.07935391
46.84925079	0.09979701
46.87309265	0.07267734
46.89693451	0.11096590
46.92077637	0.22092780
46.94461823	0.18818280
46.96846008	0.24549080
46.99230194	0.32756180
47.01614380	0.24492190
47.03998566	0.07658772
47.06382751	0.05343374
47.08766937	0.06829947
47.11151123	0.08462568
47.13535309	0.07427700
47.15919495	0.03015660
47.18303680	0.08683775
47.20687866	0.10453310
47.23072052	0.12770590
47.25456238	0.05501984
47.27840424	0.29413180
47.30224609	0.69464920
47.32608795	0.52411930
47.34992981	0.42241660
47.37377167	0.22241690
47.39761353	0.09747016
47.42145538	0.07397931
47.44529724	0.08291164
47.46913910	0.09910603
47.49298096	0.02435273
47.51682281	0.07491616
47.54066467	0.09902060
47.56450653	0.08089954
47.58834839	0.07928082
47.61219025	0.09891687
47.63603210	0.06660447
47.65987396	0.13100960
47.68371582	0.26590070
47.70755768	0.22879130
47.73139954	0.15639730
47.75524139	0.10855050
47.77908325	0.03241191
47.80292511	0.05007800
47.82676697	0.07244101
47.85060883	0.08254189
47.87445068	0.05931122
47.89829254	0.11046580
47.92213440	0.20111850
47.94597626	0.19737960
47.96981812	0.25891750
47.99365997	0.26465620
48.01750183	0.17360500
48.04134369	0.05840324
48.06518555	0.05449316
48.08902740	0.07785854
48.11286926	0.08921853
48.13671112	0.07169947
48.16055298	0.02279684
48.18439484	0.09117627
48.20823669	0.09686411
48.23207855	0.10603370
48.25592041	0.05931376
48.27976227	0.28426030
48.30360413	0.62012170
48.32744598	0.48180610
48.35128784	0.51978860
48.37512970	0.25689810
48.39897156	0.06956610
48.42281342	0.08697072
48.44665527	0.09057225
48.47049713	0.09809740
48.49433899	0.02477229
48.51818085	0.07305230
48.54202271	0.09884913
48.56586456	0.08346574
48.58970642	0.05850860
48.61354828	0.05819587
48.63739014	0.10440390
48.66123199	0.19585190
48.68507385	0.26058760
48.70891571	0.20722050
48.73275757	0.17798850
48.75659943	0.11130090
48.78044128	0.05267989
48.80428314	0.06772450
