Частота	A * B
(kГц)	(?)

0.00000000	2.30838300
0.02384186	0.89246020
0.04768372	0.03179299
0.07152557	0.05602578
0.09536743	0.11802840
0.11920929	0.18606600
0.14305115	0.08890589
0.16689301	0.07911194
0.19073486	0.09014536
0.21457672	0.06732245
0.23841858	0.08258671
0.26226044	0.04045098
0.28610229	0.27212370
0.30994415	0.47746730
0.33378601	0.30159050
0.35762787	0.16120220
0.38146973	0.07665535
0.40531158	0.14253430
0.42915344	0.16878920
0.45299530	0.12156840
0.47683716	0.07206915
0.50067902	0.01152324
0.52452087	0.06200532
0.54836273	0.13470380
0.57220459	0.18098130
0.59604645	0.12133020
0.61988831	0.06172635
0.64373016	0.18681630
0.66757202	0.39709310
0.69141388	0.61442740
0.71525574	0.36059240
0.73909760	0.04121619
0.76293945	0.08244551
0.78678131	0.07294544
0.81062317	0.08243471
0.83446503	0.05789522
0.85830688	0.09499574
0.88214874	0.19319990
0.90599060	0.11991020
0.92983246	0.07570085
0.95367432	0.11945730
0.97751617	0.15459460
1.00135803	0.19933720
1.02519989	0.10515530
1.04904175	0.14536520
1.07288361	0.03425197
1.09672546	0.13864790
1.12056732	0.19660750
1.14440918	0.09604913
1.16825104	0.08690213
1.19209290	0.07051779
1.21593475	0.04189183
1.23977661	0.07374878
1.26361847	0.04809771
1.28746033	0.20059260
1.31130219	0.37038960
1.33514404	0.22223980
1.35898590	0.11382460
1.38282776	0.09682132
1.40666962	0.15623320
1.43051147	0.16269290
1.45435333	0.12342520
1.47819519	0.08724734
1.50203705	0.03084699
1.52587891	0.05288031
1.54972076	0.13479940
1.57356262	0.17305290
1.59740448	0.09058941
1.62124634	0.07017271
1.64508820	0.21410330
1.66893005	0.45955770
1.69277191	0.69763830
1.71661377	0.41573700
1.74045563	0.06589857
1.76429749	0.05688984
1.78813934	0.06966698
1.81198120	0.07378043
1.83582306	0.04308843
1.85966492	0.09624247
1.88350677	0.17777480
1.90734863	0.11140850
1.93119049	0.07031359
1.95503235	0.07596839
1.97887421	0.28282980
2.00271606	0.37743370
2.02655792	0.17425810
2.05039978	0.14357750
2.07424164	0.02792119
2.09808350	0.14854060
2.12192535	0.18728050
2.14576721	0.09905823
2.16960907	0.10281720
2.19345093	0.06704951
2.21729279	0.02293206
2.24113464	0.06481861
2.26497650	0.08038612
2.28881836	0.11614180
2.31266022	0.24179990
2.33650208	0.11703210
2.36034393	0.09204573
2.38418579	0.14439320
2.40802765	0.16561320
2.43186951	0.13495800
2.45571136	0.11757830
2.47955322	0.10426320
2.50339508	0.05323151
2.52723694	0.04750653
2.55107880	0.13711340
2.57492065	0.16386160
2.59876251	0.05745982
2.62260437	0.08439269
2.64644623	0.22590360
2.67028809	0.53198490
2.69412994	0.78681550
2.71797180	0.44619790
2.74181366	0.05571676
2.76565552	0.07553625
2.78949738	0.07999156
2.81333923	0.05659558
2.83718109	0.02287395
2.86102295	0.10622590
2.88486481	0.17435720
2.90870667	0.11744250
2.93254852	0.08719112
2.95639038	0.04975676
2.98023224	0.38142090
3.00407410	0.51339080
3.02791595	0.22389190
3.05175781	0.11863040
3.07559967	0.02510119
3.09944153	0.14447060
3.12328339	0.16862250
3.14712524	0.09150470
3.17096710	0.09479711
3.19480896	0.04094605
3.21865082	0.02627113
3.24249268	0.07575713
3.26633453	0.12631440
3.29017639	0.03609250
3.31401825	0.12590630
3.33786011	0.01750819
3.36170197	0.12698670
3.38554382	0.18299550
3.40938568	0.15646100
3.43322754	0.09713352
3.45706940	0.11566450
3.48091125	0.11934610
3.50475311	0.07692268
3.52859497	0.04288459
3.55243683	0.12156980
3.57627869	0.13358920
3.60012054	0.03219050
3.62396240	0.07732734
3.64780426	0.21061810
3.67164612	0.59083600
3.69548798	0.85556010
3.71932983	0.47287860
3.74317169	0.05756835
3.76701355	0.07718138
3.79085541	0.07501876
3.81469727	0.03437269
3.83853912	0.02524354
3.86238098	0.10719920
3.88622284	0.15283000
3.91006470	0.13848230
3.93390656	0.13822880
3.95774841	0.07793817
3.98159027	0.45496470
4.00543213	0.60053600
4.02927399	0.25217630
4.05311584	0.09175086
4.07695770	0.04134177
4.10079956	0.14577860
4.12464142	0.14766420
4.14848328	0.09006687
4.17232513	0.07107724
4.19616699	0.00604294
4.22000885	0.04135973
4.24385071	0.07017002
4.26769257	0.16902500
4.29153442	0.07209682
4.31537628	0.03271864
4.33921814	0.09321239
4.36306000	0.19563310
4.38690186	0.21677570
4.41074371	0.14469770
4.43458557	0.07921266
4.45842743	0.11799300
4.48226929	0.12609240
4.50611115	0.09777916
4.52995300	0.04318964
4.55379486	0.10113360
4.57763672	0.10180150
4.60147858	0.01885483
4.62532043	0.09027798
4.64916229	0.20774680
4.67300415	0.62147530
4.69684601	0.86630650
4.72068787	0.46024640
4.74452972	0.05772544
4.76837158	0.06272460
4.79221344	0.06449194
4.81605530	0.02285566
4.83989716	0.04160203
4.86373901	0.10182640
4.88758087	0.13748850
4.91142273	0.13711640
4.93526459	0.14959180
4.95910645	0.16028780
4.98294830	0.49913630
5.00679016	0.61839390
5.03063202	0.23459830
5.05447388	0.07307092
5.07831573	0.04313959
5.10215759	0.13213710
5.12599945	0.13881820
5.14984131	0.12029280
5.17368317	0.08563233
5.19752502	0.01827547
5.22136688	0.04857742
5.24520874	0.09025121
5.26905060	0.20422660
5.29289246	0.12593420
5.31673431	0.06877741
5.34057617	0.16728140
5.36441803	0.25825680
5.38825989	0.25446240
5.41210175	0.14084820
5.43594360	0.07900953
5.45978546	0.12803570
5.48362732	0.12364480
5.50746918	0.10792980
5.53131104	0.04322316
5.55515289	0.07829467
5.57899475	0.07659118
5.60283661	0.03325640
5.62667847	0.07648060
5.65052032	0.19176650
5.67436218	0.64140310
5.69820404	0.86151810
5.72204590	0.44237150
5.74588776	0.06243017
5.76972961	0.04702637
5.79357147	0.04515377
5.81741333	0.02608115
5.84125519	0.05171533
5.86509705	0.07970715
5.88893890	0.10667000
5.91278076	0.13556310
5.93662262	0.18533520
5.96046448	0.23204650
5.98430634	0.50092690
6.00814819	0.59759600
6.03199005	0.22007310
6.05583191	0.04508813
6.07967377	0.03981888
6.10351563	0.11220380
6.12735748	0.12121900
6.15119934	0.10836650
6.17504120	0.04806075
6.19888306	0.04988009
6.22272491	0.06424227
6.24656677	0.08966239
6.27040863	0.23545220
6.29425049	0.18207320
6.31809235	0.14766000
6.34193420	0.25435290
6.36577606	0.31783040
6.38961792	0.26001240
6.41345978	0.10144830
6.43730164	0.06474361
6.46114349	0.10371070
6.48498535	0.11168460
6.50882721	0.11810230
6.53266907	0.04485181
6.55651093	0.05438323
6.58035278	0.04099860
6.60419464	0.05383439
6.62803650	0.08263024
6.65187836	0.19232980
6.67572021	0.64732410
6.69956207	0.82756650
6.72340393	0.41241130
6.74724579	0.07293414
6.77108765	0.03028058
6.79492950	0.03418295
6.81877136	0.03322851
6.84261322	0.05591027
6.86645508	0.07281332
6.89029694	0.09399299
6.91413879	0.14365190
6.93798065	0.24801000
6.96182251	0.31815590
6.98566437	0.44465460
7.00950623	0.49408610
7.03334808	0.16755970
7.05718994	0.02053318
7.08103180	0.02043011
7.10487366	0.08518139
7.12871552	0.10834790
7.15255737	0.12362220
7.17639923	0.06847467
7.20024109	0.06964091
7.22408295	0.05769598
7.24792480	0.11722380
7.27176666	0.26635270
7.29560852	0.22812850
7.31945038	0.21017290
7.34329224	0.30917570
7.36713409	0.34663530
7.39097595	0.25781070
7.41481781	0.07223981
7.43865967	0.07278593
7.46250153	0.10032890
7.48634338	0.10805020
7.51018524	0.12200300
7.53402710	0.04180214
7.55786896	0.03154867
7.58171082	0.03074897
7.60555267	0.05105467
7.62939453	0.07554332
7.65323639	0.19529650
7.67707825	0.62625530
7.70092010	0.75027770
7.72476196	0.35327400
7.74860382	0.07889532
7.77244568	0.00344320
7.79628754	0.03068838
7.82012939	0.04298301
7.84397125	0.04684174
7.86781311	0.04793983
7.89165497	0.06913606
7.91549683	0.13723360
7.93933868	0.30287020
7.96318054	0.39651550
7.98702240	0.35810930
8.01086426	0.35036290
8.03470612	0.11190940
8.05854797	0.00757668
8.08238983	0.01038417
8.10623169	0.05789329
8.13007355	0.10168000
8.15391541	0.12117630
8.17775726	0.06148107
8.20159912	0.09222928
8.22544098	0.06047457
8.24928284	0.13130220
8.27312469	0.26904230
8.29696655	0.23059370
8.32080841	0.23121650
8.34465027	0.33823960
8.36849213	0.35919330
8.39233398	0.23944840
8.41617584	0.03772368
8.44001770	0.08257482
8.46385956	0.08569126
8.48770142	0.10900840
8.51154327	0.12575890
8.53538513	0.04926318
8.55922699	0.02082763
8.58306885	0.01889661
8.60691071	0.04624406
8.63075256	0.06927979
8.65459442	0.19739610
8.67843628	0.57434360
8.70227814	0.64799700
8.72612000	0.29944220
8.74996185	0.08329615
8.77380371	0.01863922
8.79764557	0.04537075
8.82148743	0.05711202
8.84532928	0.04896362
8.86917114	0.01950824
8.89301300	0.04981807
8.91685486	0.15299030
8.94069672	0.37824990
8.96453857	0.47549570
8.98838043	0.27007910
9.01222229	0.18288980
9.03606415	0.06847337
9.05990601	0.00717314
9.08374786	0.03259726
9.10758972	0.02107089
9.13143158	0.09132636
9.15527344	0.12081460
9.17911530	0.08248810
9.20295715	0.10505890
9.22679901	0.04887395
9.25064087	0.15602430
9.27448273	0.28162110
9.29832458	0.23564690
9.32216644	0.23691000
9.34600830	0.33530580
9.36985016	0.36407280
9.39369202	0.24173820
9.41753387	0.02645724
9.44137573	0.09545807
9.46521759	0.07719938
9.48905945	0.11037990
9.51290131	0.12807480
9.53674316	0.08029685
9.56058502	0.04195771
9.58442688	0.02045252
9.60826874	0.02898195
9.63211060	0.06610072
9.65595245	0.21098370
9.67979431	0.52106880
9.70363617	0.55125300
9.72747803	0.26890080
9.75131989	0.11537670
9.77516174	0.06051884
9.79900360	0.06462284
9.82284546	0.06515080
9.84668732	0.04673564
9.87052917	0.02891605
9.89437103	0.02870614
9.91821289	0.16835740
9.94205475	0.44550390
9.96589661	0.55281370
9.98973846	0.28086500
10.01358032	0.09000005
10.03742218	0.07598083
10.06126404	0.01804819
10.08510590	0.06026386
10.10894775	0.01673327
10.13278961	0.08792936
10.15663147	0.12374260
10.18047333	0.09901247
10.20431519	0.10536860
10.22815704	0.04298098
10.25199890	0.16782140
10.27584076	0.27040150
10.29968262	0.20814840
10.32352448	0.19127970
10.34736633	0.27392870
10.37120819	0.32244320
10.39505005	0.21712600
10.41889191	0.02236657
10.44273376	0.08141761
10.46657562	0.04193135
10.49041748	0.11110370
10.51425934	0.12517050
10.53810120	0.10220830
10.56194305	0.06963535
10.58578491	0.03458244
10.60962677	0.02286038
10.63346863	0.07735032
10.65731049	0.22529450
10.68115234	0.44670150
10.70499420	0.43024300
10.72883606	0.21410040
10.75267792	0.10668950
10.77651978	0.08085919
10.80036163	0.07125428
10.82420349	0.04973238
10.84804535	0.03968668
10.87188721	0.04491526
10.89572906	0.01396694
10.91957092	0.16127380
10.94341278	0.47324000
10.96725464	0.60856570
10.99109650	0.40234550
11.01493835	0.22432440
11.03878021	0.09548555
11.06262207	0.04668747
11.08646393	0.10233210
11.11030579	0.03986361
11.13414764	0.07932493
11.15798950	0.12353390
11.18183136	0.12386980
11.20567322	0.10144450
11.22951508	0.04238570
11.25335693	0.17332810
11.27719879	0.23410210
11.30104065	0.15618840
11.32488251	0.12290160
11.34872437	0.18781810
11.37256622	0.25883770
11.39640808	0.17169680
11.42024994	0.02059655
11.44409180	0.06996126
11.46793365	0.03167241
11.49177551	0.12981570
11.51561737	0.13220950
11.53945923	0.12611880
11.56330109	0.07503700
11.58714294	0.03213143
11.61098480	0.02225693
11.63482666	0.08562165
11.65866852	0.23231250
11.68251038	0.36170720
11.70635223	0.32060570
11.73019409	0.18136930
11.75403595	0.12263030
11.77787781	0.10868580
11.80171967	0.07202745
11.82556152	0.02949385
11.84940338	0.03435573
11.87324524	0.05752207
11.89708710	0.01656911
11.92092896	0.16672760
11.94477081	0.50765500
11.96861267	0.66439270
11.99245453	0.56313130
12.01629639	0.40036520
12.04013824	0.17107650
12.06398010	0.03271224
12.08782196	0.12514960
12.11166382	0.06738106
12.13550568	0.06924648
12.15934753	0.11162390
12.18318939	0.12030820
12.20703125	0.09291596
12.23087311	0.06452376
12.25471497	0.17899170
12.27855682	0.21124670
12.30239868	0.12265310
12.32624054	0.04556907
12.35008240	0.07654943
12.37392426	0.19831580
12.39776611	0.16082550
12.42160797	0.01920531
12.44544983	0.04646165
12.46929169	0.03370448
12.49313354	0.11118550
12.51697540	0.11834860
12.54081726	0.14867910
12.56465912	0.08717663
12.58850098	0.03245241
12.61234283	0.03607369
12.63618469	0.09963992
12.66002655	0.23598260
12.68386841	0.25891110
12.70771027	0.19950540
12.73155212	0.14626300
12.75539398	0.13245040
12.77923584	0.13169040
12.80307770	0.07370359
12.82691956	0.03156529
12.85076141	0.06456377
12.87460327	0.07774732
12.89844513	0.02115427
12.92228699	0.17773580
12.94612885	0.51991620
12.96997070	0.70100430
12.99381256	0.70745210
13.01765442	0.48653390
13.04149628	0.11602320
13.06533813	0.10683260
13.08917999	0.16259100
13.11302185	0.08358635
13.13686371	0.06021784
13.16070557	0.10868520
13.18454742	0.12172950
13.20838928	0.08775480
13.23223114	0.09071439
13.25607300	0.18142430
13.27991486	0.18501130
13.30375671	0.07659246
13.32759857	0.07689863
13.35144043	0.08191542
13.37528229	0.11410100
13.39912415	0.13611780
13.42296600	0.01858534
13.44680786	0.02039289
13.47064972	0.05227733
13.49449158	0.11275740
13.51833344	0.12363620
13.54217529	0.15923540
13.56601715	0.07550234
13.58985901	0.05729158
13.61370087	0.06724487
13.63754272	0.09789604
13.66138458	0.21621260
13.68522644	0.15909430
13.70906830	0.09779467
13.73291016	0.10576470
13.75675201	0.14649330
13.78059387	0.15111540
13.80443573	0.06489544
13.82827759	0.03289559
13.85211945	0.07566736
13.87596130	0.08137621
13.89980316	0.02637790
13.92364502	0.17297380
13.94748688	0.51221930
13.97132874	0.72354880
13.99517059	0.82089850
14.01901245	0.55667040
14.04285431	0.10498950
14.06669617	0.14385890
14.09053802	0.18719670
14.11437988	0.09423341
14.13822174	0.03768945
14.16206360	0.08973920
14.18590546	0.10650280
14.20974731	0.08881015
14.23358917	0.11532420
14.25743103	0.16531040
14.28127289	0.14616730
14.30511475	0.05285371
14.32895660	0.22909230
14.35279846	0.26207900
14.37664032	0.04049945
14.40048218	0.09290491
14.42432404	0.02607812
14.44816589	0.01063445
14.47200775	0.07158887
14.49584961	0.10953760
14.51969147	0.12459450
14.54353333	0.17931810
14.56737518	0.08713249
14.59121704	0.05222063
14.61505890	0.06907437
14.63890076	0.12277970
14.66274261	0.21618370
14.68658447	0.07781058
14.71042633	0.07179157
14.73426819	0.10383280
14.75811005	0.15506280
14.78195190	0.15407800
14.80579376	0.04481864
14.82963562	0.04422019
14.85347748	0.08382588
14.87731934	0.09333517
14.90116119	0.04715057
14.92500305	0.16038850
14.94884491	0.48399930
14.97268677	0.71540310
14.99652863	0.85727040
15.02037048	0.55708280
15.04421234	0.08130118
15.06805420	0.16651440
15.09189606	0.19689890
15.11573792	0.10039870
15.13957977	0.01993492
15.16342163	0.07703960
15.18726349	0.10046710
15.21110535	0.09092887
15.23494720	0.12794270
15.25878906	0.14595850
15.28263092	0.11827900
15.30647278	0.09945200
15.33031464	0.40744800
15.35415649	0.45427710
15.37799835	0.09830756
15.40184021	0.08312559
15.42568207	0.03028885
15.44952393	0.02331360
15.47336578	0.08086181
15.49720764	0.09156761
15.52104950	0.13173800
15.54489136	0.17255990
15.56873322	0.05178265
15.59257507	0.08451608
15.61641693	0.07883175
15.64025879	0.13531030
15.66410065	0.18549770
15.68794250	0.02741315
15.71178436	0.08688772
15.73562622	0.07503121
15.75946808	0.17065360
15.78330994	0.16396450
15.80715179	0.04881719
15.83099365	0.07263551
15.85483551	0.10056900
15.87867737	0.11745590
15.90251923	0.08621049
15.92636108	0.11788040
15.95020294	0.43844160
15.97404480	0.67763890
15.99788666	0.82102490
16.02172852	0.51366540
16.04557037	0.07600349
16.06941223	0.20029630
16.09325409	0.21814940
16.11709595	0.11639370
16.14093781	0.01060447
16.16477966	0.06279197
16.18862152	0.09754756
16.21246338	0.11394530
16.23630524	0.14144380
16.26014709	0.12617710
16.28398895	0.10425820
16.30783081	0.15630580
16.33167267	0.58264850
16.35551453	0.64129980
16.37935638	0.17614130
16.40319824	0.07914261
16.42704010	0.05000732
16.45088196	0.05045812
16.47472382	0.08744442
16.49856567	0.08249151
16.52240753	0.13943800
16.54624939	0.16806320
16.57009125	0.04407392
16.59393311	0.09579578
16.61777496	0.07122717
16.64161682	0.15281000
16.66545868	0.16917030
16.68930054	0.08241374
16.71314240	0.10047920
16.73698425	0.06786941
16.76082611	0.18516190
16.78466797	0.16138300
16.80850983	0.05353182
16.83235168	0.08335292
16.85619354	0.08369833
16.88003540	0.08504896
16.90387726	0.06684122
16.92771912	0.09934501
16.95156097	0.37044380
16.97540283	0.58927840
16.99924469	0.71314530
17.02308655	0.41679290
17.04692841	0.07414363
17.07077026	0.21306340
17.09461212	0.20539670
17.11845398	0.11036590
17.14229584	0.02733405
17.16613770	0.03722754
17.18997955	0.08668180
17.21382141	0.12679450
17.23766327	0.13633430
17.26150513	0.08298654
17.28534698	0.08473212
17.30918884	0.23724720
17.33303070	0.77082510
17.35687256	0.81437770
17.38071442	0.24796540
17.40455627	0.05816612
17.42839813	0.05886965
17.45223999	0.06864110
17.47608185	0.08218326
17.49992371	0.05913258
17.52376556	0.14373440
17.54760742	0.16215880
17.57144928	0.04317855
17.59529114	0.09584802
17.61913300	0.06109764
17.64297485	0.17065070
17.66681671	0.13652120
17.69065857	0.12044920
17.71450043	0.11261320
17.73834229	0.06172205
17.76218414	0.20477720
17.78602600	0.15683950
17.80986786	0.05651216
17.83370972	0.09505935
17.85755157	0.07081511
17.88139343	0.07711458
17.90523529	0.07914034
17.92907715	0.06589617
17.95291901	0.29353480
17.97676086	0.46648590
18.00060272	0.53172730
18.02444458	0.28086880
18.04828644	0.12607580
18.07212830	0.22057940
18.09597015	0.18941610
18.11981201	0.10957820
18.14365387	0.04478355
18.16749573	0.02034889
18.19133759	0.07912077
18.21517944	0.13175210
18.23902130	0.12874540
18.26286316	0.04991324
18.28670502	0.08820520
18.31054688	0.32065370
18.33438873	0.95216800
18.35823059	0.95888500
18.38207245	0.29355130
18.40591431	0.05079541
18.42975616	0.06901074
18.45359802	0.07420968
18.47743988	0.07281834
18.50128174	0.05769608
18.52512360	0.15857990
18.54896545	0.16279220
18.57280731	0.06374636
18.59664917	0.08148257
18.62049103	0.02272250
18.64433289	0.20254080
18.66817474	0.13233750
18.69201660	0.15411030
18.71585846	0.12131260
18.73970032	0.06371110
18.76354218	0.20200500
18.78738403	0.14561130
18.81122589	0.07174808
18.83506775	0.10155750
18.85890961	0.06353813
18.88275146	0.07001694
18.90659332	0.08429090
18.93043518	0.03629155
18.95427704	0.20920190
18.97811890	0.30325240
19.00196075	0.31357330
19.02580261	0.15944650
19.04964447	0.14228540
19.07348633	0.19023560
19.09732819	0.14738580
19.12117004	0.11119200
19.14501190	0.06505966
19.16885376	0.00783553
19.19269562	0.08093071
19.21653748	0.13368570
19.24037933	0.11417300
19.26422119	0.02025909
19.28806305	0.08702113
19.31190491	0.39330710
19.33574677	1.12205000
19.35958862	1.09233500
19.38343048	0.34748160
19.40727234	0.04708519
19.43111420	0.07377401
19.45495605	0.06211536
19.47879791	0.04326257
19.50263977	0.05530053
19.52648163	0.15927930
19.55032349	0.15463250
19.57416534	0.09503619
19.59800720	0.07449012
19.62184906	0.04073022
19.64569092	0.20692220
19.66953278	0.11048800
19.69337463	0.15590900
19.71721649	0.10763760
19.74105835	0.07671488
19.76490021	0.19549660
19.78874207	0.12165130
19.81258392	0.07141273
19.83642578	0.07350022
19.86026764	0.02866747
19.88410950	0.06604854
19.90795135	0.09893474
19.93179321	0.04575551
19.95563507	0.11056020
19.97947693	0.10467370
20.00331879	0.07253595
20.02716064	0.12813960
20.05100250	0.16841180
20.07484436	0.17226870
20.09868622	0.13934980
20.12252808	0.12866030
20.14636993	0.08904105
20.17021179	0.03054889
20.19405365	0.08364655
20.21789551	0.12920770
20.24173737	0.08947909
20.26557922	0.00747935
20.28942108	0.08690114
20.31326294	0.45613930
20.33710480	1.25486300
20.36094666	1.16529600
20.38478851	0.34604950
20.40863037	0.05536772
20.43247223	0.08843131
20.45631409	0.06137089
20.48015594	0.02812188
20.50399780	0.05509717
20.52783966	0.14986250
20.55168152	0.14040110
20.57552338	0.10900760
20.59936523	0.06892890
20.62320709	0.09099100
20.64704895	0.21286770
20.67089081	0.09323204
20.69473267	0.15644100
20.71857452	0.09592471
20.74241638	0.09389176
20.76625824	0.19909830
20.79010010	0.12767980
20.81394196	0.08769757
20.83778381	0.06316243
20.86162567	0.01105645
20.88546753	0.05208272
20.90930939	0.11310310
20.93315125	0.09480072
20.95699310	0.04413030
20.98083496	0.12184960
21.00467682	0.25027780
21.02851868	0.24548990
21.05236053	0.20004870
21.07620239	0.14935290
21.10004425	0.12278720
21.12388611	0.12787120
21.14772797	0.10299390
21.17156982	0.05360008
21.19541168	0.07081306
21.21925354	0.10601830
21.24309540	0.05224785
21.26693726	0.04409022
21.29077911	0.09846595
21.31462097	0.53213400
21.33846283	1.34872300
21.36230469	1.18722100
21.38614655	0.34083090
21.40998840	0.04183090
21.43383026	0.08575008
21.45767212	0.04620048
21.48151398	0.00831144
21.50535583	0.05870178
21.52919769	0.13150330
21.55303955	0.13035990
21.57688141	0.12369590
21.60072327	0.09025192
21.62456512	0.14449720
21.64840698	0.21975500
21.67224884	0.10006740
21.69609070	0.12577040
21.71993256	0.06869932
21.74377441	0.09612664
21.76761627	0.18523010
21.79145813	0.12022610
21.81529999	0.09477486
21.83914185	0.04766832
21.86298370	0.03233694
21.88682556	0.05656766
21.91066742	0.13256730
21.93450928	0.14127350
21.95835114	0.10071350
21.98219299	0.34210280
22.00603485	0.51237850
22.02987671	0.36937300
22.05371857	0.21057100
22.07756042	0.11477620
22.10140228	0.10968320
22.12524414	0.12431630
22.14908600	0.10762180
22.17292786	0.06822793
22.19676971	0.06570447
22.22061157	0.09455456
22.24445343	0.03423065
22.26829529	0.05898356
22.29213715	0.09343167
22.31597900	0.58859240
22.33982086	1.41743300
22.36366272	1.18965900
22.38750458	0.33173890
22.41134644	0.03009324
22.43518829	0.07021090
22.45903015	0.02626011
22.48287201	0.02309598
22.50671387	0.05760998
22.53055573	0.11235950
22.55439758	0.12115520
22.57823944	0.13449730
22.60208130	0.13873960
22.62592316	0.20006440
22.64976501	0.21327390
22.67360687	0.09086875
22.69744873	0.11310960
22.72129059	0.06580078
22.74513245	0.08649500
22.76897430	0.15970760
22.79281616	0.11119580
22.81665802	0.08354165
22.84049988	0.00782960
22.86434174	0.06289911
22.88818359	0.04945503
22.91202545	0.16042650
22.93586731	0.19384680
22.95970917	0.19985300
22.98355103	0.55680240
23.00739288	0.74496800
23.03123474	0.46646790
23.05507660	0.19368210
23.07891846	0.06434632
23.10276031	0.09558531
23.12660217	0.11950100
23.15044403	0.12289990
23.17428589	0.07913913
23.19812775	0.03653019
23.22196960	0.05764157
23.24581146	0.00202866
23.26965332	0.06699516
23.29349518	0.09107451
23.31733704	0.62407510
23.34117889	1.40455700
23.36502075	1.11600400
23.38886261	0.30303800
23.41270447	0.02011571
23.43654633	0.04220745
23.46038818	0.01284934
23.48423004	0.04126119
23.50807190	0.06185915
23.53191376	0.09822197
23.55575562	0.11805870
23.57959747	0.14540810
23.60343933	0.19082580
23.62728119	0.24285880
23.65112305	0.19861740
23.67496490	0.09151672
23.69880676	0.07496906
23.72264862	0.04139159
23.74649048	0.07373118
23.77033234	0.13124900
23.79417419	0.11101360
23.81801605	0.09107539
23.84185791	0.03071539
23.86569977	0.07957000
23.88954163	0.05396128
23.91338348	0.19648710
23.93722534	0.22194110
23.96106720	0.26823910
23.98490906	0.71928190
24.00875092	0.90190040
24.03259277	0.53518470
24.05643463	0.19862080
24.08027649	0.04314984
24.10411835	0.10428740
24.12796021	0.11250770
24.15180206	0.12787020
24.17564392	0.08554453
24.19948578	0.02034221
24.22332764	0.03768227
24.24716949	0.01791808
24.27101135	0.07387509
24.29485321	0.10592040
24.31869507	0.65212690
24.34253693	1.35860800
24.36637878	1.01836900
24.39022064	0.26302070
24.41406250	0.02686038
24.43790436	0.02389733
24.46174622	0.04428325
24.48558807	0.06639197
24.50942993	0.05684135
24.53327179	0.06944569
24.55711365	0.11375520
24.58095551	0.17396460
24.60479736	0.26717400
24.62863922	0.28023220
24.65248108	0.17661830
24.67632294	0.08415771
24.70016479	0.04958576
24.72400665	0.04117751
24.74784851	0.04567729
24.77169037	0.11195370
24.79553223	0.12151660
24.81937408	0.08802225
24.84321594	0.04642478
24.86705780	0.08872221
24.89089966	0.03171653
24.91474152	0.19717740
24.93858337	0.22598180
24.96242523	0.31015090
24.98626709	0.82094040
25.01010895	0.98759270
25.03395081	0.55873950
25.05779266	0.17403290
25.08163452	0.03440553
25.10547638	0.10658480
25.12931824	0.11140060
25.15316010	0.14936590
25.17700195	0.10320640
25.20084381	0.01662985
25.22468567	0.01086857
25.24852753	0.02985488
25.27236938	0.06893149
25.29621124	0.11647600
25.32005310	0.65673310
25.34389496	1.26539300
25.36773682	0.90148500
25.39157867	0.24010130
25.41542053	0.04016083
25.43926239	0.01333183
25.46310425	0.05104403
25.48694611	0.06209116
25.51078796	0.03857284
25.53462982	0.03266918
25.55847168	0.10218950
25.58231354	0.19456110
25.60615540	0.32941400
25.62999725	0.31165040
25.65383911	0.15500210
25.67768097	0.07756031
25.70152283	0.03402415
25.72536469	0.03903489
25.74920654	0.01363927
25.77304840	0.07002385
25.79689026	0.11112610
25.82073212	0.09125976
25.84457397	0.05924776
25.86841583	0.06936657
25.89225769	0.04842765
25.91609955	0.21797940
25.93994141	0.22978470
25.96378326	0.32771890
25.98762512	0.83717640
26.01146698	0.97042140
26.03530884	0.53974530
26.05915070	0.15142220
26.08299255	0.04995666
26.10683441	0.10058610
26.13067627	0.09301956
26.15451813	0.14136460
26.17835999	0.08607163
26.20220184	0.02493805
26.22604370	0.02589370
26.24988556	0.03384769
26.27372742	0.06203165
26.29756927	0.13480940
26.32141113	0.63833920
26.34525299	1.13299100
26.36909485	0.76826390
26.39293671	0.21653220
26.41677856	0.05430944
26.44062042	0.04007159
26.46446228	0.06462122
26.48830414	0.05828336
26.51214600	0.03488911
26.53598785	0.02883303
26.55982971	0.08853363
26.58367157	0.21087950
26.60751343	0.37858910
26.63135529	0.32840140
26.65519714	0.13847610
26.67903900	0.08450959
26.70288086	0.03301505
26.72672272	0.05841378
26.75056458	0.02674527
26.77440643	0.06089650
26.79824829	0.11116020
26.82209015	0.08770712
26.84593201	0.09081892
26.86977386	0.08171016
26.89361572	0.06628040
26.91745758	0.22835750
26.94129944	0.22042440
26.96514130	0.32223450
26.98898315	0.77789950
27.01282501	0.86960560
27.03666687	0.48481620
27.06050873	0.13206400
27.08435059	0.05052566
27.10819244	0.06967942
27.13203430	0.08589677
27.15587616	0.15942690
27.17971802	0.10544650
27.20355988	0.06294322
27.22740173	0.04772832
27.25124359	0.03996972
27.27508545	0.05873354
27.29892731	0.15588340
27.32276917	0.59478670
27.34661102	0.95690000
27.37045288	0.61142420
27.39429474	0.18231760
27.41813660	0.07190984
27.44197845	0.06737265
27.46582031	0.06647743
27.48966217	0.05075464
27.51350403	0.04041190
27.53734589	0.01368076
27.56118774	0.07776388
27.58502960	0.22800670
27.60887146	0.40791170
27.63271332	0.31885110
27.65655518	0.10866350
27.68039703	0.08061337
27.70423889	0.03125189
27.72808075	0.09292669
27.75192261	0.07032207
27.77576447	0.03187577
27.79960632	0.10178880
27.82344818	0.09898972
27.84729004	0.11724070
27.87113190	0.08285524
27.89497375	0.08371291
27.91881561	0.23005680
27.94265747	0.20659380
27.96649933	0.28876760
27.99034119	0.63865100
28.01418304	0.69838520
28.03802490	0.40130560
28.06186676	0.08675473
28.08570862	0.08391136
28.10955048	0.07135682
28.13339233	0.08016295
28.15723419	0.15137620
28.18107605	0.10418250
28.20491791	0.08524272
28.22875977	0.04733234
28.25260162	0.02447280
28.27644348	0.03878865
28.30028534	0.16988370
28.32412720	0.53165920
28.34796906	0.76314030
28.37181091	0.46091350
28.39565277	0.15628780
28.41949463	0.08262595
28.44333649	0.07629906
28.46717834	0.06608593
28.49102020	0.04922023
28.51486206	0.05091638
28.53870392	0.02319322
28.56254578	0.06951033
28.58638763	0.26550330
28.61022949	0.44543430
28.63407135	0.29650090
28.65791321	0.06926973
28.68175507	0.07643881
28.70559692	0.02947525
28.72943878	0.13248120
28.75328064	0.11774020
28.77712250	0.04273485
28.80096436	0.10228720
28.82480621	0.10433500
28.84864807	0.10581150
28.87248993	0.05890992
28.89633179	0.10093690
28.92017365	0.22283940
28.94401550	0.18095830
28.96785736	0.19226420
28.99169922	0.37484200
29.01554108	0.44381440
29.03938293	0.31932480
29.06322479	0.08983680
29.08706665	0.05824747
29.11090851	0.03619094
29.13475037	0.07751908
29.15859222	0.12883220
29.18243408	0.11113490
29.20627594	0.11252670
29.23011780	0.05720003
29.25395966	0.03245007
29.27780151	0.03388669
29.30164337	0.18515030
29.32548523	0.44682550
29.34932709	0.55609410
29.37316895	0.33164500
29.39701080	0.15667980
29.42085266	0.12566440
29.44469452	0.11273640
29.46853638	0.07254408
29.49237823	0.06152210
29.51622009	0.08318429
29.54006195	0.05147900
29.56390381	0.06325903
29.58774567	0.27640110
29.61158752	0.44454330
29.63542938	0.26693150
29.65927124	0.06557690
29.68311310	0.07701158
29.70695496	0.09695017
29.73079681	0.20721300
29.75463867	0.15276230
29.77848053	0.04514359
29.80232239	0.09548192
29.82616425	0.10892580
29.85000610	0.10073300
29.87384796	0.05325201
29.89768982	0.11967170
29.92153168	0.20429880
29.94537354	0.14400140
29.96921539	0.05221453
29.99305725	0.02174613
30.01689911	0.13427260
30.04074097	0.20073050
30.06458282	0.05489511
30.08842468	0.06142081
30.11226654	0.01531356
30.13610840	0.09517334
30.15995026	0.13588820
30.18379211	0.12516550
30.20763397	0.11598610
30.23147583	0.04084281
30.25531769	0.04436929
30.27915955	0.02896186
30.30300140	0.19570400
30.32684326	0.35507370
30.35068512	0.36482810
30.37452698	0.21494020
30.39836884	0.13497660
30.42221069	0.14539140
30.44605255	0.11293640
30.46989441	0.05154163
30.49373627	0.05957874
30.51757813	0.08663458
30.54141998	0.06561327
30.56526184	0.05048253
30.58910370	0.27518200
30.61294556	0.43616040
30.63678741	0.23086310
30.66062927	0.05489141
30.68447113	0.05025570
30.70831299	0.06758234
30.73215485	0.21929890
30.75599670	0.16895110
30.77983856	0.03848892
30.80368042	0.08205324
30.82752228	0.11078120
30.85136414	0.10530890
30.87520599	0.07140188
30.89904785	0.13943780
30.92288971	0.19186550
30.94673157	0.11331860
30.97057343	0.15644230
30.99441528	0.40222170
31.01825714	0.22063160
31.04209900	0.11008610
31.06594086	0.05451207
31.08978271	0.03322485
31.11362457	0.02446234
31.13746643	0.11220480
31.16130829	0.13226560
31.18515015	0.14779250
31.20899200	0.13540250
31.23283386	0.02804127
31.25667572	0.05466408
31.28051758	0.03095007
31.30435944	0.20220750
31.32820129	0.25348000
31.35204315	0.18683980
31.37588501	0.13531930
31.39972687	0.12383910
31.42356873	0.16143670
31.44741058	0.11409400
31.47125244	0.03763109
31.49509430	0.07509311
31.51893616	0.10087460
31.54277802	0.08448508
31.56661987	0.04039506
31.59046173	0.25592520
31.61430359	0.38921510
31.63814545	0.17244630
31.66198730	0.08886740
31.68582916	0.04493966
31.70967102	0.08804662
31.73351288	0.23777890
31.75735474	0.17850400
31.78119659	0.04423572
31.80503845	0.06981584
31.82888031	0.10659510
31.85272217	0.08709096
31.87656403	0.07323514
31.90040588	0.13782520
31.92424774	0.16138380
31.94808960	0.07649458
31.97193146	0.39872880
31.99577332	0.88473580
32.01961517	0.56738840
32.04345703	0.05343449
32.06729889	0.05313176
32.09114075	0.01355794
32.11498260	0.03993962
32.13882446	0.10918730
32.16266632	0.12444040
32.18650818	0.16502320
32.21035004	0.12269150
32.23419189	0.01618273
32.25803375	0.08296354
32.28187561	0.04074855
32.30571747	0.21106380
32.32955933	0.15496990
32.35340118	0.03274094
32.37724304	0.07356802
32.40108490	0.12368600
32.42492676	0.18499580
32.44876862	0.11343510
32.47261047	0.03347385
32.49645233	0.07760699
32.52029419	0.08914458
32.54413605	0.07999227
32.56797791	0.03489518
32.59181976	0.23257910
32.61566162	0.34066860
32.63950348	0.13221530
32.66334534	0.11452760
32.68718719	0.05372107
32.71102905	0.13908860
32.73487091	0.27072350
32.75871277	0.18737830
32.78255463	0.04464408
32.80639648	0.05002400
32.83023834	0.09102421
32.85408020	0.08782292
32.87792206	0.08898402
32.90176392	0.12822010
32.92560577	0.12505560
32.94944763	0.07706076
32.97328949	0.68589480
32.99713135	1.38936600
33.02097321	0.90276470
33.04481506	0.10406320
33.06865692	0.05642801
33.09249878	0.01926605
33.11634064	0.06896053
33.14018250	0.10696050
33.16402435	0.10962600
33.18786621	0.17086560
33.21170807	0.12514720
33.23554993	0.01630389
33.25939178	0.08866033
33.28323364	0.04860038
33.30707550	0.20073730
33.33091736	0.07958683
33.35475922	0.09702859
33.37860107	0.04286408
33.40244293	0.13673420
33.42628479	0.20973540
33.45012665	0.10885760
33.47396851	0.05560352
33.49781036	0.10212910
33.52165222	0.10442780
33.54549408	0.09325986
33.56933594	0.04264307
33.59317780	0.20862690
33.61701965	0.30046700
33.64086151	0.11144740
33.66470337	0.11747460
33.68854523	0.06976325
33.71238708	0.17203520
33.73622894	0.27716200
33.76007080	0.18403890
33.78391266	0.05232906
33.80775452	0.04085105
33.83159637	0.08353434
33.85543823	0.08461217
33.87928009	0.10423900
33.90312195	0.11526130
33.92696381	0.10005810
33.95080566	0.10601900
33.97464752	0.98499150
33.99848938	1.87365000
34.02233124	1.18425600
34.04617310	0.15542750
34.07001495	0.05196237
34.09385681	0.03027409
34.11769867	0.06832968
34.14154053	0.08649277
34.16538239	0.09269298
34.18922424	0.17066380
34.21306610	0.10446500
34.23690796	0.04531295
34.26074982	0.09185214
34.28459167	0.06637248
34.30843353	0.19045790
34.33227539	0.07344842
34.35611725	0.18061800
34.37995911	0.04856090
34.40380096	0.14860290
34.42764282	0.21723770
34.45148468	0.09388195
34.47532654	0.06133788
34.49916840	0.09602718
34.52301025	0.08768364
34.54685211	0.09540420
34.57069397	0.04412875
34.59453583	0.15854740
34.61837769	0.23131220
34.64221954	0.07120173
34.66606140	0.11842700
34.68990326	0.09471946
34.71374512	0.19326860
34.73758698	0.26893290
34.76142883	0.17947140
34.78527069	0.07201371
34.80911255	0.01569817
34.83295441	0.06469773
34.85679626	0.09112698
34.88063812	0.12002420
34.90447998	0.10597650
34.92832184	0.07608537
34.95216370	0.17808870
34.97600555	1.31149700
34.99984741	2.32927100
35.02368927	1.41091800
35.04753113	0.18592600
35.07137299	0.05933179
35.09521484	0.03797446
35.11905670	0.06274191
35.14289856	0.07529201
35.16674042	0.10228380
35.19058228	0.18098440
35.21442413	0.10818250
35.23826599	0.07053825
35.26210785	0.07868911
35.28594971	0.08679887
35.30979156	0.17943280
35.33363342	0.13020390
35.35747528	0.24284180
35.38131714	0.05464090
35.40515900	0.15986690
35.42900085	0.21705100
35.45284271	0.08083208
35.47668457	0.08063390
35.50052643	0.09218913
35.52436829	0.07322677
35.54821014	0.09543139
35.57205200	0.05158335
35.59589386	0.10761050
35.61973572	0.16989330
35.64357758	0.02663749
35.66741943	0.09085052
35.69126129	0.09664415
35.71510315	0.19537900
35.73894501	0.23880820
35.76278687	0.16345660
35.78662872	0.09523929
35.81047058	0.02209234
35.83431244	0.04985283
35.85815430	0.09462193
35.88199615	0.11057960
35.90583801	0.07095588
35.92967987	0.04760389
35.95352173	0.23413450
35.97736359	1.60229300
36.00120544	2.70772800
36.02504730	1.57389900
36.04888916	0.20318770
36.07273102	0.06861646
36.09657288	0.05662820
36.12041473	0.05211360
36.14425659	0.03583719
36.16809845	0.09596006
36.19194031	0.17386030
36.21578217	0.09865893
36.23962402	0.07091775
36.26346588	0.05492825
36.28730774	0.12055610
36.31114960	0.18094720
36.33499146	0.14893040
36.35883331	0.24822830
36.38267517	0.04342121
36.40651703	0.17341970
36.43035889	0.20824680
36.45420074	0.06906477
36.47804260	0.08155896
36.50188446	0.06814138
36.52572632	0.05494212
36.54956818	0.08764612
36.57341003	0.06496360
36.59725189	0.05252763
36.62109375	0.12009830
36.64493561	0.00747469
36.66877747	0.09497205
36.69261932	0.14439860
36.71646118	0.22452390
36.74030304	0.23364850
36.76414490	0.16300790
36.78798676	0.10337210
36.81182861	0.04567885
36.83567047	0.04343237
36.85951233	0.09217431
36.88335419	0.09690237
36.90719604	0.03976890
36.93103790	0.04153762
36.95487976	0.32155230
36.97872162	1.89882200
37.00256348	3.00887800
37.02640533	1.65643600
37.05024719	0.19704230
37.07408905	0.07893641
37.09793091	0.06350747
37.12177277	0.04237187
37.14561462	0.02033161
37.16945648	0.10365490
37.19329834	0.16689980
37.21714020	0.10822070
37.24098206	0.10390520
37.26482391	0.04022956
37.28866577	0.13534670
37.31250763	0.16808270
37.33634949	0.18218000
37.36019135	0.24819900
37.38403320	0.05361547
37.40787506	0.17958530
37.43171692	0.20198990
37.45555878	0.07595167
37.47940063	0.09333602
37.50324249	0.06610100
37.52708435	0.05017589
37.55092621	0.08985079
37.57476807	0.10346850
37.59860992	0.01417951
37.62245178	0.08798982
37.64629364	0.07694105
37.67013550	0.09156436
37.69397736	0.15835820
37.71781921	0.20752280
37.74166107	0.18002580
37.76550293	0.13679910
37.78934479	0.10658620
37.81318665	0.06311838
37.83702850	0.03759909
37.86087036	0.08126583
37.88471222	0.07945484
37.90855408	0.01705875
37.93239594	0.03909319
37.95623779	0.41047190
37.98007965	2.15290300
38.00392151	3.21180300
38.02776337	1.68412400
38.05160522	0.19750790
38.07544708	0.06686401
38.09928894	0.05633299
38.12313080	0.02676128
38.14697266	0.01301889
38.17081451	0.09428607
38.19465637	0.14400820
38.21849823	0.11208130
38.24234009	0.10016510
38.26618195	0.04361520
38.29002380	0.15888030
38.31386566	0.15656290
38.33770752	0.18670500
38.36154938	0.22608930
38.38539124	0.04516159
38.40923309	0.16884880
38.43307495	0.17093390
38.45691681	0.06278316
38.48075867	0.07946269
38.50460052	0.03060752
38.52844238	0.04772651
38.55228424	0.08851878
38.57612610	0.13890870
38.59996796	0.05087565
38.62380981	0.08290906
38.64765167	0.14492920
38.67149353	0.11707770
38.69533539	0.18128330
38.71917725	0.19665900
38.74301910	0.14331070
38.76686096	0.12890140
38.79070282	0.11167400
38.81454468	0.07764750
38.83838654	0.05160968
38.86222839	0.08351303
38.88607025	0.06740786
38.90991211	0.03163842
38.93375397	0.03906056
38.95759583	0.47954910
38.98143768	2.34708300
39.00527954	3.31668900
39.02912140	1.64915400
39.05296326	0.17934500
39.07680511	0.05884327
39.10064697	0.03520503
39.12448883	0.01795725
39.14833069	0.02374585
39.17217255	0.09061617
39.19601440	0.13565800
39.21985626	0.12602740
39.24369812	0.10681640
39.26753998	0.08520860
39.29138184	0.19326200
39.31522369	0.16016360
39.33906555	0.15738260
39.36290741	0.17903320
39.38674927	0.04592409
39.41059113	0.16411600
39.43443298	0.16642740
39.45827484	0.08799659
39.48211670	0.06642286
39.50595856	0.01202230
39.52980042	0.06761770
39.55364227	0.10252500
39.57748413	0.17540420
39.60132599	0.08641334
39.62516785	0.11394300
39.64900970	0.23161760
39.67285156	0.14083980
39.69669342	0.18197920
39.72053528	0.16465950
39.74437714	0.09730798
39.76821899	0.11672770
39.79206085	0.11463130
39.81590271	0.11531870
39.83974457	0.06222741
39.86358643	0.06124561
39.88742828	0.07184992
39.91127014	0.03673894
39.93511200	0.06710873
39.95895386	2.59235700
39.98279572	11.19304000
40.00663757	14.77116000
40.03047943	6.85505500
40.05432129	0.69178340
40.07816315	0.06997911
40.10200500	0.07051676
40.12584686	0.02579026
40.14968872	0.03917075
40.17353058	0.06921103
40.19737244	0.12331590
40.22121429	0.14804850
40.24505615	0.14315920
40.26889801	0.14857120
40.29273987	0.21287060
40.31658173	0.15932360
40.34042358	0.12819770
40.36426544	0.12947660
40.38810730	0.02897507
40.41194916	0.13627380
40.43579102	0.13251660
40.45963287	0.08219384
40.48347473	0.04755860
40.50731659	0.03512719
40.53115845	0.06683821
40.55500031	0.09315968
40.57884216	0.19204730
40.60268402	0.10062910
40.62652588	0.16321380
40.65036774	0.32802070
40.67420959	0.18056650
40.69805145	0.19009100
40.72189331	0.13515880
40.74573517	0.07813235
40.76957703	0.11934680
40.79341888	0.12368050
40.81726074	0.12469440
40.84110260	0.05362716
40.86494446	0.03287337
40.88878632	0.00463238
40.91262817	0.07442092
40.93647003	0.07293988
40.96031189	0.61894520
40.98415375	2.46710700
41.00799561	3.09165700
41.03183746	1.36669500
41.05567932	0.12742680
41.07952118	0.03991851
41.10336304	0.02377453
41.12720490	0.05365194
41.15104675	0.05159142
41.17488861	0.06833800
41.19873047	0.10875850
41.22257233	0.13720130
41.24641418	0.15887420
41.27025604	0.20519140
41.29409790	0.22506930
41.31793976	0.14802300
41.34178162	0.09200309
41.36562347	0.09062415
41.38946533	0.01741490
41.41330719	0.10913400
41.43714905	0.12113740
41.46099091	0.09134596
41.48483276	0.03669459
41.50867462	0.05504488
41.53251648	0.07250375
41.55635834	0.11512740
41.58020020	0.21733870
41.60404205	0.11286210
41.62788391	0.20587350
41.65172577	0.38876220
41.67556763	0.17971610
41.69940948	0.19892660
41.72325134	0.09822641
41.74709320	0.07454538
41.77093506	0.12428710
41.79477692	0.13227250
41.81861877	0.13854270
41.84246063	0.05294973
41.86630249	0.00845371
41.89014435	0.01801945
41.91398621	0.07888045
41.93782806	0.07655638
41.96166992	0.64594980
41.98551178	2.35735300
42.00935364	2.78767300
42.03319550	1.16822400
42.05703735	0.11390400
42.08087921	0.01140740
42.10472107	0.03783758
42.12856293	0.08014946
42.15240479	0.06513645
42.17624664	0.04660954
42.20008850	0.08893863
42.22393036	0.13659540
42.24777222	0.18501230
42.27161407	0.25260700
42.29545593	0.22692030
42.31929779	0.13750850
42.34313965	0.07093968
42.36698151	0.05184620
42.39082336	0.02384406
42.41466522	0.07684989
42.43850708	0.10159820
42.46234894	0.08606838
42.48619080	0.03614163
42.51003265	0.07338350
42.53387451	0.06615068
42.55771637	0.13605040
42.58155823	0.23668770
42.60540009	0.11455960
42.62924194	0.23219340
42.65308380	0.43485370
42.67692566	0.18659970
42.70076752	0.18514710
42.72460938	0.06137593
42.74845123	0.07699350
42.77229309	0.09779873
42.79613495	0.12594770
42.81997681	0.12826840
42.84381866	0.03528964
42.86766052	0.03196011
42.89150238	0.04183400
42.91534424	0.07401648
42.93918610	0.08197581
42.96302795	0.66019420
42.98686981	2.18638700
43.01071167	2.43237200
43.03455353	0.96197840
43.05839539	0.10564970
43.08223724	0.00898132
43.10607910	0.05241570
43.12992096	0.07881241
43.15376282	0.05469509
43.17760468	0.03351031
43.20144653	0.07208475
43.22528839	0.12730560
43.24913025	0.21022050
43.27297211	0.28090220
43.29681396	0.21481550
43.32065582	0.13296070
43.34449768	0.07458769
43.36833954	0.03937681
43.39218140	0.05761004
43.41602325	0.04503337
43.43986511	0.09936220
43.46370697	0.09173179
43.48754883	0.06411576
43.51139069	0.11129540
43.53523254	0.07496618
43.55907440	0.13743380
43.58291626	0.23604320
43.60675812	0.10493160
43.63059998	0.25713480
43.65444183	0.44298300
43.67828369	0.16388920
43.70212555	0.17997210
43.72596741	0.02939794
43.74980927	0.09415573
43.77365112	0.08657219
43.79749298	0.13299630
43.82133484	0.14706430
43.84517670	0.07196909
43.86901855	0.06444151
43.89286041	0.05511974
43.91670227	0.06903145
43.94054413	0.09072720
43.96438599	0.65566160
43.98822784	1.95985900
44.01206970	2.04063900
44.03591156	0.76284240
44.05975342	0.11096540
44.08359528	0.04530228
44.10743713	0.07434779
44.13127899	0.08726022
44.15512085	0.06022845
44.17896271	0.01931900
44.20280457	0.04590438
44.22664642	0.12860010
44.25048828	0.26071250
44.27433014	0.31331240
44.29817200	0.18555700
44.32201385	0.10420830
44.34585571	0.07976829
44.36969757	0.05519791
44.39353943	0.10428310
44.41738129	0.01269219
44.44122314	0.07681932
44.46506500	0.09800079
44.48890686	0.07604881
44.51274872	0.09415788
44.53659058	0.05126630
44.56043243	0.15220960
44.58427429	0.22624810
44.60811615	0.07426143
44.63195801	0.25751710
44.65579987	0.39439890
44.67964172	0.11287340
44.70348358	0.16630660
44.72732544	0.01302185
44.75116730	0.09824941
44.77500916	0.06379102
44.79885101	0.13468020
44.82269287	0.13810000
44.84653473	0.06672780
44.87037659	0.06317852
44.89421844	0.04519557
44.91806030	0.05278388
44.94190216	0.09990136
44.96574402	0.62568370
44.98958588	1.67074300
45.01342773	1.63540100
45.03726959	0.58751000
45.06111145	0.10796170
45.08495331	0.06729396
45.10879517	0.09145094
45.13263702	0.09037410
45.15647888	0.06825202
45.18032074	0.04053953
45.20416260	0.02594137
45.22800446	0.12534570
45.25184631	0.28276180
45.27568817	0.32127500
45.29953003	0.15568580
45.32337189	0.08447713
45.34721375	0.07941782
45.37105560	0.09340493
45.39489746	0.15928620
45.41873932	0.04152634
45.44258118	0.08062317
45.46642303	0.10586000
45.49026489	0.09085507
45.51410675	0.08657689
45.53794861	0.03560052
45.56179047	0.15548280
45.58563232	0.20979110
45.60947418	0.04953293
45.63331604	0.22642310
45.65715790	0.30578380
45.68099976	0.09437779
45.70484161	0.17299420
45.72868347	0.01692233
45.75252533	0.07095462
45.77636719	0.03991989
45.80020905	0.14781090
45.82405090	0.13764420
45.84789276	0.09220628
45.87173462	0.08259482
45.89557648	0.04353350
45.91941833	0.02837851
45.94326019	0.10186090
45.96710205	0.57014070
45.99094391	1.35062400
46.01478577	1.23649800
46.03862762	0.43672670
46.06246948	0.11515210
46.08631134	0.10326160
46.11015320	0.09807294
46.13399506	0.07264369
46.15783691	0.06511983
46.18167877	0.05550739
46.20552063	0.00895227
46.22936249	0.12490730
46.25320435	0.29413880
46.27704620	0.31015110
46.30088806	0.11947380
46.32472992	0.06665058
46.34857178	0.07123980
46.37241364	0.13918710
46.39625549	0.20183740
46.42009735	0.06901332
46.44393921	0.06494261
46.46778107	0.10181370
46.49162292	0.09983965
46.51546478	0.07934014
46.53930664	0.04627399
46.56314850	0.17226760
46.58699036	0.19779810
46.61083221	0.06515677
46.63467407	0.12699990
46.65851593	0.13090630
46.68235779	0.12014300
46.70619965	0.15184790
46.73004150	0.03537225
46.75388336	0.07555141
46.77772522	0.03801817
46.80156708	0.14838040
46.82540894	0.13548480
46.84925079	0.10524840
46.87309265	0.07667528
46.89693451	0.02250210
46.92077637	0.00770667
46.94461823	0.11457800
46.96846008	0.50192760
46.99230194	1.01803500
47.01614380	0.86889520
47.03998566	0.31277150
47.06382751	0.12225480
47.08766937	0.12771970
47.11151123	0.10210820
47.13535309	0.07081360
47.15919495	0.08091667
47.18303680	0.07605992
47.20687866	0.02766606
47.23072052	0.12866670
47.25456238	0.30362710
47.27840424	0.28955100
47.30224609	0.08240534
47.32608795	0.06079977
47.34992981	0.07081152
47.37377167	0.17923360
47.39761353	0.24766370
47.42145538	0.10077670
47.44529724	0.06103757
47.46913910	0.11284790
47.49298096	0.11923320
47.51682281	0.08346852
47.54066467	0.06007869
47.56450653	0.17432670
47.58834839	0.18355170
47.61219025	0.09748732
47.63603210	0.05839728
47.65987396	0.08502670
47.68371582	0.20390810
47.70755768	0.14276470
47.73139954	0.03062445
47.75524139	0.04734686
47.77908325	0.04995861
47.80292511	0.14165130
47.82676697	0.12253950
47.85060883	0.12599450
47.87445068	0.08329882
47.89829254	0.02994509
47.92213440	0.01839372
47.94597626	0.11917050
47.96981812	0.40350220
47.99365997	0.67140910
48.01750183	0.52815840
48.04134369	0.21297230
48.06518555	0.13464640
48.08902740	0.14706340
48.11286926	0.08996451
48.13671112	0.05842625
48.16055298	0.08954647
48.18439484	0.08514422
48.20823669	0.02867923
48.23207855	0.12446120
48.25592041	0.30564020
48.27976227	0.26797890
48.30360413	0.06590037
48.32744598	0.06614170
48.35128784	0.06625277
48.37512970	0.22453010
48.39897156	0.28660710
48.42281342	0.12654420
48.44665527	0.03951771
48.47049713	0.09390634
48.49433899	0.09794743
48.51818085	0.05613206
48.54202271	0.07067268
48.56586456	0.15954330
48.58970642	0.15466260
48.61354828	0.13724390
48.63739014	0.24476610
48.66123199	0.35304690
48.68507385	0.30324320
48.70891571	0.12850680
48.73275757	0.03764722
48.75659943	0.04582359
48.78044128	0.05565024
48.80428314	0.13039170
