Частота	Канал A
(kГц)	(В)

0.00000000	0.44920440
0.02384186	0.18897720
0.04768372	0.03028669
0.07152557	0.00072709
0.09536743	0.00054262
0.11920929	0.00054409
0.14305115	0.00071887
0.16689301	0.00059519
0.19073486	0.00032563
0.21457672	0.00038029
0.23841858	0.00051955
0.26226044	0.00074939
0.28610229	0.00055129
0.30994415	0.00105459
0.33378601	0.00372235
0.35762787	0.00382408
0.38146973	0.00159897
0.40531158	0.00059787
0.42915344	0.00046347
0.45299530	0.00051998
0.47683716	0.00044381
0.50067902	0.00024745
0.52452087	0.00034045
0.54836273	0.00051649
0.57220459	0.00069767
0.59604645	0.00047768
0.61988831	0.00149992
0.64373016	0.00393880
0.66757202	0.00358716
0.69141388	0.00163137
0.71525574	0.00096167
0.73909760	0.00066664
0.76293945	0.00085502
0.78678131	0.00058953
0.81062317	0.00021336
0.83446503	0.00034768
0.85830688	0.00061356
0.88214874	0.00075569
0.90599060	0.00059187
0.92983246	0.00080287
0.95367432	0.02927017
0.97751617	0.16559410
1.00135803	0.26200950
1.02519989	0.14680890
1.04904175	0.02153859
1.07288361	0.00088596
1.09672546	0.00054027
1.12056732	0.00041723
1.14440918	0.00042829
1.16825104	0.00036813
1.19209290	0.00028891
1.21593475	0.00031547
1.23977661	0.00048087
1.26361847	0.00085689
1.28746033	0.00094887
1.31130219	0.00153155
1.33514404	0.00259760
1.35898590	0.00224203
1.38282776	0.00120659
1.40666962	0.00078852
1.43051147	0.00038362
1.45435333	0.00045373
1.47819519	0.00037846
1.50203705	0.00038469
1.52587891	0.00020075
1.54972076	0.00021258
1.57356262	0.00059269
1.59740448	0.00094667
1.62124634	0.00159063
1.64508820	0.00278725
1.66893005	0.00253597
1.69277191	0.00215254
1.71661377	0.00131588
1.74045563	0.00057762
1.76429749	0.00078198
1.78813934	0.00072670
1.81198120	0.00060725
1.83582306	0.00045511
1.85966492	0.00050610
1.88350677	0.00060420
1.90734863	0.00057863
1.93119049	0.00063756
1.95503235	0.02677427
1.97887421	0.14104880
2.00271606	0.21075740
2.02655792	0.11109650
2.05039978	0.01459915
2.07424164	0.00055151
2.09808350	0.00054184
2.12192535	0.00055669
2.14576721	0.00031552
2.16960907	0.00048904
2.19345093	0.00063859
2.21729279	0.00046703
2.24113464	0.00036228
2.26497650	0.00069725
2.28881836	0.00165435
2.31266022	0.00214105
2.33650208	0.00095096
2.36034393	0.00037904
2.38418579	0.00094680
2.40802765	0.00068407
2.43186951	0.00040044
2.45571136	0.00021258
2.47955322	0.00030550
2.50339508	0.00050007
2.52723694	0.00038247
2.55107880	0.00040458
2.57492065	0.00067030
2.59876251	0.00098992
2.62260437	0.00112706
2.64644623	0.00035014
2.67028809	0.00118577
2.69412994	0.00202121
2.71797180	0.00128590
2.74181366	0.00055859
2.76565552	0.00043349
2.78949738	0.00044034
2.81333923	0.00053184
2.83718109	0.00037536
2.86102295	0.00043514
2.88486481	0.00064119
2.90870667	0.00054021
2.93254852	0.00048515
2.95639038	0.02053704
2.98023224	0.09888895
3.00407410	0.13932930
3.02791595	0.06916471
3.05175781	0.00825988
3.07559967	0.00039122
3.09944153	0.00036292
3.12328339	0.00045639
3.14712524	0.00026960
3.17096710	0.00034360
3.19480896	0.00060689
3.21865082	0.00074077
3.24249268	0.00063766
3.26633453	0.00061007
3.29017639	0.00160763
3.31401825	0.00214214
3.33786011	0.00248836
3.36170197	0.00214295
3.38554382	0.00101845
3.40938568	0.00077111
3.43322754	0.00061939
3.45706940	0.00017768
3.48091125	0.00009158
3.50475311	0.00036774
3.52859497	0.00067577
3.55243683	0.00047482
3.57627869	0.00033727
3.60012054	0.00099233
3.62396240	0.00179061
3.64780426	0.00275507
3.67164612	0.00230209
3.69548798	0.00130053
3.71932983	0.00116946
3.74317169	0.00092817
3.76701355	0.00041477
3.79085541	0.00036338
3.81469727	0.00043918
3.83853912	0.00051863
3.86238098	0.00030638
3.88622284	0.00030205
3.91006470	0.00061851
3.93390656	0.00084574
3.95774841	0.01109160
3.98159027	0.04834100
4.00543213	0.06392150
4.02927399	0.02969361
4.05311584	0.00321301
4.07695770	0.00046472
4.10079956	0.00031804
4.12464142	0.00039742
4.14848328	0.00043909
4.17232513	0.00021737
4.19616699	0.00018383
4.22000885	0.00065490
4.24385071	0.00089155
4.26769257	0.00087382
4.29153442	0.00126114
4.31537628	0.00209278
4.33921814	0.00391580
4.36306000	0.00309376
4.38690186	0.00085981
4.41074371	0.00047911
4.43458557	0.00064728
4.45842743	0.00061854
4.48226929	0.00033368
4.50611115	0.00014407
4.52995300	0.00043025
4.55379486	0.00053397
4.57763672	0.00050451
4.60147858	0.00079388
4.62532043	0.00226398
4.64916229	0.00435524
4.67300415	0.00310720
4.69684601	0.00034346
4.72068787	0.00086990
4.74452972	0.00087543
4.76837158	0.00049035
4.79221344	0.00017222
4.81605530	0.00012550
4.83989716	0.00043395
4.86373901	0.00042352
4.88758087	0.00032516
4.91142273	0.00053154
4.93526459	0.00077118
4.95910645	0.00126352
4.98294830	0.00093573
5.00679016	0.00022208
5.03063202	0.00118190
5.05447388	0.00109900
5.07831573	0.00064734
5.10215759	0.00037663
5.12599945	0.00044807
5.14984131	0.00066076
5.17368317	0.00051106
5.19752502	0.00041922
5.22136688	0.00055756
5.24520874	0.00061053
5.26905060	0.00074412
5.29289246	0.00021204
5.31673431	0.00172759
5.34057617	0.00376304
5.36441803	0.00280305
5.38825989	0.00098918
5.41210175	0.00038292
5.43594360	0.00031314
5.45978546	0.00042015
5.48362732	0.00034562
5.50746918	0.00021263
5.53131104	0.00031835
5.55515289	0.00066267
5.57899475	0.00093739
5.60283661	0.00092054
5.62667847	0.00262364
5.65052032	0.00469892
5.67436218	0.00322341
5.69820404	0.00140444
5.72204590	0.00088019
5.74588776	0.00059020
5.76972961	0.00051872
5.79357147	0.00028446
5.81741333	0.00016221
5.84125519	0.00030143
5.86509705	0.00044807
5.88893890	0.00061812
5.91278076	0.00053828
5.93662262	0.00100819
5.96046448	0.00952260
5.98430634	0.03497372
6.00814819	0.04128776
6.03199005	0.01683174
6.05583191	0.00180683
6.07967377	0.00077451
6.10351563	0.00039518
6.12735748	0.00032956
6.15119934	0.00047571
6.17504120	0.00055520
6.19888306	0.00052619
6.22272491	0.00036758
6.24656677	0.00068424
6.27040863	0.00103256
6.29425049	0.00131009
6.31809235	0.00177876
6.34193420	0.00255457
6.36577606	0.00194207
6.38961792	0.00108663
6.41345978	0.00057934
6.43730164	0.00035651
6.46114349	0.00052048
6.48498535	0.00053426
6.50882721	0.00043778
6.53266907	0.00025598
6.55651093	0.00055164
6.58035278	0.00087844
6.60419464	0.00093181
6.62803650	0.00165033
6.65187836	0.00283428
6.67572021	0.00244816
6.69956207	0.00217534
6.72340393	0.00106837
6.74724579	0.00035618
6.77108765	0.00037387
6.79492950	0.00041380
6.81877136	0.00023999
6.84261322	0.00006013
6.86645508	0.00030823
6.89029694	0.00049858
6.91413879	0.00026619
6.93798065	0.00036162
6.96182251	0.01433396
6.98566437	0.05007327
7.00950623	0.05600915
7.03334808	0.02143826
7.05718994	0.00183590
7.08103180	0.00073352
7.10487366	0.00047331
7.12871552	0.00037057
7.15255737	0.00036591
7.17639923	0.00059825
7.20024109	0.00054906
7.22408295	0.00033076
7.24792480	0.00046030
7.27176666	0.00100049
7.29560852	0.00203206
7.31945038	0.00201186
7.34329224	0.00051888
7.36713409	0.00072871
7.39097595	0.00100292
7.41481781	0.00075973
7.43865967	0.00048642
7.46250153	0.00032005
7.48634338	0.00044988
7.51018524	0.00055857
7.53402710	0.00044464
7.55786896	0.00055238
7.58171082	0.00078278
7.60555267	0.00116255
7.62939453	0.00101666
7.65323639	0.00013265
7.67707825	0.00157979
7.70092010	0.00195802
7.72476196	0.00116108
7.74860382	0.00068768
7.77244568	0.00054700
7.79628754	0.00062453
7.82012939	0.00058857
7.84397125	0.00039633
7.86781311	0.00040205
7.89165497	0.00059663
7.91549683	0.00063038
7.93933868	0.00003552
7.96318054	0.01395705
7.98702240	0.04527583
8.01086426	0.04777757
8.03470612	0.01711930
8.05854797	0.00138918
8.08238983	0.00054263
8.10623169	0.00054844
8.13007355	0.00055860
8.15391541	0.00047451
8.17775726	0.00043740
8.20159912	0.00054642
8.22544098	0.00069032
8.24928284	0.00053712
8.27312469	0.00092886
8.29696655	0.00222108
8.32080841	0.00245035
8.34465027	0.00260028
8.36849213	0.00177093
8.39233398	0.00088374
8.41617584	0.00079247
8.44001770	0.00057303
8.46385956	0.00023296
8.48770142	0.00030419
8.51154327	0.00051103
8.53538513	0.00060097
8.55922699	0.00042718
8.58306885	0.00062810
8.60691071	0.00123673
8.63075256	0.00215237
8.65459442	0.00302830
8.67843628	0.00217871
8.70227814	0.00144890
8.72612000	0.00115722
8.74996185	0.00069891
8.77380371	0.00032750
8.79764557	0.00029805
8.82148743	0.00028322
8.84532928	0.00046588
8.86917114	0.00025439
8.89301300	0.00038681
8.91685486	0.00072489
8.94069672	0.00080066
8.96453857	0.00858406
8.98838043	0.02560587
9.01222229	0.02549904
9.03606415	0.00862628
9.05990601	0.00112890
9.08374786	0.00053113
9.10758972	0.00057036
9.13143158	0.00052711
9.15527344	0.00044384
9.17911530	0.00024770
9.20295715	0.00041588
9.22679901	0.00081330
9.25064087	0.00087638
9.27448273	0.00094209
9.29832458	0.00128468
9.32216644	0.00243770
9.34600830	0.00387407
9.36985016	0.00236549
9.39369202	0.00063234
9.41753387	0.00052528
9.44137573	0.00050605
9.46521759	0.00039461
9.48905945	0.00025548
9.51290131	0.00041860
9.53674316	0.00068726
9.56058502	0.00056973
9.58442688	0.00053534
9.60826874	0.00115417
9.63211060	0.00326475
9.65595245	0.00475400
9.67979431	0.00252062
9.70363617	0.00011717
9.72747803	0.00085964
9.75131989	0.00085357
9.77516174	0.00061199
9.79900360	0.00030169
9.82284546	0.00040610
9.84668732	0.00054961
9.87052917	0.00029977
9.89437103	0.00023672
9.91821289	0.00056980
9.94205475	0.00117123
9.96589661	0.00154619
9.98973846	0.00066802
10.01358032	0.00065143
10.03742218	0.00129452
10.06126404	0.00094983
10.08510590	0.00059792
10.10894775	0.00028201
10.13278961	0.00039968
10.15663147	0.00053035
10.18047333	0.00030815
10.20431519	0.00027564
10.22815704	0.00060840
10.25199890	0.00073947
10.27584076	0.00084796
10.29968262	0.00020184
10.32352448	0.00233127
10.34736633	0.00390216
10.37120819	0.00243843
10.39505005	0.00084362
10.41889191	0.00030781
10.44273376	0.00038096
10.46657562	0.00057069
10.49041748	0.00029023
10.51425934	0.00015435
10.53810120	0.00044346
10.56194305	0.00072753
10.58578491	0.00073730
10.60962677	0.00093963
10.63346863	0.00334783
10.65731049	0.00483815
10.68115234	0.00267257
10.70499420	0.00110979
10.72883606	0.00049982
10.75267792	0.00049429
10.77651978	0.00069941
10.80036163	0.00047284
10.82420349	0.00043392
10.84804535	0.00059185
10.87188721	0.00068406
10.89572906	0.00064876
10.91957092	0.00057247
10.94341278	0.00130939
10.96725464	0.00846930
10.99109650	0.02210743
11.01493835	0.01968931
11.03878021	0.00575698
11.06262207	0.00082584
11.08646393	0.00071103
11.11030579	0.00041780
11.13414764	0.00041094
11.15798950	0.00052604
11.18183136	0.00064572
11.20567322	0.00046346
11.22951508	0.00030789
11.25335693	0.00072320
11.27719879	0.00109522
11.30104065	0.00141721
11.32488251	0.00185528
11.34872437	0.00228597
11.37256622	0.00157342
11.39640808	0.00106122
11.42024994	0.00054921
11.44409180	0.00039562
11.46793365	0.00049782
11.49177551	0.00041880
11.51561737	0.00028175
11.53945923	0.00029185
11.56330109	0.00063252
11.58714294	0.00067740
11.61098480	0.00089996
11.63482666	0.00232907
11.65866852	0.00318259
11.68251038	0.00245023
11.70635223	0.00198342
11.73019409	0.00075120
11.75403595	0.00040484
11.77787781	0.00055272
11.80171967	0.00049659
11.82556152	0.00041031
11.84940338	0.00032515
11.87324524	0.00053069
11.89708710	0.00066617
11.92092896	0.00060759
11.94477081	0.00097923
11.96861267	0.01371368
11.99245453	0.03345320
12.01629639	0.02809015
12.04013824	0.00771533
12.06398010	0.00079362
12.08782196	0.00067992
12.11166382	0.00058963
12.13550568	0.00048310
12.15934753	0.00028422
12.18318939	0.00038809
12.20703125	0.00040923
12.23087311	0.00041305
12.25471497	0.00067746
12.27855682	0.00132407
12.30239868	0.00239976
12.32624054	0.00192298
12.35008240	0.00031227
12.37392426	0.00083964
12.39776611	0.00093836
12.42160797	0.00066837
12.44544983	0.00042183
12.46929169	0.00037806
12.49313354	0.00055181
12.51697540	0.00058881
12.54081726	0.00053393
12.56465912	0.00062852
12.58850098	0.00084776
12.61234283	0.00115401
12.63618469	0.00065307
12.66002655	0.00065490
12.68386841	0.00187218
12.70771027	0.00173828
12.73155212	0.00100921
12.75539398	0.00065552
12.77923584	0.00065806
12.80307770	0.00075313
12.82691956	0.00061791
12.85076141	0.00048212
12.87460327	0.00040861
12.89844513	0.00054947
12.92228699	0.00080018
12.94612885	0.00073980
12.96997070	0.01381255
12.99381256	0.03156510
13.01765442	0.02507517
13.04149628	0.00657452
13.06533813	0.00085627
13.08917999	0.00058946
13.11302185	0.00073587
13.13686371	0.00071862
13.16070557	0.00041762
13.18454742	0.00033908
13.20838928	0.00056167
13.23223114	0.00074579
13.25607300	0.00051612
13.27991486	0.00119449
13.30375671	0.00236957
13.32759857	0.00222905
13.35144043	0.00222425
13.37528229	0.00119710
13.39912415	0.00048952
13.42296600	0.00050453
13.44680786	0.00033686
13.47064972	0.00025496
13.49449158	0.00050680
13.51833344	0.00060384
13.54217529	0.00074421
13.56601715	0.00062178
13.58985901	0.00093112
13.61370087	0.00152997
13.63754272	0.00253408
13.66138458	0.00295465
13.68522644	0.00189817
13.70906830	0.00124342
13.73291016	0.00096076
13.75675201	0.00047244
13.78059387	0.00020199
13.80443573	0.00044914
13.82827759	0.00083794
13.85211945	0.00082938
13.87596130	0.00045709
13.89980316	0.00058146
13.92364502	0.00076715
13.94748688	0.00085080
13.97132874	0.00880949
13.99517059	0.01840493
14.01901245	0.01371174
14.04285431	0.00329116
14.06669617	0.00064710
14.09053802	0.00033989
14.11437988	0.00058233
14.13822174	0.00058664
14.16206360	0.00039668
14.18590546	0.00029110
14.20974731	0.00049992
14.23358917	0.00083944
14.25743103	0.00088598
14.28127289	0.00100164
14.30511475	0.00149467
14.32895660	0.00300953
14.35279846	0.00373043
14.37664032	0.00176301
14.40048218	0.00058201
14.42432404	0.00066382
14.44816589	0.00049511
14.47200775	0.00028390
14.49584961	0.00018451
14.51969147	0.00044587
14.54353333	0.00072373
14.56737518	0.00069769
14.59121704	0.00066493
14.61505890	0.00139830
14.63890076	0.00399395
14.66274261	0.00470457
14.68658447	0.00184757
14.71042633	0.00039971
14.73426819	0.00095243
14.75811005	0.00076623
14.78195190	0.00049853
14.80579376	0.00026763
14.82963562	0.00047738
14.85347748	0.00063438
14.87731934	0.00056008
14.90116119	0.00059035
14.92500305	0.00093336
14.94884491	0.00146860
14.97268677	0.00141756
14.99652863	0.00025525
15.02037048	0.00099835
15.04421234	0.00132144
15.06805420	0.00088225
15.09189606	0.00056707
15.11573792	0.00034811
15.13957977	0.00055302
15.16342163	0.00066955
15.18726349	0.00044287
15.21110535	0.00029081
15.23494720	0.00042082
15.25878906	0.00089565
15.28263092	0.00090950
15.30647278	0.00035343
15.33031464	0.00269800
15.35415649	0.00343746
15.37799835	0.00169178
15.40184021	0.00066210
15.42568207	0.00040793
15.44952393	0.00057130
15.47336578	0.00057159
15.49720764	0.00035069
15.52104950	0.00042534
15.54489136	0.00056193
15.56873322	0.00070331
15.59257507	0.00061678
15.61641693	0.00143120
15.64025879	0.00416034
15.66410065	0.00445388
15.68794250	0.00182234
15.71178436	0.00086684
15.73562622	0.00055823
15.75946808	0.00061017
15.78330994	0.00060956
15.80715179	0.00033957
15.83099365	0.00039418
15.85483551	0.00050838
15.87867737	0.00059362
15.90251923	0.00055495
15.92636108	0.00066300
15.95020294	0.00169934
15.97404480	0.00851440
15.99788666	0.01616508
16.02172852	0.01075369
16.04557037	0.00234249
16.06941223	0.00067684
16.09325409	0.00044178
16.11709595	0.00022749
16.14093781	0.00036979
16.16477966	0.00045205
16.18862152	0.00046910
16.21246338	0.00047129
16.23630524	0.00058540
16.26014709	0.00105399
16.28398895	0.00129536
16.30783081	0.00146604
16.33167267	0.00195644
16.35551453	0.00212253
16.37935638	0.00145238
16.40319824	0.00092277
16.42704010	0.00043562
16.45088196	0.00049391
16.47472382	0.00062231
16.49856567	0.00078460
16.52240753	0.00067451
16.54624939	0.00059362
16.57009125	0.00079552
16.59393311	0.00073431
16.61777496	0.00107022
16.64161682	0.00271207
16.66545868	0.00291858
16.68930054	0.00214379
16.71314240	0.00139440
16.73698425	0.00048347
16.76082611	0.00053886
16.78466797	0.00064985
16.80850983	0.00061223
16.83235168	0.00043587
16.85619354	0.00054718
16.88003540	0.00079252
16.90387726	0.00070805
16.92771912	0.00061609
16.95156097	0.00197036
16.97540283	0.01400523
16.99924469	0.02499866
17.02308655	0.01580292
17.04692841	0.00318705
17.07077026	0.00088086
17.09461212	0.00075103
17.11845398	0.00046784
17.14229584	0.00020628
17.16613770	0.00025270
17.18997955	0.00052727
17.21382141	0.00045413
17.23766327	0.00035113
17.26150513	0.00071607
17.28534698	0.00170412
17.30918884	0.00255052
17.33303070	0.00138257
17.35687256	0.00034888
17.38071442	0.00117238
17.40455627	0.00105215
17.42839813	0.00073068
17.45223999	0.00039091
17.47608185	0.00032777
17.49992371	0.00046343
17.52376556	0.00036521
17.54760742	0.00031879
17.57144928	0.00056706
17.59529114	0.00103382
17.61913300	0.00119671
17.64297485	0.00029545
17.66681671	0.00116795
17.69065857	0.00200413
17.71450043	0.00144240
17.73834229	0.00072098
17.76218414	0.00031090
17.78602600	0.00033773
17.80986786	0.00051725
17.83370972	0.00042881
17.85755157	0.00039122
17.88139343	0.00065232
17.90523529	0.00061566
17.92907715	0.00068223
17.95291901	0.00205006
17.97676086	0.01417269
18.00060272	0.02356663
18.02444458	0.01398664
18.04828644	0.00256077
18.07212830	0.00045423
18.09597015	0.00042648
18.11981201	0.00048130
18.14365387	0.00026584
18.16749573	0.00023676
18.19133759	0.00046886
18.21517944	0.00059723
18.23902130	0.00060052
18.26286316	0.00064876
18.28670502	0.00172862
18.31054688	0.00234694
18.33438873	0.00213354
18.35823059	0.00193928
18.38207245	0.00096810
18.40591431	0.00083084
18.42975616	0.00086169
18.45359802	0.00052973
18.47743988	0.00051613
18.50128174	0.00063392
18.52512360	0.00045990
18.54896545	0.00038331
18.57280731	0.00040342
18.59664917	0.00101105
18.62049103	0.00176345
18.64433289	0.00307007
18.66817474	0.00290101
18.69201660	0.00141402
18.71585846	0.00111625
18.73970032	0.00094665
18.76354218	0.00047966
18.78738403	0.00034221
18.81122589	0.00050795
18.83506775	0.00053169
18.85890961	0.00044290
18.88275146	0.00040410
18.90659332	0.00078854
18.93043518	0.00089314
18.95427704	0.00146252
18.97811890	0.00885932
19.00196075	0.01396154
19.02580261	0.00809922
19.04964447	0.00190277
19.07348633	0.00067126
19.09732819	0.00042324
19.12117004	0.00056990
19.14501190	0.00057610
19.16885376	0.00053852
19.19269562	0.00043836
19.21653748	0.00064398
19.24037933	0.00075321
19.26422119	0.00083235
19.28806305	0.00118754
19.31190491	0.00170116
19.33574677	0.00317848
19.35958862	0.00310568
19.38343048	0.00127382
19.40727234	0.00077720
19.43111420	0.00084469
19.45495605	0.00067211
19.47879791	0.00048887
19.50263977	0.00032157
19.52648163	0.00042412
19.55032349	0.00047224
19.57416534	0.00050396
19.59800720	0.00083654
19.62184906	0.00241943
19.64569092	0.00515790
19.66953278	0.00435237
19.69337463	0.00102955
19.71721649	0.00058751
19.74105835	0.00073648
19.76490021	0.00050609
19.78874207	0.00034727
19.81258392	0.00034779
19.83642578	0.00061963
19.86026764	0.00066931
19.88410950	0.00057994
19.90795135	0.00069731
19.93179321	0.00103379
19.95563507	0.00152851
19.97947693	0.00113037
20.00331879	0.00015766
20.02716064	0.00117429
20.05100250	0.00107228
20.07484436	0.00059480
20.09868622	0.00042780
20.12252808	0.00045982
20.14636993	0.00079626
20.17021179	0.00080573
20.19405365	0.00057256
20.21789551	0.00062740
20.24173737	0.00083962
20.26557922	0.00105325
20.28942108	0.00056947
20.31326294	0.00114631
20.33710480	0.00331074
20.36094666	0.00306010
20.38478851	0.00135545
20.40863037	0.00070052
20.43247223	0.00056240
20.45631409	0.00066855
20.48015594	0.00056067
20.50399780	0.00028503
20.52783966	0.00046626
20.55168152	0.00054316
20.57552338	0.00069407
20.59936523	0.00063343
20.62320709	0.00221001
20.64704895	0.00506672
20.67089081	0.00413337
20.69473267	0.00141074
20.71857452	0.00077044
20.74241638	0.00048184
20.76625824	0.00068091
20.79010010	0.00052995
20.81394196	0.00031059
20.83778381	0.00050867
20.86162567	0.00060522
20.88546753	0.00052269
20.90930939	0.00027199
20.93315125	0.00072563
20.95699310	0.00229894
20.98083496	0.00873426
21.00467682	0.01208687
21.02851868	0.00574837
21.05236053	0.00102827
21.07620239	0.00061804
21.10004425	0.00036846
21.12388611	0.00029331
21.14772797	0.00051033
21.17156982	0.00061499
21.19541168	0.00060856
21.21925354	0.00036809
21.24309540	0.00060650
21.26693726	0.00105977
21.29077911	0.00132767
21.31462097	0.00158735
21.33846283	0.00193199
21.36230469	0.00180335
21.38614655	0.00118144
21.40998840	0.00054447
21.43383026	0.00030057
21.45767212	0.00061971
21.48151398	0.00053799
21.50535583	0.00031607
21.52919769	0.00026542
21.55303955	0.00039854
21.57688141	0.00062519
21.60072327	0.00070204
21.62456512	0.00153211
21.64840698	0.00335598
21.67224884	0.00290181
21.69609070	0.00204412
21.71993256	0.00112342
21.74377441	0.00053733
21.76761627	0.00066042
21.79145813	0.00065018
21.81529999	0.00056130
21.83914185	0.00036150
21.86298370	0.00056118
21.88682556	0.00063187
21.91066742	0.00034286
21.93450928	0.00057072
21.95835114	0.00331726
21.98219299	0.01418548
22.00603485	0.01864771
22.02987671	0.00857373
22.05371857	0.00131848
22.07756042	0.00099043
22.10140228	0.00082899
22.12524414	0.00064081
22.14908600	0.00049356
22.17292786	0.00052425
22.19676971	0.00060866
22.22061157	0.00046360
22.24445343	0.00050476
22.26829529	0.00101618
22.29213715	0.00221418
22.31597900	0.00251725
22.33982086	0.00102944
22.36366272	0.00048127
22.38750458	0.00100964
22.41134644	0.00080452
22.43518829	0.00045784
22.45903015	0.00026238
22.48287201	0.00026530
22.50671387	0.00037322
22.53055573	0.00029607
22.55439758	0.00042490
22.57823944	0.00076819
22.60208130	0.00119110
22.62592316	0.00115279
22.64976501	0.00016829
22.67360687	0.00146840
22.69744873	0.00209281
22.72129059	0.00125039
22.74513245	0.00060076
22.76897430	0.00051002
22.79281616	0.00061042
22.81665802	0.00063165
22.84049988	0.00038669
22.86434174	0.00042828
22.88818359	0.00059840
22.91202545	0.00074247
22.93586731	0.00064070
22.95970917	0.00331410
22.98355103	0.01418397
23.00739288	0.01771012
23.03123474	0.00781941
23.05507660	0.00119952
23.07891846	0.00051373
23.10276031	0.00051902
23.12660217	0.00061306
23.15044403	0.00044904
23.17428589	0.00050347
23.19812775	0.00063921
23.22196960	0.00070202
23.24581146	0.00053150
23.26965332	0.00066326
23.29349518	0.00195310
23.31733704	0.00249050
23.34117889	0.00242744
23.36502075	0.00177519
23.38886261	0.00082908
23.41270447	0.00079969
23.43654633	0.00062770
23.46038818	0.00024369
23.48423004	0.00032166
23.50807190	0.00044242
23.53191376	0.00039871
23.55575562	0.00028348
23.57959747	0.00042168
23.60343933	0.00116416
23.62728119	0.00220235
23.65112305	0.00356121
23.67496490	0.00266068
23.69880676	0.00094115
23.72264862	0.00080960
23.74649048	0.00077519
23.77033234	0.00041970
23.79417419	0.00044697
23.81801605	0.00054313
23.84185791	0.00052062
23.86569977	0.00036142
23.88954163	0.00026920
23.91338348	0.00065649
23.93722534	0.00093987
23.96106720	0.00264581
23.98490906	0.00896692
24.00875092	0.01044725
24.03259277	0.00451777
24.05643463	0.00106791
24.08027649	0.00038362
24.10411835	0.00046193
24.12796021	0.00042426
24.15180206	0.00048230
24.17564392	0.00048628
24.19948578	0.00063259
24.22332764	0.00090284
24.24716949	0.00073791
24.27101135	0.00067559
24.29485321	0.00135229
24.31869507	0.00222400
24.34253693	0.00353718
24.36637878	0.00254317
24.39022064	0.00074595
24.41406250	0.00047043
24.43790436	0.00040756
24.46174622	0.00046248
24.48558807	0.00033126
24.50942993	0.00036116
24.53327179	0.00059072
24.55711365	0.00050770
24.58095551	0.00049215
24.60479736	0.00101620
24.62863922	0.00331399
24.65248108	0.00576731
24.67632294	0.00359050
24.70016479	0.00020440
24.72400665	0.00094790
24.74784851	0.00076855
24.77169037	0.00042615
24.79553223	0.00024370
24.81937408	0.00045008
24.84321594	0.00071503
24.86705780	0.00060347
24.89089966	0.00048412
24.91474152	0.00067235
24.93858337	0.00119490
24.96242523	0.00162039
24.98626709	0.00083214
25.01010895	0.00050057
25.03395081	0.00136040
25.05779266	0.00106463
25.08163452	0.00042194
25.10547638	0.00007731
25.12931824	0.00016898
25.15316010	0.00050526
25.17700195	0.00044980
25.20084381	0.00027509
25.22468567	0.00045615
25.24852753	0.00068971
25.27236938	0.00083696
25.29621124	0.00029213
25.32005310	0.00164428
25.34389496	0.00334818
25.36773682	0.00245691
25.39157867	0.00108382
25.41542053	0.00061690
25.43926239	0.00062805
25.46310425	0.00067627
25.48694611	0.00045222
25.51078796	0.00041830
25.53462982	0.00049711
25.55847168	0.00052243
25.58231354	0.00055493
25.60615540	0.00079027
25.62999725	0.00353633
25.65383911	0.00597841
25.67768097	0.00372292
25.70152283	0.00135435
25.72536469	0.00075121
25.74920654	0.00069622
25.77304840	0.00078212
25.79689026	0.00055073
25.82073212	0.00034377
25.84457397	0.00039105
25.86841583	0.00040251
25.89225769	0.00053114
25.91609955	0.00044959
25.93994141	0.00109061
25.96378326	0.00302163
25.98762512	0.00862290
26.01146698	0.00904518
26.03530884	0.00336334
26.05915070	0.00100661
26.08299255	0.00090001
26.10683441	0.00058514
26.13067627	0.00051302
26.15451813	0.00056610
26.17835999	0.00048624
26.20220184	0.00042135
26.22604370	0.00035205
26.24988556	0.00067142
26.27372742	0.00105994
26.29756927	0.00146375
26.32141113	0.00179979
26.34525299	0.00217125
26.36909485	0.00161850
26.39293671	0.00098634
26.41677856	0.00050798
26.44062042	0.00038555
26.46446228	0.00050236
26.48830414	0.00060612
26.51214600	0.00050733
26.53598785	0.00029974
26.55982971	0.00054731
26.58367157	0.00080380
26.60751343	0.00097890
26.63135529	0.00229571
26.65519714	0.00360195
26.67903900	0.00247951
26.70288086	0.00184079
26.72672272	0.00076210
26.75056458	0.00037502
26.77440643	0.00057186
26.79824829	0.00048305
26.82209015	0.00044506
26.84593201	0.00045992
26.86977386	0.00065421
26.89361572	0.00067401
26.91745758	0.00059076
26.94129944	0.00073895
26.96514130	0.00465958
26.98898315	0.01382913
27.01282501	0.01369022
27.03666687	0.00457821
27.06050873	0.00059860
27.08435059	0.00043059
27.10819244	0.00037279
27.13203430	0.00046124
27.15587616	0.00029680
27.17971802	0.00052717
27.20355988	0.00062397
27.22740173	0.00052464
27.25124359	0.00059232
27.27508545	0.00122391
27.29892731	0.00235957
27.32276917	0.00201916
27.34661102	0.00028253
27.37045288	0.00093918
27.39429474	0.00115084
27.41813660	0.00080791
27.44197845	0.00046213
27.46582031	0.00034115
27.48966217	0.00050986
27.51350403	0.00049389
27.53734589	0.00031811
27.56118774	0.00037463
27.58502960	0.00072819
27.60887146	0.00118774
27.63271332	0.00090899
27.65655518	0.00035192
27.68039703	0.00177790
27.70423889	0.00184937
27.72808075	0.00086683
27.75192261	0.00038865
27.77576447	0.00037036
27.79960632	0.00058190
27.82344818	0.00053062
27.84729004	0.00027285
27.87113190	0.00034559
27.89497375	0.00059136
27.91881561	0.00094599
27.94265747	0.00043776
27.96649933	0.00488054
27.99034119	0.01387275
28.01418304	0.01297603
28.03802490	0.00417141
28.06186676	0.00062249
28.08570862	0.00042373
28.10955048	0.00062878
28.13339233	0.00056580
28.15723419	0.00039198
28.18107605	0.00054641
28.20491791	0.00047450
28.22875977	0.00054118
28.25260162	0.00049594
28.27644348	0.00111396
28.30028534	0.00240657
28.32412720	0.00222332
28.34796906	0.00209243
28.37181091	0.00127865
28.39565277	0.00078226
28.41949463	0.00082515
28.44333649	0.00054591
28.46717834	0.00031136
28.49102020	0.00049617
28.51486206	0.00050091
28.53870392	0.00039697
28.56254578	0.00027425
28.58638763	0.00063437
28.61022949	0.00133469
28.63407135	0.00285261
28.65791321	0.00382692
28.68175507	0.00216138
28.70559692	0.00109951
28.72943878	0.00108136
28.75328064	0.00074377
28.77712250	0.00044765
28.80096436	0.00059843
28.82480621	0.00065394
28.84864807	0.00064682
28.87248993	0.00047651
28.89633179	0.00057952
28.92017365	0.00087657
28.94401550	0.00084418
28.96785736	0.00341327
28.99169922	0.00844954
29.01554108	0.00756713
29.03938293	0.00271108
29.06322479	0.00084544
29.08706665	0.00029359
29.11090851	0.00051343
29.13475037	0.00061626
29.15859222	0.00052469
29.18243408	0.00029941
29.20627594	0.00047241
29.23011780	0.00091019
29.25395966	0.00103744
29.27780151	0.00132567
29.30164337	0.00176018
29.32548523	0.00255086
29.34932709	0.00358813
29.37316895	0.00205266
29.39701080	0.00069155
29.42085266	0.00069420
29.44469452	0.00055922
29.46853638	0.00046688
29.49237823	0.00028170
29.51622009	0.00035513
29.54006195	0.00052696
29.56390381	0.00040593
29.58774567	0.00049036
29.61158752	0.00143329
29.63542938	0.00453716
29.65927124	0.00605609
29.68311310	0.00285760
29.70695496	0.00008691
29.73079681	0.00088290
29.75463867	0.00074596
29.77848053	0.00051977
29.80232239	0.00038501
29.82616425	0.00050146
29.85000610	0.00067756
29.87384796	0.00057374
29.89768982	0.00053552
29.92153168	0.00085398
29.94537354	0.00136673
29.96921539	0.00143838
29.99305725	0.00045017
30.01689911	0.00078651
30.04074097	0.00124511
30.06458282	0.00075594
30.08842468	0.00040921
30.11226654	0.00046635
30.13610840	0.00063752
30.15995026	0.00067972
30.18379211	0.00044889
30.20763397	0.00045081
30.23147583	0.00060414
30.25531769	0.00082228
30.27915955	0.00089298
30.30300140	0.00011711
30.32684326	0.00208022
30.35068512	0.00322157
30.37452698	0.00186463
30.39836884	0.00068688
30.42221069	0.00031181
30.44605255	0.00042395
30.46989441	0.00048194
30.49373627	0.00030877
30.51757813	0.00039409
30.54141998	0.00059197
30.56526184	0.00065585
30.58910370	0.00048423
30.61294556	0.00131648
30.63678741	0.00491848
30.66062927	0.00633956
30.68447113	0.00311679
30.70831299	0.00091129
30.73215485	0.00046674
30.75599670	0.00060389
30.77983856	0.00061676
30.80368042	0.00034978
30.82752228	0.00033879
30.85136414	0.00040097
30.87520599	0.00048245
30.89904785	0.00040199
30.92288971	0.00043955
30.94673157	0.00133397
30.97057343	0.00370214
30.99441528	0.00807058
31.01825714	0.00638088
31.04209900	0.00177606
31.06594086	0.00074458
31.08978271	0.00054940
31.11362457	0.00023039
31.13746643	0.00032840
31.16130829	0.00049664
31.18515015	0.00058512
31.20899200	0.00054771
31.23283386	0.00059732
31.25667572	0.00109515
31.28051758	0.00128440
31.30435944	0.00138354
31.32820129	0.00171208
31.35204315	0.00183680
31.37588501	0.00135114
31.39972687	0.00097457
31.42356873	0.00049017
31.44741058	0.00059326
31.47125244	0.00055667
31.49509430	0.00038725
31.51893616	0.00033401
31.54277802	0.00032842
31.56661987	0.00070984
31.59046173	0.00082409
31.61430359	0.00120545
31.63814545	0.00315876
31.66198730	0.00380317
31.68582916	0.00220063
31.70967102	0.00142908
31.73351288	0.00048062
31.75735474	0.00040631
31.78119659	0.00044506
31.80503845	0.00049562
31.82888031	0.00043059
31.85272217	0.00045642
31.87656403	0.00065710
31.90040588	0.00067875
31.92424774	0.00063551
31.94808960	0.00109333
31.97193146	0.00609801
31.99577332	0.01300771
32.01961517	0.00972187
32.04345703	0.00238124
32.06729889	0.00055358
32.09114075	0.00059841
32.11498260	0.00044993
32.13882446	0.00024395
32.16266632	0.00027606
32.18650818	0.00043947
32.21035004	0.00039084
32.23419189	0.00041913
32.25803375	0.00075888
32.28187561	0.00158026
32.30571747	0.00251873
32.32955933	0.00169032
32.35340118	0.00016713
32.37724304	0.00106481
32.40108490	0.00100052
32.42492676	0.00058812
32.44876862	0.00038657
32.47261047	0.00048614
32.49645233	0.00070849
32.52029419	0.00042960
32.54413605	0.00024086
32.56797791	0.00036985
32.59181976	0.00094892
32.61566162	0.00129658
32.63950348	0.00070820
32.66334534	0.00049975
32.68718719	0.00157049
32.71102905	0.00135319
32.73487091	0.00071089
32.75871277	0.00035727
32.78255463	0.00034423
32.80639648	0.00043000
32.83023834	0.00023265
32.85408020	0.00019755
32.87792206	0.00051499
32.90176392	0.00080177
32.92560577	0.00100122
32.94944763	0.00019212
32.97328949	0.00626170
32.99713135	0.01282281
33.02097321	0.00920279
33.04481506	0.00225631
33.06865692	0.00044528
33.09249878	0.00046705
33.11634064	0.00072630
33.14018250	0.00057984
33.16402435	0.00036708
33.18786621	0.00051278
33.21170807	0.00062035
33.23554993	0.00069434
33.25939178	0.00056313
33.28323364	0.00158737
33.30707550	0.00265007
33.33091736	0.00220447
33.35475922	0.00195368
33.37860107	0.00101616
33.40244293	0.00070224
33.42628479	0.00086386
33.45012665	0.00064504
33.47396851	0.00039125
33.49781036	0.00048202
33.52165222	0.00057152
33.54549408	0.00054652
33.56933594	0.00037811
33.59317780	0.00076719
33.61701965	0.00160500
33.64086151	0.00346082
33.66470337	0.00361961
33.68854523	0.00159205
33.71238708	0.00138536
33.73622894	0.00104970
33.76007080	0.00035839
33.78391266	0.00020156
33.80775452	0.00040179
33.83159637	0.00050977
33.85543823	0.00055042
33.87928009	0.00040643
33.90312195	0.00056888
33.92696381	0.00080464
33.95080566	0.00079011
33.97464752	0.00431312
33.99848938	0.00777241
34.02233124	0.00525221
34.04617310	0.00150498
34.07001495	0.00035520
34.09385681	0.00018517
34.11769867	0.00048366
34.14154053	0.00061831
34.16538239	0.00049658
34.18922424	0.00024686
34.21306610	0.00044775
34.23690796	0.00065656
34.26074982	0.00062725
34.28459167	0.00114077
34.30843353	0.00201832
34.33227539	0.00298954
34.35611725	0.00313074
34.37995911	0.00118888
34.40380096	0.00031822
34.42764282	0.00037713
34.45148468	0.00031730
34.47532654	0.00031253
34.49916840	0.00029640
34.52301025	0.00059104
34.54685211	0.00059935
34.57069397	0.00035962
34.59453583	0.00065188
34.61837769	0.00226901
34.64221954	0.00593520
34.66606140	0.00601206
34.68990326	0.00199274
34.71374512	0.00043414
34.73758698	0.00079803
34.76142883	0.00075457
34.78527069	0.00060890
34.80911255	0.00049044
34.83295441	0.00058594
34.85679626	0.00074722
34.88063812	0.00053254
34.90447998	0.00052066
34.92832184	0.00083378
34.95216370	0.00146704
34.97600555	0.00120564
34.99984741	0.00017513
35.02368927	0.00121207
35.04753113	0.00136211
35.07137299	0.00071048
35.09521484	0.00038924
35.11905670	0.00034347
35.14289856	0.00063252
35.16674042	0.00058407
35.19058228	0.00030301
35.21442413	0.00043931
35.23826599	0.00074733
35.26210785	0.00094994
35.28594971	0.00082163
35.30979156	0.00053337
35.33363342	0.00267162
35.35747528	0.00292568
35.38131714	0.00126266
35.40515900	0.00052172
35.42900085	0.00049521
35.45284271	0.00064617
35.47668457	0.00050368
35.50052643	0.00022968
35.52436829	0.00036110
35.54821014	0.00046294
35.57205200	0.00063392
35.59589386	0.00058143
35.61973572	0.00212396
35.64357758	0.00595653
35.66741943	0.00583496
35.69126129	0.00204521
35.71510315	0.00075502
35.73894501	0.00046222
35.76278687	0.00062975
35.78662872	0.00069319
35.81047058	0.00056484
35.83431244	0.00063993
35.85815430	0.00064820
35.88199615	0.00062883
35.90583801	0.00039339
35.92967987	0.00065948
35.95352173	0.00162419
35.97736359	0.00443924
36.00120544	0.00716844
36.02504730	0.00419729
36.04888916	0.00115334
36.07273102	0.00093829
36.09657288	0.00082206
36.12041473	0.00050535
36.14425659	0.00054267
36.16809845	0.00051274
36.19194031	0.00052044
36.21578217	0.00045167
36.23962402	0.00070328
36.26346588	0.00119534
36.28730774	0.00147298
36.31114960	0.00173309
36.33499146	0.00183567
36.35883331	0.00173212
36.38267517	0.00128201
36.40651703	0.00077369
36.43035889	0.00034493
36.45420074	0.00052693
36.47804260	0.00056801
36.50188446	0.00044878
36.52572632	0.00030671
36.54956818	0.00046335
36.57341003	0.00092644
36.59725189	0.00099863
36.62109375	0.00169264
36.64493561	0.00385034
36.66877747	0.00360227
36.69261932	0.00208152
36.71646118	0.00126746
36.74030304	0.00056840
36.76414490	0.00059957
36.78798676	0.00055155
36.81182861	0.00053992
36.83567047	0.00038876
36.85951233	0.00047031
36.88335419	0.00071370
36.90719604	0.00060477
36.93103790	0.00053953
36.95487976	0.00145576
36.97872162	0.00745479
37.00256348	0.01152560
37.02640533	0.00630077
37.05024719	0.00109355
37.07408905	0.00050621
37.09793091	0.00058481
37.12177277	0.00064112
37.14561462	0.00042788
37.16945648	0.00052018
37.19329834	0.00043766
37.21714020	0.00020905
37.24098206	0.00033466
37.26482391	0.00091342
37.28866577	0.00189570
37.31250763	0.00255753
37.33634949	0.00131500
37.36019135	0.00026325
37.38403320	0.00093195
37.40787506	0.00086027
37.43171692	0.00076700
37.45555878	0.00060311
37.47940063	0.00065793
37.50324249	0.00062426
37.52708435	0.00037388
37.55092621	0.00034536
37.57476807	0.00053874
37.59860992	0.00102875
37.62245178	0.00115640
37.64629364	0.00023978
37.67013550	0.00112284
37.69397736	0.00183397
37.71781921	0.00124745
37.74166107	0.00068461
37.76550293	0.00039475
37.78934479	0.00051725
37.81318665	0.00063303
37.83702850	0.00037542
37.86087036	0.00023943
37.88471222	0.00047862
37.90855408	0.00088581
37.93239594	0.00094338
37.95623779	0.00105665
37.98007965	0.00740957
38.00392151	0.01104682
38.02776337	0.00593191
38.05160522	0.00129168
38.07544708	0.00049857
38.09928894	0.00045017
38.12313080	0.00053789
38.14697266	0.00039618
38.17081451	0.00029501
38.19465637	0.00037986
38.21849823	0.00056283
38.24234009	0.00051432
38.26618195	0.00060133
38.29002380	0.00188513
38.31386566	0.00267392
38.33770752	0.00218534
38.36154938	0.00157524
38.38539124	0.00069238
38.40923309	0.00049656
38.43307495	0.00052228
38.45691681	0.00036754
38.48075867	0.00055758
38.50460052	0.00081920
38.52844238	0.00069530
38.55228424	0.00051170
38.57612610	0.00052763
38.59996796	0.00107226
38.62380981	0.00212292
38.64765167	0.00406210
38.67149353	0.00341239
38.69533539	0.00128562
38.71917725	0.00102749
38.74301910	0.00089639
38.76686096	0.00045983
38.79070282	0.00042928
38.81454468	0.00051505
38.83838654	0.00058746
38.86222839	0.00052139
38.88607025	0.00041375
38.90991211	0.00070252
38.93375397	0.00087195
38.95759583	0.00125570
38.98143768	0.00476596
39.00527954	0.00653112
39.02912140	0.00353621
39.05296326	0.00132146
39.07680511	0.00046560
39.10064697	0.00032646
39.12448883	0.00050579
39.14833069	0.00056974
39.17217255	0.00041966
39.19601440	0.00031944
39.21985626	0.00069329
39.24369812	0.00089229
39.26753998	0.00091449
39.29138184	0.00139704
39.31522369	0.00206695
39.33906555	0.00305353
39.36290741	0.00256344
39.38674927	0.00087766
39.41059113	0.00054740
39.43443298	0.00065651
39.45827484	0.00057031
39.48211670	0.00041307
39.50595856	0.00032909
39.52980042	0.00048153
39.55364227	0.00049770
39.57748413	0.00059266
39.60132599	0.00094116
39.62516785	0.00345437
39.64900970	0.00704333
39.67285156	0.00537154
39.69669342	0.00100826
39.72053528	0.00083097
39.74437714	0.00094150
39.76821899	0.00070977
39.79206085	0.00050777
39.81590271	0.00044170
39.83974457	0.00071379
39.86358643	0.00068507
39.88742828	0.00048160
39.91127014	0.00050346
39.93511200	0.00095248
39.95895386	0.00157768
39.98279572	0.00109861
40.00663757	0.00017933
40.03047943	0.00122179
40.05432129	0.00134060
40.07816315	0.00087353
40.10200500	0.00046333
40.12584686	0.00039913
40.14968872	0.00050570
40.17353058	0.00045504
40.19737244	0.00038204
40.22121429	0.00055338
40.24505615	0.00058367
40.26889801	0.00084422
40.29273987	0.00037578
40.31658173	0.00127941
40.34042358	0.00301375
40.36426544	0.00239206
40.38810730	0.00090858
40.41194916	0.00042077
40.43579102	0.00051183
40.45963287	0.00071673
40.48347473	0.00062925
40.50731659	0.00051850
40.53115845	0.00071165
40.55500031	0.00073553
40.57884216	0.00078412
40.60268402	0.00090942
40.62652588	0.00368539
40.65036774	0.00726709
40.67420959	0.00522830
40.69805145	0.00141832
40.72189331	0.00050347
40.74573517	0.00053231
40.76957703	0.00076008
40.79341888	0.00051107
40.81726074	0.00039718
40.84110260	0.00063276
40.86494446	0.00072328
40.88878632	0.00065417
40.91262817	0.00038876
40.93647003	0.00089599
40.96031189	0.00198938
40.98415375	0.00489620
41.00799561	0.00601636
41.03183746	0.00272781
41.05567932	0.00090613
41.07952118	0.00079935
41.10336304	0.00045143
41.12720490	0.00032338
41.15104675	0.00054794
41.17488861	0.00069718
41.19873047	0.00071824
41.22257233	0.00056947
41.24641418	0.00083604
41.27025604	0.00119879
41.29409790	0.00154510
41.31793976	0.00171123
41.34178162	0.00185096
41.36562347	0.00157224
41.38946533	0.00116809
41.41330719	0.00057971
41.43714905	0.00026142
41.46099091	0.00046825
41.48483276	0.00062388
41.50867462	0.00060132
41.53251648	0.00036661
41.55635834	0.00047589
41.58020020	0.00077874
41.60404205	0.00102739
41.62788391	0.00265348
41.65172577	0.00472383
41.67556763	0.00336399
41.69940948	0.00177579
41.72325134	0.00077832
41.74709320	0.00035591
41.77093506	0.00062628
41.79477692	0.00068461
41.81861877	0.00050588
41.84246063	0.00035121
41.86630249	0.00063651
41.89014435	0.00086003
41.91398621	0.00076028
41.93782806	0.00085224
41.96166992	0.00224557
41.98551178	0.00803418
42.00935364	0.00947070
42.03319550	0.00383208
42.05703735	0.00066597
42.08087921	0.00075051
42.10472107	0.00061489
42.12856293	0.00039987
42.15240479	0.00025801
42.17624664	0.00050181
42.20008850	0.00060224
42.22393036	0.00038055
42.24777222	0.00048141
42.27161407	0.00107093
42.29545593	0.00241025
42.31929779	0.00251352
42.34313965	0.00080798
42.36698151	0.00058048
42.39082336	0.00101039
42.41466522	0.00090447
42.43850708	0.00066469
42.46234894	0.00059676
42.48619080	0.00065134
42.51003265	0.00059517
42.53387451	0.00033993
42.55771637	0.00037175
42.58155823	0.00063836
42.60540009	0.00120944
42.62924194	0.00111695
42.65308380	0.00012122
42.67692566	0.00147119
42.70076752	0.00166447
42.72460938	0.00092043
42.74845123	0.00043537
42.77229309	0.00030805
42.79613495	0.00052948
42.81997681	0.00055140
42.84381866	0.00022303
42.86766052	0.00020141
42.89150238	0.00040918
42.91534424	0.00076066
42.93918610	0.00054399
42.96302795	0.00233709
42.98686981	0.00833796
43.01071167	0.00915811
43.03455353	0.00363716
43.05839539	0.00078530
43.08223724	0.00045440
43.10607910	0.00057151
43.12992096	0.00054670
43.15376282	0.00030036
43.17760468	0.00042842
43.20144653	0.00061773
43.22528839	0.00076354
43.24913025	0.00070098
43.27297211	0.00119452
43.29681396	0.00263395
43.32065582	0.00268729
43.34449768	0.00209661
43.36833954	0.00142911
43.39218140	0.00069993
43.41602325	0.00067564
43.43986511	0.00050038
43.46370697	0.00021820
43.48754883	0.00045318
43.51139069	0.00065635
43.53523254	0.00056988
43.55907440	0.00036557
43.58291626	0.00053488
43.60675812	0.00136189
43.63059998	0.00314917
43.65444183	0.00483333
43.67828369	0.00306767
43.70212555	0.00098569
43.72596741	0.00093592
43.74980927	0.00059498
43.77365112	0.00022141
43.79749298	0.00040097
43.82133484	0.00051396
43.84517670	0.00048296
43.86901855	0.00034174
43.89286041	0.00041476
43.91670227	0.00082356
43.94054413	0.00101687
43.96438599	0.00175403
43.98822784	0.00505542
44.01206970	0.00546368
44.03591156	0.00245369
44.05975342	0.00096593
44.08359528	0.00052262
44.10743713	0.00059679
44.13127899	0.00055895
44.15512085	0.00041880
44.17896271	0.00029957
44.20280457	0.00046086
44.22664642	0.00072748
44.25048828	0.00064079
44.27433014	0.00076043
44.29817200	0.00150591
44.32201385	0.00209939
44.34585571	0.00308288
44.36969757	0.00191088
44.39353943	0.00047382
44.41738129	0.00060747
44.44122314	0.00064743
44.46506500	0.00040408
44.48890686	0.00023650
44.51274872	0.00040461
44.53659058	0.00062355
44.56043243	0.00046513
44.58427429	0.00037428
44.60811615	0.00127672
44.63195801	0.00509429
44.65579987	0.00809287
44.67964172	0.00459740
44.70348358	0.00044983
44.72732544	0.00072168
44.75116730	0.00076956
44.77500916	0.00061712
44.79885101	0.00049277
44.82269287	0.00057841
44.84653473	0.00059013
44.87037659	0.00025972
44.89421844	0.00024623
44.91806030	0.00071111
44.94190216	0.00144368
44.96574402	0.00177966
44.98958588	0.00080895
45.01342773	0.00042117
45.03726959	0.00110807
45.06111145	0.00087766
45.08495331	0.00040502
45.10879517	0.00017285
45.13263702	0.00030262
45.15647888	0.00054895
45.18032074	0.00039808
45.20416260	0.00039806
45.22800446	0.00072171
45.25184631	0.00106925
45.27568817	0.00114396
45.29953003	0.00022266
45.32337189	0.00174381
45.34721375	0.00302521
45.37105560	0.00201959
45.39489746	0.00101761
45.41873932	0.00058554
45.44258118	0.00051989
45.46642303	0.00049695
45.49026489	0.00022497
45.51410675	0.00025615
45.53794861	0.00050238
45.56179047	0.00061609
45.58563232	0.00053626
45.60947418	0.00111744
45.63331604	0.00527182
45.65715790	0.00808393
45.68099976	0.00440163
45.70484161	0.00105723
45.72868347	0.00066387
45.75252533	0.00073231
45.77636719	0.00078447
45.80020905	0.00049858
45.82405090	0.00040216
45.84789276	0.00056432
45.87173462	0.00058392
45.89557648	0.00037589
45.91941833	0.00034572
45.94326019	0.00128372
45.96710205	0.00237779
45.99094391	0.00513924
46.01478577	0.00483944
46.03862762	0.00179213
46.06246948	0.00096552
46.08631134	0.00092022
46.11015320	0.00041399
46.13399506	0.00027098
46.15783691	0.00043653
46.18167877	0.00046033
46.20552063	0.00034641
46.22936249	0.00024570
46.25320435	0.00069584
46.27704620	0.00117727
46.30088806	0.00157683
46.32472992	0.00169456
46.34857178	0.00172522
46.37241364	0.00118573
46.39625549	0.00086755
46.42009735	0.00035688
46.44393921	0.00018540
46.46778107	0.00036192
46.49162292	0.00049406
46.51546478	0.00029512
46.53930664	0.00021342
46.56314850	0.00039564
46.58699036	0.00067260
46.61083221	0.00112081
46.63467407	0.00347397
46.65851593	0.00495132
46.68235779	0.00293311
46.70619965	0.00171801
46.73004150	0.00080596
46.75388336	0.00066136
46.77772522	0.00073221
46.80156708	0.00065820
46.82540894	0.00048446
46.84925079	0.00034625
46.87309265	0.00048262
46.89693451	0.00056466
46.92077637	0.00060903
46.94461823	0.00089228
46.96846008	0.00332490
46.99230194	0.00823690
47.01614380	0.00711557
47.03998566	0.00205146
47.06382751	0.00055137
47.08766937	0.00068998
47.11151123	0.00049597
47.13535309	0.00047511
47.15919495	0.00057816
47.18303680	0.00078834
47.20687866	0.00075873
47.23072052	0.00054259
47.25456238	0.00068521
47.27840424	0.00145101
47.30224609	0.00271287
47.32608795	0.00201905
47.34992981	0.00026131
47.37377167	0.00091516
47.39761353	0.00096363
47.42145538	0.00064601
47.44529724	0.00042105
47.46913910	0.00045300
47.49298096	0.00057026
47.51682281	0.00053392
47.54066467	0.00042122
47.56450653	0.00052294
47.58834839	0.00089233
47.61219025	0.00134913
47.63603210	0.00098034
47.65987396	0.00039060
47.68371582	0.00165116
47.70755768	0.00154326
47.73139954	0.00073246
47.75524139	0.00036665
47.77908325	0.00025451
47.80292511	0.00037026
47.82676697	0.00048206
47.85060883	0.00043026
47.87445068	0.00038796
47.89829254	0.00053470
47.92213440	0.00068792
47.94597626	0.00022538
47.96981812	0.00340798
47.99365997	0.00837079
48.01750183	0.00691521
48.04134369	0.00196809
48.06518555	0.00053298
48.08902740	0.00058409
48.11286926	0.00078279
48.13671112	0.00062982
48.16055298	0.00041731
48.18439484	0.00049671
48.20823669	0.00059458
48.23207855	0.00068349
48.25592041	0.00060116
48.27976227	0.00156572
48.30360413	0.00301402
48.32744598	0.00249121
48.35128784	0.00176198
48.37512970	0.00082065
48.39897156	0.00055042
48.42281342	0.00066086
48.44665527	0.00055099
48.47049713	0.00042310
48.49433899	0.00053296
48.51818085	0.00061401
48.54202271	0.00056919
48.56586456	0.00025898
48.58970642	0.00052344
48.61354828	0.00174044
48.63739014	0.00430218
48.66123199	0.00521360
48.68507385	0.00242743
48.70891571	0.00093799
48.73275757	0.00093131
48.75659943	0.00052929
48.78044128	0.00025005
48.80428314	0.00037455
