Частота	A * B
(kГц)	(?)

0.00000000	2.68902700
0.02384186	1.17495600
0.04768372	0.27928560
0.07152557	0.09632917
0.09536743	0.05733354
0.11920929	0.02293824
0.14305115	0.04765502
0.16689301	0.07076429
0.19073486	0.06487036
0.21457672	0.04036031
0.23841858	0.04447388
0.26226044	0.09878528
0.28610229	0.14045370
0.30994415	0.24553410
0.33378601	0.31054760
0.35762787	0.24641070
0.38146973	0.11545990
0.40531158	0.05935734
0.42915344	0.02128628
0.45299530	0.02057435
0.47683716	0.01529205
0.50067902	0.01077918
0.52452087	0.03834702
0.54836273	0.03513260
0.57220459	0.01312882
0.59604645	0.05348160
0.61988831	0.11502100
0.64373016	0.26504900
0.66757202	0.32628730
0.69141388	0.24425710
0.71525574	0.13611120
0.73909760	0.08755508
0.76293945	0.03292964
0.78678131	0.03873179
0.81062317	0.06125773
0.83446503	0.05218325
0.85830688	0.03217756
0.88214874	0.02940063
0.90599060	0.05970201
0.92983246	0.07562832
0.95367432	0.08580111
0.97751617	0.49950340
1.00135803	0.78746590
1.02519989	0.44308940
1.04904175	0.12732600
1.07288361	0.08109926
1.09672546	0.05347808
1.12056732	0.02479301
1.14440918	0.05538862
1.16825104	0.07775054
1.19209290	0.06811375
1.21593475	0.04452040
1.23977661	0.05256311
1.26361847	0.10809260
1.28746033	0.15942170
1.31130219	0.26203110
1.33514404	0.31578890
1.35898590	0.24105750
1.38282776	0.10269510
1.40666962	0.05328670
1.43051147	0.02432159
1.45435333	0.02318426
1.47819519	0.00735712
1.50203705	0.01391698
1.52587891	0.03655490
1.54972076	0.02525074
1.57356262	0.01782413
1.59740448	0.06721820
1.62124634	0.13326950
1.64508820	0.30680440
1.66893005	0.34519340
1.69277191	0.23593410
1.71661377	0.12878080
1.74045563	0.07671944
1.76429749	0.00769055
1.78813934	0.03529585
1.81198120	0.05084331
1.83582306	0.04174479
1.85966492	0.02360083
1.88350677	0.02262570
1.90734863	0.04545281
1.93119049	0.05789354
1.95503235	0.16186130
1.97887421	1.01541200
2.00271606	1.52030400
2.02655792	0.78783910
2.05039978	0.14208070
2.07424164	0.08031616
2.09808350	0.05478887
2.12192535	0.03042859
2.14576721	0.06376530
2.16960907	0.07973643
2.19345093	0.06279526
2.21729279	0.03780466
2.24113464	0.08210523
2.26497650	0.11983900
2.28881836	0.15935670
2.31266022	0.25544740
2.33650208	0.31019520
2.36034393	0.23874710
2.38418579	0.09576245
2.40802765	0.04913130
2.43186951	0.02774033
2.45571136	0.02151634
2.47955322	0.02067716
2.50339508	0.04792219
2.52723694	0.05799650
2.55107880	0.03039490
2.57492065	0.02710583
2.59876251	0.08899555
2.62260437	0.17578260
2.64644623	0.37069600
2.67028809	0.39604710
2.69412994	0.25557970
2.71797180	0.12078720
2.74181366	0.07381313
2.76565552	0.00967044
2.78949738	0.03001151
2.81333923	0.04389226
2.83718109	0.01869133
2.86102295	0.00753933
2.88486481	0.03244292
2.90870667	0.04000050
2.93254852	0.04253732
2.95639038	0.28543830
2.98023224	1.52601800
3.00407410	2.14792200
3.02791595	1.02830500
3.05175781	0.12982710
3.07559967	0.07271449
3.09944153	0.03636662
3.12328339	0.03721905
3.14712524	0.05602783
3.17096710	0.06218989
3.19480896	0.04631344
3.21865082	0.04191489
3.24249268	0.08325747
3.26633453	0.11772270
3.29017639	0.14859920
3.31401825	0.24474480
3.33786011	0.31676740
3.36170197	0.25074630
3.38554382	0.11671640
3.40938568	0.05528454
3.43322754	0.01539125
3.45706940	0.00652304
3.48091125	0.04031060
3.50475311	0.05013216
3.52859497	0.06026006
3.55243683	0.02652685
3.57627869	0.03893388
3.60012054	0.11282370
3.62396240	0.20567180
3.64780426	0.42305450
3.67164612	0.43014550
3.69548798	0.27331450
3.71932983	0.13025660
3.74317169	0.06736681
3.76701355	0.00734865
3.79085541	0.02612691
3.81469727	0.04108586
3.83853912	0.02220265
3.86238098	0.01824491
3.88622284	0.04152725
3.91006470	0.03035308
3.93390656	0.03375979
3.95774841	0.44753320
3.98159027	2.03173900
4.00543213	2.68049900
4.02927399	1.19251200
4.05311584	0.09825177
4.07695770	0.06319725
4.10079956	0.01630245
4.12464142	0.04174206
4.14848328	0.05852684
4.17232513	0.06463557
4.19616699	0.04317423
4.22000885	0.03982054
4.24385071	0.07618780
4.26769257	0.11277730
4.29153442	0.13320360
4.31537628	0.21911980
4.33921814	0.30473810
4.36306000	0.23982910
4.38690186	0.10892080
4.41074371	0.06182245
4.43458557	0.03054468
4.45842743	0.00343603
4.48226929	0.03968196
4.50611115	0.05277938
4.52995300	0.05922343
4.55379486	0.03674868
4.57763672	0.05371931
4.60147858	0.12590680
4.62532043	0.22298940
4.64916229	0.45521460
4.67300415	0.44044740
4.69684601	0.27552850
4.72068787	0.12871560
4.74452972	0.07300265
4.76837158	0.01306908
4.79221344	0.01638390
4.81605530	0.03231633
4.83989716	0.02401164
4.86373901	0.02527689
4.88758087	0.03234293
4.91142273	0.00413151
4.93526459	0.05305726
4.95910645	0.62776440
4.98294830	2.46999200
5.00679016	3.05118500
5.03063202	1.25280400
5.05447388	0.05435550
5.07831573	0.06292431
5.10215759	0.02632350
5.12599945	0.03024912
5.14984131	0.05097260
5.17368317	0.04913428
5.19752502	0.02585358
5.22136688	0.03640538
5.24520874	0.08121916
5.26905060	0.09335500
5.29289246	0.08896080
5.31673431	0.16688570
5.34057617	0.25629010
5.36441803	0.20236190
5.38825989	0.09264509
5.41210175	0.04643441
5.43594360	0.01175909
5.45978546	0.02198838
5.48362732	0.05109185
5.50746918	0.06036367
5.53131104	0.05590242
5.55515289	0.04617592
5.57899475	0.07315110
5.60283661	0.13497370
5.62667847	0.23553470
5.65052032	0.47659190
5.67436218	0.44966590
5.69820404	0.28330370
5.72204590	0.12881910
5.74588776	0.06079608
5.76972961	0.00585635
5.79357147	0.01783946
5.81741333	0.03174366
5.84125519	0.03490086
5.86509705	0.03593166
5.88893890	0.03107015
5.91278076	0.01608367
5.93662262	0.09023704
5.96046448	0.79172400
5.98430634	2.80856600
6.00814819	3.26186200
6.03199005	1.23678900
6.05583191	0.00979339
6.07967377	0.06408924
6.10351563	0.02509101
6.12735748	0.02554299
6.15119934	0.05053868
6.17504120	0.04409334
6.19888306	0.00875035
6.22272491	0.03568426
6.24656677	0.07412174
6.27040863	0.07471469
6.29425049	0.04070693
6.31809235	0.12207130
6.34193420	0.21472620
6.36577606	0.16905970
6.38961792	0.08128807
6.41345978	0.05014697
6.43730164	0.01684382
6.46114349	0.02235286
6.48498535	0.05232370
6.50882721	0.05905623
6.53266907	0.05440137
6.55651093	0.03418526
6.58035278	0.08045146
6.60419464	0.14232950
6.62803650	0.23718730
6.65187836	0.47843590
6.67572021	0.45189890
6.69956207	0.29996730
6.72340393	0.14061340
6.74724579	0.07083987
6.77108765	0.00690550
6.79492950	0.02037721
6.81877136	0.03467821
6.84261322	0.03674914
6.86645508	0.03268273
6.89029694	0.02237043
6.91413879	0.03461386
6.93798065	0.12283560
6.96182251	0.94201280
6.98566437	3.03644300
7.00950623	3.31941200
7.03334808	1.16245600
7.05718994	0.04415766
7.08103180	0.06286541
7.10487366	0.01188972
7.12871552	0.03554519
7.15255737	0.05117729
7.17639923	0.04055933
7.20024109	0.00844553
7.22408295	0.03277642
7.24792480	0.05967813
7.27176666	0.04651006
7.29560852	0.02257112
7.31945038	0.07361093
7.34329224	0.16004490
7.36713409	0.12001980
7.39097595	0.05861030
7.41481781	0.04769827
7.43865967	0.02297720
7.46250153	0.01011515
7.48634338	0.03683108
7.51018524	0.05085369
7.53402710	0.05337117
7.55786896	0.03663491
7.58171082	0.08219239
7.60555267	0.14097650
7.62939453	0.21519910
7.65323639	0.43389020
7.67707825	0.40237770
7.70092010	0.27284660
7.72476196	0.12028290
7.74860382	0.05262937
7.77244568	0.01594635
7.79628754	0.02899548
7.82012939	0.04566830
7.84397125	0.04735016
7.86781311	0.03391849
7.89165497	0.02652649
7.91549683	0.05588650
7.93933868	0.15737850
7.96318054	1.07536800
7.98702240	3.15614200
8.01086426	3.24632500
8.03470612	1.05223700
8.05854797	0.08640656
8.08238983	0.07759918
8.10623169	0.01724338
8.13007355	0.03750408
8.15391541	0.03444817
8.17775726	0.02668940
8.20159912	0.00911461
8.22544098	0.02675108
8.24928284	0.03144030
8.27312469	0.02723082
8.29696655	0.07737299
8.32080841	0.10125540
8.34465027	0.13945030
8.36849213	0.06758773
8.39233398	0.04558703
8.41617584	0.04594511
8.44001770	0.02307822
8.46385956	0.01650015
8.48770142	0.05315153
8.51154327	0.05682813
8.53538513	0.02824167
8.55922699	0.04665003
8.58306885	0.09397697
8.60691071	0.13049140
8.63075256	0.18166790
8.65459442	0.37853210
8.67843628	0.34435410
8.70227814	0.23689990
8.72612000	0.10283010
8.74996185	0.04201537
8.77380371	0.00706551
8.79764557	0.02039901
8.82148743	0.04466631
8.84532928	0.04886163
8.86917114	0.03560430
8.89301300	0.01674840
8.91685486	0.07228009
8.94069672	0.19136380
8.96453857	1.15819400
8.98838043	3.13779000
9.01222229	3.03270900
9.03606415	0.90131660
9.05990601	0.11541770
9.08374786	0.07710703
9.10758972	0.02878227
9.13143158	0.03496445
9.15527344	0.03529780
9.17911530	0.02593543
9.20295715	0.00975879
9.22679901	0.02321348
9.25064087	0.02258245
9.27448273	0.06008030
9.29832458	0.14218860
9.32216644	0.16730490
9.34600830	0.15991440
9.36985016	0.03796723
9.39369202	0.07155625
9.41753387	0.05557181
9.44137573	0.01655122
9.46521759	0.01727242
9.48905945	0.04572566
9.51290131	0.04499235
9.53674316	0.02082659
9.56058502	0.03077405
9.58442688	0.08659002
9.60826874	0.09128153
9.63211060	0.15197690
9.65595245	0.32828980
9.67979431	0.28823710
9.70363617	0.20294710
9.72747803	0.07471714
9.75131989	0.01827711
9.77516174	0.03421798
9.79900360	0.02648230
9.82284546	0.03720273
9.84668732	0.03843251
9.87052917	0.04190579
9.89437103	0.02440897
9.91821289	0.12180710
9.94205475	0.50622930
9.96589661	5.45475200
9.98973846	14.76470000
10.01358032	13.83142000
10.03742218	4.23311400
10.06126404	0.12675500
10.08510590	0.05341677
10.10894775	0.04203743
10.13278961	0.03756222
10.15663147	0.05101253
10.18047333	0.05333000
10.20431519	0.02133526
10.22815704	0.00848298
10.25199890	0.03735732
10.27584076	0.09616417
10.29968262	0.19952920
10.32352448	0.22581080
10.34736633	0.19706480
10.37120819	0.07646779
10.39505005	0.08116775
10.41889191	0.05880317
10.44273376	0.03213926
10.46657562	0.02343938
10.49041748	0.04299743
10.51425934	0.04190203
10.53810120	0.00949333
10.56194305	0.04262445
10.58578491	0.06896739
10.60962677	0.04589299
10.63346863	0.11546260
10.65731049	0.23804460
10.68115234	0.20122160
10.70499420	0.14659150
10.72883606	0.04849180
10.75267792	0.00722361
10.77651978	0.01330703
10.80036163	0.01826575
10.82420349	0.04325705
10.84804535	0.04877497
10.87188721	0.03504093
10.89572906	0.02336764
10.91957092	0.08624217
10.94341278	0.22673440
10.96725464	1.14832000
10.99109650	2.68605800
11.01493835	2.31155500
11.03878021	0.59441580
11.06262207	0.13107610
11.08646393	0.06826027
11.11030579	0.02623912
11.13414764	0.04827626
11.15798950	0.04052737
11.18183136	0.03608656
11.20567322	0.01911090
11.22951508	0.00428201
11.25335693	0.05203684
11.27719879	0.13302060
11.30104065	0.25687110
11.32488251	0.31156270
11.34872437	0.28801020
11.37256622	0.11768880
11.39640808	0.09524322
11.42024994	0.07551981
11.44409180	0.03383075
11.46793365	0.03225112
11.49177551	0.04538947
11.51561737	0.04419955
11.53945923	0.01212115
11.56330109	0.02982458
11.58714294	0.05941543
11.61098480	0.04527961
11.63482666	0.09314642
11.65866852	0.17685930
11.68251038	0.12955570
11.70635223	0.09275779
11.73019409	0.03199733
11.75403595	0.02671499
11.77787781	0.01954848
11.80171967	0.00779058
11.82556152	0.03228634
11.84940338	0.03273747
11.87324524	0.01407297
11.89708710	0.04254304
11.92092896	0.07922018
11.94477081	0.21087240
11.96861267	1.05153900
11.99245453	2.28660200
12.01629639	1.84446100
12.04013824	0.44438940
12.06398010	0.11929110
12.08782196	0.04854442
12.11166382	0.02420243
12.13550568	0.05378650
12.15934753	0.04669997
12.18318939	0.03282247
12.20703125	0.00752910
12.23087311	0.01482894
12.25471497	0.06404409
12.27855682	0.13756980
12.30239868	0.27821600
12.32624054	0.35383380
12.35008240	0.32548140
12.37392426	0.14650870
12.39776611	0.12530300
12.42160797	0.08041658
12.44544983	0.03351929
12.46929169	0.04006046
12.49313354	0.06214955
12.51697540	0.05632002
12.54081726	0.01713452
12.56465912	0.02513374
12.58850098	0.05095943
12.61234283	0.06220711
12.63618469	0.13191020
12.66002655	0.16587690
12.68386841	0.07417788
12.70771027	0.03032816
12.73155212	0.03434937
12.75539398	0.04176611
12.77923584	0.02245807
12.80307770	0.01181368
12.82691956	0.04207422
12.85076141	0.03480243
12.87460327	0.02297399
12.89844513	0.02749325
12.92228699	0.07850417
12.94612885	0.21533350
12.96997070	0.92820060
12.99381256	1.86295600
13.01765442	1.42016100
13.04149628	0.33440750
13.06533813	0.09446307
13.08917999	0.03739605
13.11302185	0.02772230
13.13686371	0.03855300
13.16070557	0.04232698
13.18454742	0.03240386
13.20838928	0.01091823
13.23223114	0.01298369
13.25607300	0.06658984
13.27991486	0.15036320
13.30375671	0.30127180
13.32759857	0.39521080
13.35144043	0.36595460
13.37528229	0.17764570
13.39912415	0.13422760
13.42296600	0.08198882
13.44680786	0.04195614
13.47064972	0.05770518
13.49449158	0.06626316
13.51833344	0.05683356
13.54217529	0.01515083
13.56601715	0.02085139
13.58985901	0.04680124
13.61370087	0.07892835
13.63754272	0.17128230
13.66138458	0.20080350
13.68522644	0.09288488
13.70906830	0.02719904
13.73291016	0.04992034
13.75675201	0.05531787
13.78059387	0.02353440
13.80443573	0.01586527
13.82827759	0.03958016
13.85211945	0.04193013
13.87596130	0.02534105
13.89980316	0.02885772
13.92364502	0.07809377
13.94748688	0.19460320
13.97132874	0.76506370
13.99517059	1.42360600
14.01901245	1.01663100
14.04285431	0.23326930
14.06669617	0.07555024
14.09053802	0.01382650
14.11437988	0.04049694
14.13822174	0.03733654
14.16206360	0.03129057
14.18590546	0.02227685
14.20974731	0.00582606
14.23358917	0.02501574
14.25743103	0.08144590
14.28127289	0.15528460
14.30511475	0.30385390
14.32895660	0.41291780
14.35279846	0.38178340
14.37664032	0.19289560
14.40048218	0.14181720
14.42432404	0.06779174
14.44816589	0.02561893
14.47200775	0.06313775
14.49584961	0.06578283
14.51969147	0.04669506
14.54353333	0.00903784
14.56737518	0.03426383
14.59121704	0.06645111
14.61505890	0.11813460
14.63890076	0.23012320
14.66274261	0.25411000
14.68658447	0.13816450
14.71042633	0.06694283
14.73426819	0.07834756
14.75811005	0.06503509
14.78195190	0.02175500
14.80579376	0.02360274
14.82963562	0.05503089
14.85347748	0.05037651
14.87731934	0.02839490
14.90116119	0.02943990
14.92500305	0.07473205
14.94884491	0.16226220
14.97268677	0.58405410
14.99652863	1.01663600
15.02037048	0.68969170
15.04421234	0.16634740
15.06805420	0.04151060
15.09189606	0.00221647
15.11573792	0.02789052
15.13957977	0.02234718
15.16342163	0.01568017
15.18726349	0.01876615
15.21110535	0.00704018
15.23494720	0.02143146
15.25878906	0.08020259
15.28263092	0.15630310
15.30647278	0.30269730
15.33031464	0.41107680
15.35415649	0.36527120
15.37799835	0.18361550
15.40184021	0.12384230
15.42568207	0.06068821
15.44952393	0.03981910
15.47336578	0.06935117
15.49720764	0.06687038
15.52104950	0.04586285
15.54489136	0.01066410
15.56873322	0.03474057
15.59257507	0.07613348
15.61641693	0.13354400
15.64025879	0.25312600
15.66410065	0.28160020
15.68794250	0.17814970
15.71178436	0.10410660
15.73562622	0.10162050
15.75946808	0.07705669
15.78330994	0.03251684
15.80715179	0.04014797
15.83099365	0.06915089
15.85483551	0.05925656
15.87867737	0.02567841
15.90251923	0.04557654
15.92636108	0.07338309
15.95020294	0.13832320
15.97404480	0.41944220
15.99788666	0.66272730
16.02172852	0.42317900
16.04557037	0.10559770
16.06941223	0.01790661
16.09325409	0.01377126
16.11709595	0.02831155
16.14093781	0.01545275
16.16477966	0.01684916
16.18862152	0.02475802
16.21246338	0.01509875
16.23630524	0.01240063
16.26014709	0.07023300
16.28398895	0.13435980
16.30783081	0.27626090
16.33167267	0.37923110
16.35551453	0.32310180
16.37935638	0.15764110
16.40319824	0.10189310
16.42704010	0.04205938
16.45088196	0.04380985
16.47472382	0.06498313
16.49856567	0.05476404
16.52240753	0.03721787
16.54624939	0.01773922
16.57009125	0.03434324
16.59393311	0.07231151
16.61777496	0.12665780
16.64161682	0.26367550
16.66545868	0.30331590
16.68930054	0.21192790
16.71314240	0.13089880
16.73698425	0.10376420
16.76082611	0.06194295
16.78466797	0.04237410
16.80850983	0.05349577
16.83235168	0.07733607
16.85619354	0.06083173
16.88003540	0.02990552
16.90387726	0.04464894
16.92771912	0.08220512
16.95156097	0.13774510
16.97540283	0.29891520
16.99924469	0.41403890
17.02308655	0.24739650
17.04692841	0.07852630
17.07077026	0.04945818
17.09461212	0.04707993
17.11845398	0.03636572
17.14229584	0.00622066
17.16613770	0.03401697
17.18997955	0.04700957
17.21382141	0.01615149
17.23766327	0.02357979
17.26150513	0.07923404
17.28534698	0.13214560
17.30918884	0.26588760
17.33303070	0.35891710
17.35687256	0.29963540
17.38071442	0.15348430
17.40455627	0.08761695
17.42839813	0.01754570
17.45223999	0.04056976
17.47608185	0.06116631
17.49992371	0.03614282
17.52376556	0.01366588
17.54760742	0.02419478
17.57144928	0.04502077
17.59529114	0.07790389
17.61913300	0.13448690
17.64297485	0.27917950
17.66681671	0.31853890
17.69065857	0.22320000
17.71450043	0.13124010
17.73834229	0.10176260
17.76218414	0.05552179
17.78602600	0.04778421
17.80986786	0.05955881
17.83370972	0.06407939
17.85755157	0.04732617
17.88139343	0.02790773
17.90523529	0.05434134
17.92907715	0.11097020
17.95291901	0.16822050
17.97676086	0.26521210
18.00060272	0.31022980
18.02444458	0.17812730
18.04828644	0.06923503
18.07212830	0.05635101
18.09597015	0.04881341
18.11981201	0.02715291
18.14365387	0.01615417
18.16749573	0.04065071
18.19133759	0.05425469
18.21517944	0.03116427
18.23902130	0.02209577
18.26286316	0.07900755
18.28670502	0.13692000
18.31054688	0.26695900
18.33438873	0.34046640
18.35823059	0.26266980
18.38207245	0.11938990
18.40591431	0.05812959
18.42975616	0.02142299
18.45359802	0.02928697
18.47743988	0.04766861
18.50128174	0.03249170
18.52512360	0.00746898
18.54896545	0.02677464
18.57280731	0.03838245
18.59664917	0.07026747
18.62049103	0.12516110
18.64433289	0.26619700
18.66817474	0.30691630
18.69201660	0.22640430
18.71585846	0.13894500
18.73970032	0.10546530
18.76354218	0.05563658
18.78738403	0.04943789
18.81122589	0.06476773
18.83506775	0.06256436
18.85890961	0.05388214
18.88275146	0.03493090
18.90659332	0.06406359
18.93043518	0.09725171
18.95427704	0.13907740
18.97811890	0.23942970
19.00196075	0.29170010
19.02580261	0.17549010
19.04964447	0.08774762
19.07348633	0.07282247
19.09732819	0.05076251
19.12117004	0.02010685
19.14501190	0.02980156
19.16885376	0.04547396
19.19269562	0.05024939
19.21653748	0.03525731
19.24037933	0.03541040
19.26422119	0.09334897
19.28806305	0.14943510
19.31190491	0.26403040
19.33574677	0.31114490
19.35958862	0.22617470
19.38343048	0.10375010
19.40727234	0.04324883
19.43111420	0.01343500
19.45495605	0.03285671
19.47879791	0.03574019
19.50263977	0.01900992
19.52648163	0.01864842
19.55032349	0.03231428
19.57416534	0.02509141
19.59800720	0.04836211
19.62184906	0.10923470
19.64569092	0.26623370
19.66953278	0.30914440
19.69337463	0.22619390
19.71721649	0.13541940
19.74105835	0.09166203
19.76490021	0.03801993
19.78874207	0.04366517
19.81258392	0.07660934
19.83642578	0.06540428
19.86026764	0.04668554
19.88410950	0.03622648
19.90795135	0.06929152
19.93179321	0.09045327
19.95563507	0.12737830
19.97947693	0.24953190
20.00331879	0.31688860
20.02716064	0.19828200
20.05100250	0.09786899
20.07484436	0.06882488
20.09868622	0.04675607
20.12252808	0.01746902
20.14636993	0.03969955
20.17021179	0.06880580
20.19405365	0.06474887
20.21789551	0.04023211
20.24173737	0.04845740
20.26557922	0.11207340
20.28942108	0.18081770
20.31326294	0.28463780
20.33710480	0.31164380
20.36094666	0.21319140
20.38478851	0.08201244
20.40863037	0.03846637
20.43247223	0.00247699
20.45631409	0.02024096
20.48015594	0.01918373
20.50399780	0.01175252
20.52783966	0.03048668
20.55168152	0.02543122
20.57552338	0.01545200
20.59936523	0.06286652
20.62320709	0.13902450
20.64704895	0.30242860
20.67089081	0.32073430
20.69473267	0.20678870
20.71857452	0.11345310
20.74241638	0.07916887
20.76625824	0.02351178
20.79010010	0.04892211
20.81394196	0.07498775
20.83778381	0.06690395
20.86162567	0.03618835
20.88546753	0.03022860
20.90930939	0.07073101
20.93315125	0.08815768
20.95699310	0.10283040
20.98083496	0.23029830
21.00467682	0.30012510
21.02851868	0.19281060
21.05236053	0.10483640
21.07620239	0.07843938
21.10004425	0.04408294
21.12388611	0.02053312
21.14772797	0.05613787
21.17156982	0.07642303
21.19541168	0.05817967
21.21925354	0.03666529
21.24309540	0.07875880
21.26693726	0.12834860
21.29077911	0.18833540
21.31462097	0.28751510
21.33846283	0.30753080
21.36230469	0.21052320
21.38614655	0.09167938
21.40998840	0.04454629
21.43383026	0.01660566
21.45767212	0.01920898
21.48151398	0.02242012
21.50535583	0.03430171
21.52919769	0.05571535
21.55303955	0.04022283
21.57688141	0.01215920
21.60072327	0.08467642
21.62456512	0.17815170
21.64840698	0.36547030
21.67224884	0.36581380
21.69609070	0.21594150
21.71993256	0.10317200
21.74377441	0.06697765
21.76761627	0.02115666
21.79145813	0.03677254
21.81529999	0.04983855
21.83914185	0.03545817
21.86298370	0.01675315
21.88682556	0.04267927
21.91066742	0.07119176
21.93450928	0.07671466
21.95835114	0.07227778
21.98219299	0.25753790
22.00603485	0.33788480
22.02987671	0.19522670
22.05371857	0.10059040
22.07756042	0.06300990
22.10140228	0.03106760
22.12524414	0.04256864
22.14908600	0.06222533
22.17292786	0.06583968
22.19676971	0.05123107
22.22061157	0.04540244
22.24445343	0.07415741
22.26829529	0.12645530
22.29213715	0.19692310
22.31597900	0.29910130
22.33982086	0.32575120
22.36366272	0.22621620
22.38750458	0.11586520
22.41134644	0.06490131
22.43518829	0.02116344
22.45903015	0.01204478
22.48287201	0.02743640
22.50671387	0.03538342
22.53055573	0.04941663
22.55439758	0.01981032
22.57823944	0.03157444
22.60208130	0.09030248
22.62592316	0.20201660
22.64976501	0.43428760
22.67360687	0.40671130
22.69744873	0.22555720
22.72129059	0.09994972
22.74513245	0.04373031
22.76897430	0.01735387
22.79281616	0.04345588
22.81665802	0.05722191
22.84049988	0.02795040
22.86434174	0.00646184
22.88818359	0.03797035
22.91202545	0.05274864
22.93586731	0.04737575
22.95970917	0.06834999
22.98355103	0.36931980
23.00739288	0.45627220
23.03123474	0.20335250
23.05507660	0.09076335
23.07891846	0.06820197
23.10276031	0.03385292
23.12660217	0.02390058
23.15044403	0.06108566
23.17428589	0.07108750
23.19812775	0.04556305
23.22196960	0.04213837
23.24581146	0.08775062
23.26965332	0.12894010
23.29349518	0.18331210
23.31733704	0.27954500
23.34117889	0.31403800
23.36502075	0.21478000
23.38886261	0.09614508
23.41270447	0.06183530
23.43654633	0.03487363
23.46038818	0.01301667
23.48423004	0.03678042
23.50807190	0.05243289
23.53191376	0.05496172
23.55575562	0.03831793
23.57959747	0.05194633
23.60343933	0.12264890
23.62728119	0.25990620
23.65112305	0.52505790
23.67496490	0.47375430
23.69880676	0.24971770
23.72264862	0.10624250
23.74649048	0.06255676
23.77033234	0.00255377
23.79417419	0.02804657
23.81801605	0.03996912
23.84185791	0.02044117
23.86569977	0.00842161
23.88954163	0.03700646
23.91338348	0.03330537
23.93722534	0.03465293
23.96106720	0.13644060
23.98490906	0.53681820
24.00875092	0.61479160
24.03259277	0.21634270
24.05643463	0.07946559
24.08027649	0.05847168
24.10411835	0.02013258
24.12796021	0.03436254
24.15180206	0.06017262
24.17564392	0.05970513
24.19948578	0.03366157
24.22332764	0.04496881
24.24716949	0.09687170
24.27101135	0.11530400
24.29485321	0.16211070
24.31869507	0.26393700
24.34253693	0.31642540
24.36637878	0.22342660
24.39022064	0.09674642
24.41406250	0.04049232
24.43790436	0.01138607
24.46174622	0.01619957
24.48558807	0.04772166
24.50942993	0.05457181
24.53327179	0.05112732
24.55711365	0.02841695
24.58095551	0.07261351
24.60479736	0.14900810
24.62863922	0.30629630
24.65248108	0.59041170
24.67632294	0.49874480
24.70016479	0.25860510
24.72400665	0.10665830
24.74784851	0.05998479
24.77169037	0.00116621
24.79553223	0.02036996
24.81937408	0.03019285
24.84321594	0.02237849
24.86705780	0.02535073
24.89089966	0.03554609
24.91474152	0.01601981
24.93858337	0.04162551
24.96242523	0.22746340
24.98626709	0.74453350
25.01010895	0.79642770
25.03395081	0.24159830
25.05779266	0.06226619
25.08163452	0.05175345
25.10547638	0.00926975
25.12931824	0.03893528
25.15316010	0.06099986
25.17700195	0.04996163
25.20084381	0.02823102
25.22468567	0.04979552
25.24852753	0.09130415
25.27236938	0.10021830
25.29621124	0.12817540
25.32005310	0.22631360
25.34389496	0.28478730
25.36773682	0.19717760
25.39157867	0.08844268
25.41542053	0.04347444
25.43926239	0.01383918
25.46310425	0.01618968
25.48694611	0.04835965
25.51078796	0.05321119
25.53462982	0.05202344
25.55847168	0.03953502
25.58231354	0.08513067
25.60615540	0.15602870
25.62999725	0.33503200
25.65383911	0.62783630
25.67768097	0.51409800
25.70152283	0.28007910
25.72536469	0.12300940
25.74920654	0.06080083
25.77304840	0.02274600
25.79689026	0.02261559
25.82073212	0.02408580
25.84457397	0.02413167
25.86841583	0.02823759
25.89225769	0.02116762
25.91609955	0.01723110
25.93994141	0.08751833
25.96378326	0.34581220
25.98762512	0.96006630
26.01146698	0.95458590
26.03530884	0.25486490
26.05915070	0.07223857
26.08299255	0.05395260
26.10683441	0.01405497
26.13067627	0.03534661
26.15451813	0.04948515
26.17835999	0.04360439
26.20220184	0.02177295
26.22604370	0.03750768
26.24988556	0.07955342
26.27372742	0.06905218
26.29756927	0.07774770
26.32141113	0.17343370
26.34525299	0.24294890
26.36909485	0.16882360
26.39293671	0.07281272
26.41677856	0.03472035
26.44062042	0.00648829
26.46446228	0.02533323
26.48830414	0.05862598
26.51214600	0.06017572
26.53598785	0.04206641
26.55982971	0.04237815
26.58367157	0.09946894
26.60751343	0.15685620
26.63135529	0.34770250
26.65519714	0.63291720
26.67903900	0.49262360
26.70288086	0.26143550
26.72672272	0.10675140
26.75056458	0.05481583
26.77440643	0.01904657
26.79824829	0.01266178
26.82209015	0.03520458
26.84593201	0.04053660
26.86977386	0.04225795
26.89361572	0.01887191
26.91745758	0.03661224
26.94129944	0.13165150
26.96514130	0.46371760
26.98898315	1.14624000
27.01282501	1.06755000
27.03666687	0.26229310
27.06050873	0.08840135
27.08435059	0.06436665
27.10819244	0.02054715
27.13203430	0.02742365
27.15587616	0.04403530
27.17971802	0.02745909
27.20355988	0.01058400
27.22740173	0.04332759
27.25124359	0.06569288
27.27508545	0.03490901
27.29892731	0.04226852
27.32276917	0.11592060
27.34661102	0.17198230
27.37045288	0.10864720
27.39429474	0.04110873
27.41813660	0.02362673
27.44197845	0.00205581
27.46582031	0.02493954
27.48966217	0.05456576
27.51350403	0.05327836
27.53734589	0.03025028
27.56118774	0.05735586
27.58502960	0.10602740
27.60887146	0.13960120
27.63271332	0.34419630
27.65655518	0.60559790
27.68039703	0.45785870
27.70423889	0.25376940
27.72808075	0.10911280
27.75192261	0.04833637
27.77576447	0.01766965
27.79960632	0.02879472
27.82344818	0.04553756
27.84729004	0.04405691
27.87113190	0.03802995
27.89497375	0.00484693
27.91881561	0.06752560
27.94265747	0.18129050
27.96649933	0.57086440
27.99034119	1.28742100
28.01418304	1.12226500
28.03802490	0.25372380
28.06186676	0.11226040
28.08570862	0.06596556
28.10955048	0.00826836
28.13339233	0.03618250
28.15723419	0.04650577
28.18107605	0.02928114
28.20491791	0.00337182
28.22875977	0.03375287
28.25260162	0.04851914
28.27644348	0.04173262
28.30028534	0.07611416
28.32412720	0.07876831
28.34796906	0.10903290
28.37181091	0.06416940
28.39565277	0.04596390
28.41949463	0.04253182
28.44333649	0.01457045
28.46717834	0.01889061
28.49102020	0.04298095
28.51486206	0.04133827
28.53870392	0.02096531
28.56254578	0.05351004
28.58638763	0.09811288
28.61022949	0.10927000
28.63407135	0.31620480
28.65791321	0.54316810
28.68175507	0.39914520
28.70559692	0.22356480
28.72943878	0.08559215
28.75328064	0.02863915
28.77712250	0.02054744
28.80096436	0.02700900
28.82480621	0.04018107
28.84864807	0.03425162
28.87248993	0.02945649
28.89633179	0.02113188
28.92017365	0.07732306
28.94401550	0.20618290
28.96785736	0.66047650
28.99169922	1.39731100
29.01554108	1.15541000
29.03938293	0.26199940
29.06322479	0.11338780
29.08706665	0.06348425
29.11090851	0.02083120
29.13475037	0.03687505
29.15859222	0.04651831
29.18243408	0.03991296
29.20627594	0.01439044
29.23011780	0.02617596
29.25395966	0.02920583
29.27780151	0.06077803
29.30164337	0.13208980
29.32548523	0.12089800
29.34932709	0.09265860
29.37316895	0.01468371
29.39701080	0.06096250
29.42085266	0.05507505
29.44469452	0.01477140
29.46853638	0.02675474
29.49237823	0.05126355
29.51622009	0.04293854
29.54006195	0.01879033
29.56390381	0.04765926
29.58774567	0.08825807
29.61158752	0.07992339
29.63542938	0.27952470
29.65927124	0.47182910
29.68311310	0.33875620
29.70695496	0.19287510
29.73079681	0.07416236
29.75463867	0.02215238
29.77848053	0.01765580
29.80232239	0.02371739
29.82616425	0.03624445
29.85000610	0.03097360
29.87384796	0.03204465
29.89768982	0.03562938
29.92153168	0.09236223
29.94537354	0.22095490
29.96921539	0.72217040
29.99305725	1.43477700
30.01689911	1.12135300
30.04074097	0.25986010
30.06458282	0.12844100
30.08842468	0.06679346
30.11226654	0.01438083
30.13610840	0.04474680
30.15995026	0.04650040
30.18379211	0.02341740
30.20763397	0.00453290
30.23147583	0.01535610
30.25531769	0.04411656
30.27915955	0.10654180
30.30300140	0.19719280
30.32684326	0.18964440
30.35068512	0.13486440
30.37452698	0.03543381
30.39836884	0.08304403
30.42221069	0.06196927
30.44605255	0.02537981
30.46989441	0.02341143
30.49373627	0.04656953
30.51757813	0.03969248
30.54141998	0.01003228
30.56526184	0.04232069
30.58910370	0.07555336
30.61294556	0.03892982
30.63678741	0.22327030
30.66062927	0.36859940
30.68447113	0.25137790
30.70831299	0.14740500
30.73215485	0.05005576
30.75599670	0.01792382
30.77983856	0.03022631
30.80368042	0.02645626
30.82752228	0.03669796
30.85136414	0.02834919
30.87520599	0.01630964
30.89904785	0.04344947
30.92288971	0.10016550
30.94673157	0.23209060
30.97057343	0.74321630
30.99441528	1.39357200
31.01825714	1.02529500
31.04209900	0.23095080
31.06594086	0.12032020
31.08978271	0.05392223
31.11362457	0.03368795
31.13746643	0.05813195
31.16130829	0.05543799
31.18515015	0.03479729
31.20899200	0.01353766
31.23283386	0.00564411
31.25667572	0.04790206
31.28051758	0.13041650
31.30435944	0.25279040
31.32820129	0.25669670
31.35204315	0.18876630
31.37588501	0.09019481
31.39972687	0.10877910
31.42356873	0.06335659
31.44741058	0.01959651
31.47125244	0.04087667
31.49509430	0.05834098
31.51893616	0.04603187
31.54277802	0.00989797
31.56661987	0.03815351
31.59046173	0.07001426
31.61430359	0.02270543
31.63814545	0.18551350
31.66198730	0.27549680
31.68582916	0.16800580
31.70967102	0.09758478
31.73351288	0.03431672
31.75735474	0.01805458
31.78119659	0.00949517
31.80503845	0.01257923
31.82888031	0.03966752
31.85272217	0.03936345
31.87656403	0.02007337
31.90040588	0.03503198
31.92424774	0.09806011
31.94808960	0.24923820
31.97193146	0.74947360
31.99577332	1.30301400
32.01961517	0.90765870
32.04345703	0.21693360
32.06729889	0.10339090
32.09114075	0.05314933
32.11498260	0.03506716
32.13882446	0.03993504
32.16266632	0.04321526
32.18650818	0.03368985
32.21035004	0.01651262
32.23419189	0.01669261
32.25803375	0.06710194
32.28187561	0.15675240
32.30571747	0.28548450
32.32955933	0.31616840
32.35340118	0.25101370
32.37724304	0.12686410
32.40108490	0.10909190
32.42492676	0.05882083
32.44876862	0.03228020
32.47261047	0.05818215
32.49645233	0.05832626
32.52029419	0.04570152
32.54413605	0.01223214
32.56797791	0.02825649
32.59181976	0.05749194
32.61566162	0.05325811
32.63950348	0.16768680
32.66334534	0.21201440
32.68718719	0.09232907
32.71102905	0.04919048
32.73487091	0.01971739
32.75871277	0.03506033
32.78255463	0.01898007
32.80639648	0.00325530
32.83023834	0.02785953
32.85408020	0.03202663
32.87792206	0.01750195
32.90176392	0.04656900
32.92560577	0.09247719
32.94944763	0.21871790
32.97328949	0.67842230
32.99713135	1.13720200
33.02097321	0.75226690
33.04481506	0.18834000
33.06865692	0.08921122
33.09249878	0.03172871
33.11634064	0.04381001
33.14018250	0.05572207
33.16402435	0.04339117
33.18786621	0.01488774
33.21170807	0.01187448
33.23554993	0.02936764
33.25939178	0.08649297
33.28323364	0.17074440
33.30707550	0.30568810
33.33091736	0.34587600
33.35475922	0.27677080
33.37860107	0.14476260
33.40244293	0.11814820
33.42628479	0.06317781
33.45012665	0.02481633
33.47396851	0.05747967
33.49781036	0.05512688
33.52165222	0.03258425
33.54549408	0.01782646
33.56933594	0.04036177
33.59317780	0.06525715
33.61701965	0.09483058
33.64086151	0.19167280
33.66470337	0.19823620
33.68854523	0.06233839
33.71238708	0.02796684
33.73622894	0.05534111
33.76007080	0.05282436
33.78391266	0.02233075
33.80775452	0.01015031
33.83159637	0.04450887
33.85543823	0.03782232
33.87928009	0.01904667
33.90312195	0.03775891
33.92696381	0.09124070
33.95080566	0.21244170
33.97464752	0.61719940
33.99848938	0.96559330
34.02233124	0.60638030
34.04617310	0.15245300
34.07001495	0.04550419
34.09385681	0.01982915
34.11769867	0.03941768
34.14154053	0.04191398
34.16538239	0.04126295
34.18922424	0.02235726
34.21306610	0.01031294
34.23690796	0.02580388
34.26074982	0.07742665
34.28459167	0.17405700
34.30843353	0.31844770
34.33227539	0.36834630
34.35611725	0.29447360
34.37995911	0.15263860
34.40380096	0.11472520
34.42764282	0.06742295
34.45148468	0.03912922
34.47532654	0.06330593
34.49916840	0.06627075
34.52301025	0.05213523
34.54685211	0.02067410
34.57069397	0.03406605
34.59453583	0.06644750
34.61837769	0.11708330
34.64221954	0.22270630
34.66606140	0.22629460
34.68990326	0.10714500
34.71374512	0.06467456
34.73758698	0.07477352
34.76142883	0.06166983
34.78527069	0.03237673
34.80911255	0.03006286
34.83295441	0.04913179
34.85679626	0.04354045
34.88063812	0.02239485
34.90447998	0.04263625
34.92832184	0.08458510
34.95216370	0.19451240
34.97600555	0.52762230
34.99984741	0.76857600
35.02368927	0.45978580
35.04753113	0.12915240
35.07137299	0.03908893
35.09521484	0.01322834
35.11905670	0.04677774
35.14289856	0.03805589
35.16674042	0.03102176
35.19058228	0.01846235
35.21442413	0.00719549
35.23826599	0.02514258
35.26210785	0.07721604
35.28594971	0.16878770
35.30979156	0.31065680
35.33363342	0.37292310
35.35747528	0.29553230
35.38131714	0.15833730
35.40515900	0.10950510
35.42900085	0.05324495
35.45284271	0.04385935
35.47668457	0.06452290
35.50052643	0.05479183
35.52436829	0.03197179
35.54821014	0.03233414
35.57205200	0.05487205
35.59589386	0.07656400
35.61973572	0.13796650
35.64357758	0.26672070
35.66741943	0.26856980
35.69126129	0.14675950
35.71510315	0.08480359
35.73894501	0.07992000
35.76278687	0.06081045
35.78662872	0.02391100
35.81047058	0.03676546
35.83431244	0.05713268
35.85815430	0.04188593
35.88199615	0.01642349
35.90583801	0.05205902
35.92967987	0.08659067
35.95352173	0.17641600
35.97736359	0.43177210
36.00120544	0.57685370
36.02504730	0.32144980
36.04888916	0.09630089
36.07273102	0.02210696
36.09657288	0.01660074
36.12041473	0.03296151
36.14425659	0.01814358
36.16809845	0.02165456
36.19194031	0.03289879
36.21578217	0.01687716
36.23962402	0.03250009
36.26346588	0.07956952
36.28730774	0.16205050
36.31114960	0.29662080
36.33499146	0.35855250
36.35883331	0.27981640
36.38267517	0.15289520
36.40651703	0.10023370
36.43035889	0.04785473
36.45420074	0.04245628
36.47804260	0.06459862
36.50188446	0.05277073
36.52572632	0.02207784
36.54956818	0.03636473
36.57341003	0.06400079
36.59725189	0.09378936
36.62109375	0.16011450
36.64493561	0.29310570
36.66877747	0.28950240
36.69261932	0.17175500
36.71646118	0.10996110
36.74030304	0.09628074
36.76414490	0.05936681
36.78798676	0.02943351
36.81182861	0.04569380
36.83567047	0.05977655
36.85951233	0.05549859
36.88335419	0.03552224
36.90719604	0.05231906
36.93103790	0.08761612
36.95487976	0.16489410
36.97872162	0.34034930
37.00256348	0.41312790
37.02640533	0.21608180
37.05024719	0.06539196
37.07408905	0.02310674
37.09793091	0.02662549
37.12177277	0.02814674
37.14561462	0.00501380
37.16945648	0.02189107
37.19329834	0.03277241
37.21714020	0.02031614
37.24098206	0.02414322
37.26482391	0.08552259
37.28866577	0.16487820
37.31250763	0.28898630
37.33634949	0.33668030
37.36019135	0.24523450
37.38403320	0.12343060
37.40787506	0.06779365
37.43171692	0.04002512
37.45555878	0.04306383
37.47940063	0.05650499
37.50324249	0.04991887
37.52708435	0.02281872
37.55092621	0.02170486
37.57476807	0.04529360
37.59860992	0.07597852
37.62245178	0.14291430
37.64629364	0.28174300
37.67013550	0.28833050
37.69397736	0.18885800
37.71781921	0.12581240
37.74166107	0.10400420
37.76550293	0.06068901
37.78934479	0.03635855
37.81318665	0.06596537
37.83702850	0.08203349
37.86087036	0.05995187
37.88471222	0.03746662
37.90855408	0.06605760
37.93239594	0.08839148
37.95623779	0.12989480
37.98007965	0.27156020
38.00392151	0.33034480
38.02776337	0.17762380
38.05160522	0.06866755
38.07544708	0.04369602
38.09928894	0.03027170
38.12313080	0.01045084
38.14697266	0.02224706
38.17081451	0.04259367
38.19465637	0.05002369
38.21849823	0.02103732
38.24234009	0.02861124
38.26618195	0.08334463
38.29002380	0.15853910
38.31386566	0.27650230
38.33770752	0.30868340
38.36154938	0.21622220
38.38539124	0.11709450
38.40923309	0.05436513
38.43307495	0.01394266
38.45691681	0.05308353
38.48075867	0.05566327
38.50460052	0.03248581
38.52844238	0.00935132
38.55228424	0.02511914
38.57612610	0.04614837
38.59996796	0.07129588
38.62380981	0.14272190
38.64765167	0.28615310
38.67149353	0.28898790
38.69533539	0.18492620
38.71917725	0.11482780
38.74301910	0.08631278
38.76686096	0.03718943
38.79070282	0.04245516
38.81454468	0.07514556
38.83838654	0.07913262
38.86222839	0.04368969
38.88607025	0.04061013
38.90991211	0.09456459
38.93375397	0.11861010
38.95759583	0.16717450
38.98143768	0.27672640
39.00527954	0.30663870
39.02912140	0.16619350
39.05296326	0.07180810
39.07680511	0.04735623
39.10064697	0.03661604
39.12448883	0.00778662
39.14833069	0.03768015
39.17217255	0.05723971
39.19601440	0.05277447
39.21985626	0.02943477
39.24369812	0.04496328
39.26753998	0.10137580
39.29138184	0.18431050
39.31522369	0.29549730
39.33906555	0.30188580
39.36290741	0.19393150
39.38674927	0.09322186
39.41059113	0.04062035
39.43443298	0.01261849
39.45827484	0.03869364
39.48211670	0.03583347
39.50595856	0.01015817
39.52980042	0.01698380
39.55364227	0.03000476
39.57748413	0.03492004
39.60132599	0.06247400
39.62516785	0.14084220
39.64900970	0.29837270
39.67285156	0.30059860
39.69669342	0.18933340
39.72053528	0.11418690
39.74437714	0.08420010
39.76821899	0.03701901
39.79206085	0.04185595
39.81590271	0.06401595
39.83974457	0.06278618
39.86358643	0.04153340
39.88742828	0.03287662
39.91127014	0.08135892
39.93511200	0.10511570
39.95895386	0.15246560
39.98279572	0.26749090
40.00663757	0.29861440
40.03047943	0.16547120
40.05432129	0.08594298
40.07816315	0.06639823
40.10200500	0.04018791
40.12584686	0.02435333
40.14968872	0.04844050
40.17353058	0.06817238
40.19737244	0.05715577
40.22121429	0.03224170
40.24505615	0.06575256
40.26889801	0.12092830
40.29273987	0.20114840
40.31658173	0.30844240
40.34042358	0.30223750
40.36426544	0.18807490
40.38810730	0.08829498
40.41194916	0.03311259
40.43579102	0.01818505
40.45963287	0.03994699
40.48347473	0.03353690
40.50731659	0.01080685
40.53115845	0.01990248
40.55500031	0.01722649
40.57884216	0.01742912
40.60268402	0.06600504
40.62652588	0.17034830
40.65036774	0.35544650
40.67420959	0.33661530
40.69805145	0.19170740
40.72189331	0.10742340
40.74573517	0.06641190
40.76957703	0.01861687
40.79341888	0.05026904
40.81726074	0.07273349
40.84110260	0.05693500
40.86494446	0.03178357
40.88878632	0.04623057
40.91262817	0.08269234
40.93647003	0.09934021
40.96031189	0.14962880
40.98415375	0.27266460
41.00799561	0.30038790
41.03183746	0.17304910
41.05567932	0.09182522
41.07952118	0.05888080
41.10336304	0.03573406
41.12720490	0.02376232
41.15104675	0.04506943
41.17488861	0.06209954
41.19873047	0.05267339
41.22257233	0.04014045
41.24641418	0.07034181
41.27025604	0.13270130
41.29409790	0.22947270
41.31793976	0.32589850
41.34178162	0.30940090
41.36562347	0.18944720
41.38946533	0.08863096
41.41330719	0.04225018
41.43714905	0.00962982
41.46099091	0.01673051
41.48483276	0.01070473
41.50867462	0.01621491
41.53251648	0.03837976
41.55635834	0.01986830
41.58020020	0.01026156
41.60404205	0.07243676
41.62788391	0.22116410
41.65172577	0.44463760
41.67556763	0.38350080
41.69940948	0.18888090
41.72325134	0.09263524
41.74709320	0.06293533
41.77093506	0.01637815
41.79477692	0.05002075
41.81861877	0.07135309
41.84246063	0.04473866
41.86630249	0.02421256
41.89014435	0.04791268
41.91398621	0.07396454
41.93782806	0.07996102
41.96166992	0.10713500
41.98551178	0.23981300
42.00935364	0.27383240
42.03319550	0.15966730
42.05703735	0.08909893
42.08087921	0.05709732
42.10472107	0.02452335
42.12856293	0.03553315
42.15240479	0.06769382
42.17624664	0.07335263
42.20008850	0.04966405
42.22393036	0.04216566
42.24777222	0.09943560
42.27161407	0.14910830
42.29545593	0.24433630
42.31929779	0.33989470
42.34313965	0.32706840
42.36698151	0.20369150
42.39082336	0.08513014
42.41466522	0.03932014
42.43850708	0.01357955
42.46234894	0.01513763
42.48619080	0.02434946
42.51003265	0.03065074
42.53387451	0.04405103
42.55771637	0.01667471
42.58155823	0.03020970
42.60540009	0.11659050
42.62924194	0.29882960
42.65308380	0.56183120
42.67692566	0.45069350
42.70076752	0.19892260
42.72460938	0.08669797
42.74845123	0.05584685
42.77229309	0.01521538
42.79613495	0.03410766
42.81997681	0.04466098
42.84381866	0.02969565
42.86766052	0.00339733
42.89150238	0.04344910
42.91534424	0.05733570
42.93918610	0.05081544
42.96302795	0.07143618
42.98686981	0.22740220
43.01071167	0.25945170
43.03455353	0.14714690
43.05839539	0.08501013
43.08223724	0.05144862
43.10607910	0.02218087
43.12992096	0.03639426
43.15376282	0.06247370
43.17760468	0.07182074
43.20144653	0.04900511
43.22528839	0.04894922
43.24913025	0.10315700
43.27297211	0.14174470
43.29681396	0.23647990
43.32065582	0.33070190
43.34449768	0.32527430
43.36833954	0.20455920
43.39218140	0.09700403
43.41602325	0.04210916
43.43986511	0.00508311
43.46370697	0.00676048
43.48754883	0.03052971
43.51139069	0.04903741
43.53523254	0.05540242
43.55907440	0.01620547
43.58291626	0.06146868
43.60675812	0.13848620
43.63059998	0.38223240
43.65444183	0.67749070
43.67828369	0.50391750
43.70212555	0.21787330
43.72596741	0.08712815
43.74980927	0.04684160
43.77365112	0.00699010
43.79749298	0.03186774
43.82133484	0.04180683
43.84517670	0.01048378
43.86901855	0.01566026
43.89286041	0.04134000
43.91670227	0.03736035
43.94054413	0.02740485
43.96438599	0.06044401
43.98822784	0.24207420
44.01206970	0.24629720
44.03591156	0.10152590
44.05975342	0.06605411
44.08359528	0.04398014
44.10743713	0.01672751
44.13127899	0.04537171
44.15512085	0.06345309
44.17896271	0.05863352
44.20280457	0.03911852
44.22664642	0.05581697
44.25048828	0.11143520
44.27433014	0.12727240
44.29817200	0.20916320
44.32201385	0.30061500
44.34585571	0.30672420
44.36969757	0.18917130
44.39353943	0.08907356
44.41738129	0.04567635
44.44122314	0.01012544
44.46506500	0.01573907
44.48890686	0.04678119
44.51274872	0.05553732
44.53659058	0.05441267
44.56043243	0.03012572
44.58427429	0.06744421
44.60811615	0.15079850
44.63195801	0.45528950
44.65579987	0.78382350
44.67964172	0.56459550
44.70348358	0.24235590
44.72732544	0.10144850
44.75116730	0.04932820
44.77500916	0.01204276
44.79885101	0.02460158
44.82269287	0.03247292
44.84653473	0.00977542
44.87037659	0.02255537
44.89421844	0.03902365
44.91806030	0.02766066
44.94190216	0.05423147
44.96574402	0.13380310
44.98958588	0.33375470
45.01342773	0.29733470
45.03726959	0.06800128
45.06111145	0.07609653
45.08495331	0.04965813
45.10879517	0.01030715
45.13263702	0.03588569
45.15647888	0.05450651
45.18032074	0.04806519
45.20416260	0.02239706
45.22800446	0.06190978
45.25184631	0.10437160
45.27568817	0.10043090
45.29953003	0.17085260
45.32337189	0.26220520
45.34721375	0.28738890
45.37105560	0.17679130
45.39489746	0.07541587
45.41873932	0.03389988
45.44258118	0.01383543
45.46642303	0.01719262
45.49026489	0.05071529
45.51410675	0.06042366
45.53794861	0.04392001
45.56179047	0.03850717
45.58563232	0.09767967
45.60947418	0.16404880
45.63331604	0.50867590
45.65715790	0.84512940
45.68099976	0.57574060
45.70484161	0.24361880
45.72868347	0.10919590
45.75252533	0.06112773
45.77636719	0.00488103
45.80020905	0.02677033
45.82405090	0.03943570
45.84789276	0.03046854
45.87173462	0.03722502
45.89557648	0.03403838
45.91941833	0.01073727
45.94326019	0.09408878
45.96710205	0.22236980
45.99094391	0.45745350
46.01478577	0.37295300
46.03862762	0.04172334
46.06246948	0.06483168
46.08631134	0.04313608
46.11015320	0.01164491
46.13399506	0.03918587
46.15783691	0.05194946
46.18167877	0.03020883
46.20552063	0.02303297
46.22936249	0.06301669
46.25320435	0.08313224
46.27704620	0.06720970
46.30088806	0.12608240
46.32472992	0.20453510
46.34857178	0.23196900
46.37241364	0.13661130
46.39625549	0.05578929
46.42009735	0.02472564
46.44393921	0.00481952
46.46778107	0.02706144
46.49162292	0.04939590
46.51546478	0.04393202
46.53930664	0.03112796
46.56314850	0.05508900
46.58699036	0.10586960
46.61083221	0.16776330
46.63467407	0.55339050
46.65851593	0.88126700
46.68235779	0.58317010
46.70619965	0.25647730
46.73004150	0.10501980
46.75388336	0.03825047
46.77772522	0.02110664
46.80156708	0.03626111
46.82540894	0.04488473
46.84925079	0.02896032
46.87309265	0.02860691
46.89693451	0.00459825
46.92077637	0.04733384
46.94461823	0.14223650
46.96846008	0.32431130
46.99230194	0.60183680
47.01614380	0.46152800
47.03998566	0.06376543
47.06382751	0.08898348
47.08766937	0.05235221
47.11151123	0.00740569
47.13535309	0.03838433
47.15919495	0.04592722
47.18303680	0.03077998
47.20687866	0.00777267
47.23072052	0.05196128
47.25456238	0.07058641
47.27840424	0.03455332
47.30224609	0.07643051
47.32608795	0.15211570
47.34992981	0.19244350
47.37377167	0.11132540
47.39761353	0.04385578
47.42145538	0.02269573
47.44529724	0.00794658
47.46913910	0.03352640
47.49298096	0.05253990
47.51682281	0.04797698
47.54066467	0.02520599
47.56450653	0.05640562
47.58834839	0.10958670
47.61219025	0.14879270
47.63603210	0.57831610
47.65987396	0.87495640
47.68371582	0.54652290
47.70755768	0.23891850
47.73139954	0.09709945
47.75524139	0.03474402
47.77908325	0.01896528
47.80292511	0.03184164
47.82676697	0.03857194
47.85060883	0.02948770
47.87445068	0.03082644
47.89829254	0.01194155
47.92213440	0.06657826
47.94597626	0.17462270
47.96981812	0.40309680
47.99365997	0.71822610
48.01750183	0.52395840
48.04134369	0.08427839
48.06518555	0.10484030
48.08902740	0.06538608
48.11286926	0.01653943
48.13671112	0.03293017
48.16055298	0.04023964
48.18439484	0.02458803
48.20823669	0.00943005
48.23207855	0.03716934
48.25592041	0.04676820
48.27976227	0.01828832
48.30360413	0.07532304
48.32744598	0.10430850
48.35128784	0.13238300
48.37512970	0.07000266
48.39897156	0.04005197
48.42281342	0.03235102
48.44665527	0.00326734
48.47049713	0.02846351
48.49433899	0.04989382
48.51818085	0.04680630
48.54202271	0.02036841
48.56586456	0.06405087
48.58970642	0.11775470
48.61354828	0.13086410
48.63739014	0.56508500
48.66123199	0.82274540
48.68507385	0.50153920
48.70891571	0.22720580
48.73275757	0.09358000
48.75659943	0.03172079
48.78044128	0.02758843
48.80428314	0.03300866
