Частота	Канал A
(kГц)	(В)

0.00000000	0.21207870
0.02384186	0.08983703
0.04768372	0.01513068
0.07152557	0.00049579
0.09536743	0.00028055
0.11920929	0.00059893
0.14305115	0.00056132
0.16689301	0.00042358
0.19073486	0.00042592
0.21457672	0.00069964
0.23841858	0.00073597
0.26226044	0.00042437
0.28610229	0.00139618
0.30994415	0.00179537
0.33378601	0.00145843
0.35762787	0.00165367
0.38146973	0.00100372
0.40531158	0.00120160
0.42915344	0.00082243
0.45299530	0.00041783
0.47683716	0.00058262
0.50067902	0.00064469
0.52452087	0.00038129
0.54836273	0.00033401
0.57220459	0.00077924
0.59604645	0.00099238
0.61988831	0.00097961
0.64373016	0.00260333
0.66757202	0.00217359
0.69141388	0.00157018
0.71525574	0.00100870
0.73909760	0.00046331
0.76293945	0.00074639
0.78678131	0.00051753
0.81062317	0.00016635
0.83446503	0.00039302
0.85830688	0.00049652
0.88214874	0.00032921
0.90599060	0.00022560
0.92983246	0.00097110
0.95367432	0.01308609
0.97751617	0.07062196
1.00135803	0.11118700
1.02519989	0.06286921
1.04904175	0.00982609
1.07288361	0.00064194
1.09672546	0.00042061
1.12056732	0.00064786
1.14440918	0.00047942
1.16825104	0.00026855
1.19209290	0.00035885
1.21593475	0.00051981
1.23977661	0.00033113
1.26361847	0.00042380
1.28746033	0.00156752
1.31130219	0.00208790
1.33514404	0.00108956
1.35898590	0.00073032
1.38282776	0.00082289
1.40666962	0.00082665
1.43051147	0.00046232
1.45435333	0.00049759
1.47819519	0.00062516
1.50203705	0.00059497
1.52587891	0.00034437
1.54972076	0.00046657
1.57356262	0.00083198
1.59740448	0.00082331
1.62124634	0.00139645
1.64508820	0.00360817
1.66893005	0.00284104
1.69277191	0.00103078
1.71661377	0.00084172
1.74045563	0.00087350
1.76429749	0.00094755
1.78813934	0.00065701
1.81198120	0.00028206
1.83582306	0.00032069
1.85966492	0.00039656
1.88350677	0.00020829
1.90734863	0.00043802
1.93119049	0.00102780
1.95503235	0.01458225
1.97887421	0.07222118
2.00271606	0.10708360
2.02655792	0.05695363
2.05039978	0.00810391
2.07424164	0.00041347
2.09808350	0.00026784
2.12192535	0.00057623
2.14576721	0.00033831
2.16960907	0.00035091
2.19345093	0.00067099
2.21729279	0.00074545
2.24113464	0.00050014
2.26497650	0.00078574
2.28881836	0.00195045
2.31266022	0.00232600
2.33650208	0.00101575
2.36034393	0.00068287
2.38418579	0.00132642
2.40802765	0.00102636
2.43186951	0.00035149
2.45571136	0.00052897
2.47955322	0.00052146
2.50339508	0.00038006
2.52723694	0.00012957
2.55107880	0.00035164
2.57492065	0.00069616
2.59876251	0.00058633
2.62260437	0.00173666
2.64644623	0.00413845
2.67028809	0.00296581
2.69412994	0.00074686
2.71797180	0.00063225
2.74181366	0.00077406
2.76565552	0.00064983
2.78949738	0.00024798
2.81333923	0.00012356
2.83718109	0.00031142
2.86102295	0.00038120
2.88486481	0.00028623
2.90870667	0.00074417
2.93254852	0.00101656
2.95639038	0.01541280
2.98023224	0.07162215
3.00407410	0.10068050
3.02791595	0.05049757
3.05175781	0.00655406
3.07559967	0.00044131
3.09944153	0.00059644
3.12328339	0.00071918
3.14712524	0.00027250
3.17096710	0.00023422
3.19480896	0.00053792
3.21865082	0.00060705
3.24249268	0.00049462
3.26633453	0.00099812
3.29017639	0.00192439
3.31401825	0.00227466
3.33786011	0.00162286
3.36170197	0.00131074
3.38554382	0.00130114
3.40938568	0.00081913
3.43322754	0.00036132
3.45706940	0.00058976
3.48091125	0.00064203
3.50475311	0.00042389
3.52859497	0.00047839
3.55243683	0.00081473
3.57627869	0.00090345
3.60012054	0.00045090
3.62396240	0.00208781
3.64780426	0.00453065
3.67164612	0.00323467
3.69548798	0.00047612
3.71932983	0.00060540
3.74317169	0.00081395
3.76701355	0.00054028
3.79085541	0.00031011
3.81469727	0.00058880
3.83853912	0.00070940
3.86238098	0.00044187
3.88622284	0.00033210
3.91006470	0.00074674
3.93390656	0.00096001
3.95774841	0.01612594
3.98159027	0.06942151
4.00543213	0.09212888
4.02927399	0.04339740
4.05311584	0.00506382
4.07695770	0.00059786
4.10079956	0.00057642
4.12464142	0.00054825
4.14848328	0.00012896
4.17232513	0.00037770
4.19616699	0.00068342
4.22000885	0.00052988
4.24385071	0.00033799
4.26769257	0.00096222
4.29153442	0.00182197
4.31537628	0.00251018
4.33921814	0.00271913
4.36306000	0.00220627
4.38690186	0.00140563
4.41074371	0.00059091
4.43458557	0.00042179
4.45842743	0.00078676
4.48226929	0.00075434
4.50611115	0.00041728
4.52995300	0.00030582
4.55379486	0.00050011
4.57763672	0.00059053
4.60147858	0.00068113
4.62532043	0.00252664
4.64916229	0.00462341
4.67300415	0.00333329
4.69684601	0.00072820
4.72068787	0.00064096
4.74452972	0.00078135
4.76837158	0.00056807
4.79221344	0.00040499
4.81605530	0.00063459
4.83989716	0.00042126
4.86373901	0.00006715
4.88758087	0.00038573
4.91142273	0.00069740
4.93526459	0.00075208
4.95910645	0.01620940
4.98294830	0.06512636
5.00679016	0.08172561
5.03063202	0.03605062
5.05447388	0.00362642
5.07831573	0.00057127
5.10215759	0.00050131
5.12599945	0.00031080
5.14984131	0.00028399
5.17368317	0.00051205
5.19752502	0.00061224
5.22136688	0.00044358
5.24520874	0.00065041
5.26905060	0.00120746
5.29289246	0.00151821
5.31673431	0.00229294
5.34057617	0.00328132
5.36441803	0.00264769
5.38825989	0.00130513
5.41210175	0.00058082
5.43594360	0.00059301
5.45978546	0.00065430
5.48362732	0.00039597
5.50746918	0.00012223
5.53131104	0.00047102
5.55515289	0.00064861
5.57899475	0.00054436
5.60283661	0.00088142
5.62667847	0.00272236
5.65052032	0.00448340
5.67436218	0.00310530
5.69820404	0.00108021
5.72204590	0.00115663
5.74588776	0.00092225
5.76972961	0.00034714
5.79357147	0.00042601
5.81741333	0.00071735
5.84125519	0.00058307
5.86509705	0.00030671
5.88893890	0.00055156
5.91278076	0.00068938
5.93662262	0.00037915
5.96046448	0.01552300
5.98430634	0.05906953
6.00814819	0.07028574
6.03199005	0.02903349
6.05583191	0.00248566
6.07967377	0.00071707
6.10351563	0.00063092
6.12735748	0.00046660
6.15119934	0.00050124
6.17504120	0.00060338
6.19888306	0.00046621
6.22272491	0.00010511
6.24656677	0.00060848
6.27040863	0.00111305
6.29425049	0.00128159
6.31809235	0.00238985
6.34193420	0.00388803
6.36577606	0.00307657
6.38961792	0.00126290
6.41345978	0.00037184
6.43730164	0.00048503
6.46114349	0.00061360
6.48498535	0.00045280
6.50882721	0.00019780
6.53266907	0.00059996
6.55651093	0.00058807
6.58035278	0.00036016
6.60419464	0.00115899
6.62803650	0.00283321
6.65187836	0.00424103
6.67572021	0.00314620
6.69956207	0.00155284
6.72340393	0.00125191
6.74724579	0.00087994
6.77108765	0.00052899
6.79492950	0.00071536
6.81877136	0.00079414
6.84261322	0.00042376
6.86645508	0.00041247
6.89029694	0.00094291
6.91413879	0.00094491
6.93798065	0.00030472
6.96182251	0.01461632
6.98566437	0.05159231
7.00950623	0.05785985
7.03334808	0.02206246
7.05718994	0.00157055
7.08103180	0.00083492
7.10487366	0.00056116
7.12871552	0.00035934
7.15255737	0.00059664
7.17639923	0.00054244
7.20024109	0.00040077
7.22408295	0.00045715
7.24792480	0.00078999
7.27176666	0.00095557
7.29560852	0.00084730
7.31945038	0.00224587
7.34329224	0.00403619
7.36713409	0.00298039
7.39097595	0.00098462
7.41481781	0.00060869
7.43865967	0.00084676
7.46250153	0.00062203
7.48634338	0.00017905
7.51018524	0.00031207
7.53402710	0.00058537
7.55786896	0.00043713
7.58171082	0.00027964
7.60555267	0.00118030
7.62939453	0.00240847
7.65323639	0.00336227
7.67707825	0.00279715
7.70092010	0.00182103
7.72476196	0.00122528
7.74860382	0.00061223
7.77244568	0.00010340
7.79628754	0.00027740
7.82012939	0.00048414
7.84397125	0.00030842
7.86781311	0.00030055
7.89165497	0.00069250
7.91549683	0.00058724
7.93933868	0.00020634
7.96318054	0.01269275
7.98702240	0.04277958
8.01086426	0.04545786
8.03470612	0.01621519
8.05854797	0.00138608
8.08238983	0.00092469
8.10623169	0.00046708
8.13007355	0.00031810
8.15391541	0.00061059
8.17775726	0.00066371
8.20159912	0.00045340
8.22544098	0.00031103
8.24928284	0.00064321
8.27312469	0.00074294
8.29696655	0.00015706
8.32080841	0.00196075
8.34465027	0.00412310
8.36849213	0.00298870
8.39233398	0.00089097
8.41617584	0.00049446
8.44001770	0.00055327
8.46385956	0.00037012
8.48770142	0.00025436
8.51154327	0.00052197
8.53538513	0.00072853
8.55922699	0.00052151
8.58306885	0.00047489
8.60691071	0.00122841
8.63075256	0.00192008
8.65459442	0.00233878
8.67843628	0.00243328
8.70227814	0.00203231
8.72612000	0.00112267
8.74996185	0.00038965
8.77380371	0.00036509
8.79764557	0.00066179
8.82148743	0.00058784
8.84532928	0.00024580
8.86917114	0.00039473
8.89301300	0.00058677
8.91685486	0.00037475
8.94069672	0.00046974
8.96453857	0.01065031
8.98838043	0.03340290
9.01222229	0.03347603
9.03606415	0.01095679
9.05990601	0.00123109
9.08374786	0.00101774
9.10758972	0.00041302
9.13143158	0.00025146
9.15527344	0.00060205
9.17911530	0.00057188
9.20295715	0.00053518
9.22679901	0.00079365
9.25064087	0.00091617
9.27448273	0.00062214
9.29832458	0.00036151
9.32216644	0.00213698
9.34600830	0.00414866
9.36985016	0.00260218
9.39369202	0.00060238
9.41753387	0.00067209
9.44137573	0.00062259
9.46521759	0.00035742
9.48905945	0.00052035
9.51290131	0.00074894
9.53674316	0.00076372
9.56058502	0.00040623
9.58442688	0.00061955
9.60826874	0.00115061
9.63211060	0.00106480
9.65595245	0.00107531
9.67979431	0.00215690
9.70363617	0.00209834
9.72747803	0.00095965
9.75131989	0.00025359
9.77516174	0.00047715
9.79900360	0.00063178
9.82284546	0.00032591
9.84668732	0.00027331
9.87052917	0.00056087
9.89437103	0.00062407
9.91821289	0.00034282
9.94205475	0.00072863
9.96589661	0.00752691
9.98973846	0.02317054
10.01358032	0.02201453
10.03742218	0.00652044
10.06126404	0.00104416
10.08510590	0.00073710
10.10894775	0.00043155
10.13278961	0.00048225
10.15663147	0.00054451
10.18047333	0.00036227
10.20431519	0.00032030
10.22815704	0.00072036
10.25199890	0.00083058
10.27584076	0.00061062
10.29968262	0.00098696
10.32352448	0.00199172
10.34736633	0.00358194
10.37120819	0.00203688
10.39505005	0.00059871
10.41889191	0.00085623
10.44273376	0.00072814
10.46657562	0.00025906
10.49041748	0.00043514
10.51425934	0.00040799
10.53810120	0.00032599
10.56194305	0.00042367
10.58578491	0.00083471
10.60962677	0.00119671
10.63346863	0.00073288
10.65731049	0.00037508
10.68115234	0.00184808
10.70499420	0.00208977
10.72883606	0.00103633
10.75267792	0.00046793
10.77651978	0.00064628
10.80036163	0.00042924
10.82420349	0.00008811
10.84804535	0.00029607
10.87188721	0.00046931
10.89572906	0.00047726
10.91957092	0.00027984
10.94341278	0.00082144
10.96725464	0.00461257
10.99109650	0.01350969
11.01493835	0.01190036
11.03878021	0.00301283
11.06262207	0.00113933
11.08646393	0.00065322
11.11030579	0.00019138
11.13414764	0.00038545
11.15798950	0.00043225
11.18183136	0.00023847
11.20567322	0.00028977
11.22951508	0.00067144
11.25335693	0.00067881
11.27719879	0.00082471
11.30104065	0.00154934
11.32488251	0.00164937
11.34872437	0.00302896
11.37256622	0.00156534
11.39640808	0.00058950
11.42024994	0.00064323
11.44409180	0.00042926
11.46793365	0.00024579
11.49177551	0.00064715
11.51561737	0.00067610
11.53945923	0.00039049
11.56330109	0.00043269
11.58714294	0.00089063
11.61098480	0.00103876
11.63482666	0.00105165
11.65866852	0.00121935
11.68251038	0.00160789
11.70635223	0.00193866
11.73019409	0.00073470
11.75403595	0.00049476
11.77787781	0.00068691
11.80171967	0.00056728
11.82556152	0.00041092
11.84940338	0.00064439
11.87324524	0.00061214
11.89708710	0.00032909
11.92092896	0.00045695
11.94477081	0.00122583
11.96861267	0.00144663
11.99245453	0.00402975
12.01629639	0.00333256
12.04013824	0.00113523
12.06398010	0.00085001
12.08782196	0.00030510
12.11166382	0.00047416
12.13550568	0.00062928
12.15934753	0.00056908
12.18318939	0.00050890
12.20703125	0.00076762
12.23087311	0.00088193
12.25471497	0.00053223
12.27855682	0.00083049
12.30239868	0.00176704
12.32624054	0.00133212
12.35008240	0.00196300
12.37392426	0.00104380
12.39776611	0.00097089
12.42160797	0.00084066
12.44544983	0.00050359
12.46929169	0.00030250
12.49313354	0.00059984
12.51697540	0.00054486
12.54081726	0.00036483
12.56465912	0.00062330
12.58850098	0.00093549
12.61234283	0.00089001
12.63618469	0.00213480
12.66002655	0.00271019
12.68386841	0.00146531
12.70771027	0.00154122
12.73155212	0.00070702
12.75539398	0.00075240
12.77923584	0.00073646
12.80307770	0.00041347
12.82691956	0.00037460
12.85076141	0.00059156
12.87460327	0.00053253
12.89844513	0.00034116
12.92228699	0.00074454
12.94612885	0.00146920
12.96997070	0.00289393
12.99381256	0.00458347
13.01765442	0.00393846
13.04149628	0.00207915
13.06533813	0.00094200
13.08917999	0.00030507
13.11302185	0.00047170
13.13686371	0.00061699
13.16070557	0.00048386
13.18454742	0.00026732
13.20838928	0.00048139
13.23223114	0.00048923
13.25607300	0.00027961
13.27991486	0.00137650
13.30375671	0.00243251
13.32759857	0.00147103
13.35144043	0.00105710
13.37528229	0.00054970
13.39912415	0.00088888
13.42296600	0.00067342
13.44680786	0.00028300
13.47064972	0.00054125
13.49449158	0.00075623
13.51833344	0.00053019
13.54217529	0.00030309
13.56601715	0.00081107
13.58985901	0.00109212
13.61370087	0.00094199
13.63754272	0.00292882
13.66138458	0.00340886
13.68522644	0.00130976
13.70906830	0.00121307
13.73291016	0.00066057
13.75675201	0.00075039
13.78059387	0.00067488
13.80443573	0.00022325
13.82827759	0.00029622
13.85211945	0.00061101
13.87596130	0.00053015
13.89980316	0.00036189
13.92364502	0.00078022
13.94748688	0.00152770
13.97132874	0.00594329
13.99517059	0.01163048
14.01901245	0.00918290
14.04285431	0.00312971
14.06669617	0.00087559
14.09053802	0.00055109
14.11437988	0.00064378
14.13822174	0.00043601
14.16206360	0.00014111
14.18590546	0.00024803
14.20974731	0.00040723
14.23358917	0.00048257
14.25743103	0.00048037
14.28127289	0.00146034
14.30511475	0.00239734
14.32895660	0.00146566
14.35279846	0.00003942
14.37664032	0.00100086
14.40048218	0.00125930
14.42432404	0.00079630
14.44816589	0.00029764
14.47200775	0.00026944
14.49584961	0.00034343
14.51969147	0.00016576
14.54353333	0.00039888
14.56737518	0.00084418
14.59121704	0.00077083
14.61505890	0.00097898
14.63890076	0.00368619
14.66274261	0.00412931
14.68658447	0.00128489
14.71042633	0.00053308
14.73426819	0.00056723
14.75811005	0.00059895
14.78195190	0.00038279
14.80579376	0.00030574
14.82963562	0.00053655
14.85347748	0.00058488
14.87731934	0.00034674
14.90116119	0.00061440
14.92500305	0.00116234
14.94884491	0.00193506
14.97268677	0.00919582
14.99652863	0.01761276
15.02037048	0.01302021
15.04421234	0.00382174
15.06805420	0.00079811
15.09189606	0.00041185
15.11573792	0.00055292
15.13957977	0.00042149
15.16342163	0.00013234
15.18726349	0.00037334
15.21110535	0.00055947
15.23494720	0.00040139
15.25878906	0.00056902
15.28263092	0.00153551
15.30647278	0.00241970
15.33031464	0.00164735
15.35415649	0.00075800
15.37799835	0.00104867
15.40184021	0.00082472
15.42568207	0.00036403
15.44952393	0.00040875
15.47336578	0.00059478
15.49720764	0.00053513
15.52104950	0.00043156
15.54489136	0.00056051
15.56873322	0.00070303
15.59257507	0.00044388
15.61641693	0.00131771
15.64025879	0.00450005
15.66410065	0.00476589
15.68794250	0.00142539
15.71178436	0.00052092
15.73562622	0.00094448
15.75946808	0.00079920
15.78330994	0.00030087
15.80715179	0.00030180
15.83099365	0.00055177
15.85483551	0.00047345
15.87867737	0.00014848
15.90251923	0.00050489
15.92636108	0.00104295
15.95020294	0.00189339
15.97404480	0.01149073
15.99788666	0.02135688
16.02172852	0.01467765
16.04557037	0.00353395
16.06941223	0.00051083
16.09325409	0.00062920
16.11709595	0.00068351
16.14093781	0.00030254
16.16477966	0.00023008
16.18862152	0.00047789
16.21246338	0.00042273
16.23630524	0.00026934
16.26014709	0.00072091
16.28398895	0.00154855
16.30783081	0.00226867
16.33167267	0.00215007
16.35551453	0.00184244
16.37935638	0.00153827
16.40319824	0.00088531
16.42704010	0.00027183
16.45088196	0.00043286
16.47472382	0.00052474
16.49856567	0.00034868
16.52240753	0.00019560
16.54624939	0.00040054
16.57009125	0.00062831
16.59393311	0.00047190
16.61777496	0.00197387
16.64161682	0.00501279
16.66545868	0.00485760
16.68930054	0.00149818
16.71314240	0.00026157
16.73698425	0.00066303
16.76082611	0.00036410
16.78466797	0.00014400
16.80850983	0.00044661
16.83235168	0.00060280
16.85619354	0.00036914
16.88003540	0.00025187
16.90387726	0.00071832
16.92771912	0.00096368
16.95156097	0.00211721
16.97540283	0.01350887
16.99924469	0.02391666
17.02308655	0.01539431
17.04692841	0.00313759
17.07077026	0.00035374
17.09461212	0.00079748
17.11845398	0.00077921
17.14229584	0.00040354
17.16613770	0.00038099
17.18997955	0.00073253
17.21382141	0.00066184
17.23766327	0.00052766
17.26150513	0.00102331
17.28534698	0.00158990
17.30918884	0.00212855
17.33303070	0.00266440
17.35687256	0.00258115
17.38071442	0.00169343
17.40455627	0.00075522
17.42839813	0.00037130
17.45223999	0.00069010
17.47608185	0.00069247
17.49992371	0.00031664
17.52376556	0.00036811
17.54760742	0.00062805
17.57144928	0.00056801
17.59529114	0.00045348
17.61913300	0.00214206
17.64297485	0.00495843
17.66681671	0.00463560
17.69065857	0.00157966
17.71450043	0.00085720
17.73834229	0.00091752
17.76218414	0.00047272
17.78602600	0.00027485
17.80986786	0.00055363
17.83370972	0.00062265
17.85755157	0.00038384
17.88139343	0.00037572
17.90523529	0.00056127
17.92907715	0.00053064
17.95291901	0.00233784
17.97676086	0.01456437
18.00060272	0.02435985
18.02444458	0.01461122
18.04828644	0.00255639
18.07212830	0.00050818
18.09597015	0.00065754
18.11981201	0.00044129
18.14365387	0.00021459
18.16749573	0.00052637
18.19133759	0.00077583
18.21517944	0.00059821
18.23902130	0.00074708
18.26286316	0.00125034
18.28670502	0.00148781
18.31054688	0.00190778
18.33438873	0.00302902
18.35823059	0.00299411
18.38207245	0.00164649
18.40591431	0.00060551
18.42975616	0.00047495
18.45359802	0.00059141
18.47743988	0.00040343
18.50128174	0.00025127
18.52512360	0.00047478
18.54896545	0.00061191
18.57280731	0.00045866
18.59664917	0.00066717
18.62049103	0.00225202
18.64433289	0.00453101
18.66817474	0.00413526
18.69201660	0.00162736
18.71585846	0.00102561
18.73970032	0.00099996
18.76354218	0.00057854
18.78738403	0.00042209
18.81122589	0.00064993
18.83506775	0.00058304
18.85890961	0.00026497
18.88275146	0.00053519
18.90659332	0.00075798
18.93043518	0.00059419
18.95427704	0.00236629
18.97811890	0.01476511
19.00196075	0.02347557
19.02580261	0.01321313
19.04964447	0.00206118
19.07348633	0.00062276
19.09732819	0.00066836
19.12117004	0.00034627
19.14501190	0.00030660
19.16885376	0.00066489
19.19269562	0.00073962
19.21653748	0.00048903
19.24037933	0.00063875
19.26422119	0.00105376
19.28806305	0.00097624
19.31190491	0.00145221
19.33574677	0.00324437
19.35958862	0.00317524
19.38343048	0.00143508
19.40727234	0.00047598
19.43111420	0.00068036
19.45495605	0.00066762
19.47879791	0.00032681
19.50263977	0.00007779
19.52648163	0.00053421
19.55032349	0.00069389
19.57416534	0.00043534
19.59800720	0.00086561
19.62184906	0.00217662
19.64569092	0.00389036
19.66953278	0.00362646
19.69337463	0.00197587
19.71721649	0.00133942
19.74105835	0.00083977
19.76490021	0.00023736
19.78874207	0.00034227
19.81258392	0.00050328
19.83642578	0.00038989
19.86026764	0.00023111
19.88410950	0.00071286
19.90795135	0.00079346
19.93179321	0.00050572
19.95563507	0.00228505
19.97947693	0.01397090
20.00331879	0.02114428
20.02716064	0.01101573
20.05100250	0.00145407
20.07484436	0.00083765
20.09868622	0.00056209
20.12252808	0.00028351
20.14636993	0.00038766
20.17021179	0.00056603
20.19405365	0.00049741
20.21789551	0.00009422
20.24173737	0.00063288
20.26557922	0.00102876
20.28942108	0.00065735
20.31326294	0.00115623
20.33710480	0.00336424
20.36094666	0.00313108
20.38478851	0.00109677
20.40863037	0.00025372
20.43247223	0.00055432
20.45631409	0.00053583
20.48015594	0.00026081
20.50399780	0.00031102
20.52783966	0.00073168
20.55168152	0.00068199
20.57552338	0.00059309
20.59936523	0.00121875
20.62320709	0.00215133
20.64704895	0.00317672
20.67089081	0.00302841
20.69473267	0.00219745
20.71857452	0.00146942
20.74241638	0.00070626
20.76625824	0.00030546
20.79010010	0.00057729
20.81394196	0.00057440
20.83778381	0.00030614
20.86162567	0.00025323
20.88546753	0.00066738
20.90930939	0.00067939
20.93315125	0.00046199
20.95699310	0.00211701
20.98083496	0.01227040
21.00467682	0.01770684
21.02851868	0.00866689
21.05236053	0.00112686
21.07620239	0.00084322
21.10004425	0.00054202
21.12388611	0.00012729
21.14772797	0.00048657
21.17156982	0.00046392
21.19541168	0.00038636
21.21925354	0.00050291
21.24309540	0.00084383
21.26693726	0.00097126
21.29077911	0.00043426
21.31462097	0.00109965
21.33846283	0.00340786
21.36230469	0.00309155
21.38614655	0.00097485
21.40998840	0.00048752
21.43383026	0.00061897
21.45767212	0.00033582
21.48151398	0.00031960
21.50535583	0.00057231
21.52919769	0.00055366
21.55303955	0.00029480
21.57688141	0.00038292
21.60072327	0.00118633
21.62456512	0.00176318
21.64840698	0.00176666
21.67224884	0.00194659
21.69609070	0.00198002
21.71993256	0.00119687
21.74377441	0.00042036
21.76761627	0.00040409
21.79145813	0.00058334
21.81529999	0.00044861
21.83914185	0.00006857
21.86298370	0.00037072
21.88682556	0.00068260
21.91066742	0.00058752
21.93450928	0.00087914
21.95835114	0.00179773
21.98219299	0.00953521
22.00603485	0.01314852
22.02987671	0.00586719
22.05371857	0.00124714
22.07756042	0.00104714
22.10140228	0.00055947
22.12524414	0.00047896
22.14908600	0.00065754
22.17292786	0.00050920
22.19676971	0.00033929
22.22061157	0.00035393
22.24445343	0.00081465
22.26829529	0.00074804
22.29213715	0.00068915
22.31597900	0.00126509
22.33982086	0.00328027
22.36366272	0.00278603
22.38750458	0.00070346
22.41134644	0.00053958
22.43518829	0.00056999
22.45903015	0.00031811
22.48287201	0.00048487
22.50671387	0.00071725
22.53055573	0.00070786
22.55439758	0.00054715
22.57823944	0.00071989
22.60208130	0.00119910
22.62592316	0.00112896
22.64976501	0.00043271
22.67360687	0.00129615
22.69744873	0.00203719
22.72129059	0.00120544
22.74513245	0.00029233
22.76897430	0.00045793
22.79281616	0.00066426
22.81665802	0.00055700
22.84049988	0.00050361
22.86434174	0.00074755
22.88818359	0.00072304
22.91202545	0.00032547
22.93586731	0.00074430
22.95970917	0.00158980
22.98355103	0.00665240
23.00739288	0.00858432
23.03123474	0.00337601
23.05507660	0.00117115
23.07891846	0.00088867
23.10276031	0.00032179
23.12660217	0.00045335
23.15044403	0.00063860
23.17428589	0.00040543
23.19812775	0.00032713
23.22196960	0.00064197
23.24581146	0.00074574
23.26965332	0.00056380
23.29349518	0.00120103
23.31733704	0.00114647
23.34117889	0.00272508
23.36502075	0.00236732
23.38886261	0.00075278
23.41270447	0.00078963
23.43654633	0.00069379
23.46038818	0.00027557
23.48423004	0.00036935
23.50807190	0.00063282
23.53191376	0.00054357
23.55575562	0.00033522
23.57959747	0.00073102
23.60343933	0.00112131
23.62728119	0.00081837
23.65112305	0.00100250
23.67496490	0.00120868
23.69880676	0.00195236
23.72264862	0.00098645
23.74649048	0.00041163
23.77033234	0.00063080
23.79417419	0.00054901
23.81801605	0.00032341
23.84185791	0.00033629
23.86569977	0.00055361
23.88954163	0.00053654
23.91338348	0.00025899
23.93722534	0.00097335
23.96106720	0.00128313
23.98490906	0.00323778
24.00875092	0.00414582
24.03259277	0.00161051
24.05643463	0.00116474
24.08027649	0.00065443
24.10411835	0.00033665
24.12796021	0.00056053
24.15180206	0.00074801
24.17564392	0.00051438
24.19948578	0.00023124
24.22332764	0.00052393
24.24716949	0.00050746
24.27101135	0.00063685
24.29485321	0.00177117
24.31869507	0.00152703
24.34253693	0.00206933
24.36637878	0.00157745
24.39022064	0.00065144
24.41406250	0.00091690
24.43790436	0.00069365
24.46174622	0.00042039
24.48558807	0.00048631
24.50942993	0.00046098
24.53327179	0.00022464
24.55711365	0.00039157
24.58095551	0.00080746
24.60479736	0.00098405
24.62863922	0.00137863
24.65248108	0.00273838
24.67632294	0.00159512
24.70016479	0.00159776
24.72400665	0.00080070
24.74784851	0.00035842
24.77169037	0.00068374
24.79553223	0.00058139
24.81937408	0.00038871
24.84321594	0.00056415
24.86705780	0.00060504
24.89089966	0.00047912
24.91474152	0.00022968
24.93858337	0.00105203
24.96242523	0.00162627
24.98626709	0.00070106
25.01010895	0.00065523
25.03395081	0.00136945
25.05779266	0.00116140
25.08163452	0.00049434
25.10547638	0.00033702
25.12931824	0.00063434
25.15316010	0.00069333
25.17700195	0.00043562
25.20084381	0.00050100
25.22468567	0.00073720
25.24852753	0.00060259
25.27236938	0.00061237
25.29621124	0.00195512
25.32005310	0.00174596
25.34389496	0.00135907
25.36773682	0.00089628
25.39157867	0.00087802
25.41542053	0.00090736
25.43926239	0.00057175
25.46310425	0.00051648
25.48694611	0.00067885
25.51078796	0.00057332
25.53462982	0.00031880
25.55847168	0.00049042
25.58231354	0.00086119
25.60615540	0.00094439
25.62999725	0.00246839
25.65383911	0.00422836
25.67768097	0.00222160
25.70152283	0.00112456
25.72536469	0.00047052
25.74920654	0.00056664
25.77304840	0.00072998
25.79689026	0.00045584
25.82073212	0.00030447
25.84457397	0.00054265
25.86841583	0.00058375
25.89225769	0.00039226
25.91609955	0.00051895
25.93994141	0.00112601
25.96378326	0.00237430
25.98762512	0.00427189
26.01146698	0.00436060
26.03530884	0.00249956
26.05915070	0.00113426
26.08299255	0.00036097
26.10683441	0.00048166
26.13067627	0.00068031
26.15451813	0.00052609
26.17835999	0.00039595
26.20220184	0.00056899
26.22604370	0.00066393
26.24988556	0.00030575
26.27372742	0.00093633
26.29756927	0.00229188
26.32141113	0.00193078
26.34525299	0.00062590
26.36909485	0.00047378
26.39293671	0.00100804
26.41677856	0.00086673
26.44062042	0.00039042
26.46446228	0.00032629
26.48830414	0.00059467
26.51214600	0.00053541
26.53598785	0.00045980
26.55982971	0.00076208
26.58367157	0.00085304
26.60751343	0.00071769
26.63135529	0.00300364
26.65519714	0.00508566
26.67903900	0.00256114
26.70288086	0.00084783
26.72672272	0.00053273
26.75056458	0.00075469
26.77440643	0.00063954
26.79824829	0.00024088
26.82209015	0.00046020
26.84593201	0.00060907
26.86977386	0.00050832
26.89361572	0.00017680
26.91745758	0.00059024
26.94129944	0.00122572
26.96514130	0.00334990
26.98898315	0.00740218
27.01282501	0.00719998
27.03666687	0.00309329
27.06050873	0.00104775
27.08435059	0.00034463
27.10819244	0.00048386
27.13203430	0.00055885
27.15587616	0.00032341
27.17971802	0.00036725
27.20355988	0.00051882
27.22740173	0.00056453
27.25124359	0.00051004
27.27508545	0.00122826
27.29892731	0.00242731
27.32276917	0.00195808
27.34661102	0.00042673
27.37045288	0.00077290
27.39429474	0.00097971
27.41813660	0.00058157
27.44197845	0.00020598
27.46582031	0.00052191
27.48966217	0.00060704
27.51350403	0.00037459
27.53734589	0.00032936
27.56118774	0.00058188
27.58502960	0.00063655
27.60887146	0.00076438
27.63271332	0.00382801
27.65655518	0.00584675
27.68039703	0.00279856
27.70423889	0.00039773
27.72808075	0.00062987
27.75192261	0.00074132
27.77576447	0.00052759
27.79960632	0.00032239
27.82344818	0.00063554
27.84729004	0.00075771
27.87113190	0.00049657
27.89497375	0.00036293
27.91881561	0.00084915
27.94265747	0.00104495
27.96649933	0.00404358
27.99034119	0.01020879
28.01418304	0.00966897
28.03802490	0.00359508
28.06186676	0.00068128
28.08570862	0.00054872
28.10955048	0.00077678
28.13339233	0.00062388
28.15723419	0.00034086
28.18107605	0.00060459
28.20491791	0.00067542
28.22875977	0.00044322
28.25260162	0.00021632
28.27644348	0.00112596
28.30028534	0.00224429
28.32412720	0.00207179
28.34796906	0.00121326
28.37181091	0.00126728
28.39565277	0.00110249
28.41949463	0.00056390
28.44333649	0.00036574
28.46717834	0.00054186
28.49102020	0.00044446
28.51486206	0.00038676
28.53870392	0.00065187
28.56254578	0.00089568
28.58638763	0.00079150
28.61022949	0.00101832
28.63407135	0.00447305
28.65791321	0.00627883
28.68175507	0.00295134
28.70559692	0.00020160
28.72943878	0.00085946
28.75328064	0.00082254
28.77712250	0.00053678
28.80096436	0.00049196
28.82480621	0.00073306
28.84864807	0.00069499
28.87248993	0.00028609
28.89633179	0.00029348
28.92017365	0.00083036
28.94401550	0.00087709
28.96785736	0.00485964
28.99169922	0.01218536
29.01554108	0.01104313
29.03938293	0.00371362
29.06322479	0.00052285
29.08706665	0.00063273
29.11090851	0.00064302
29.13475037	0.00047324
29.15859222	0.00026990
29.18243408	0.00041021
29.20627594	0.00039261
29.23011780	0.00021140
29.25395966	0.00056414
29.27780151	0.00141835
29.30164337	0.00224778
29.32548523	0.00231892
29.34932709	0.00195688
29.37316895	0.00156352
29.39701080	0.00102255
29.42085266	0.00042413
29.44469452	0.00048216
29.46853638	0.00065086
29.49237823	0.00042950
29.51622009	0.00026778
29.54006195	0.00054390
29.56390381	0.00060405
29.58774567	0.00032741
29.61158752	0.00130316
29.63542938	0.00483194
29.65927124	0.00640086
29.68311310	0.00300204
29.70695496	0.00055080
29.73079681	0.00091070
29.75463867	0.00067975
29.77848053	0.00031833
29.80232239	0.00041947
29.82616425	0.00060408
29.85000610	0.00044588
29.87384796	0.00014568
29.89768982	0.00045031
29.92153168	0.00080480
29.94537354	0.00066338
29.96921539	0.00561493
29.99305725	0.01345786
30.01689911	0.01145861
30.04074097	0.00354875
30.06458282	0.00056768
30.08842468	0.00072107
30.11226654	0.00065770
30.13610840	0.00031243
30.15995026	0.00020577
30.18379211	0.00057422
30.20763397	0.00046760
30.23147583	0.00032045
30.25531769	0.00086453
30.27915955	0.00142459
30.30300140	0.00195703
30.32684326	0.00254637
30.35068512	0.00267504
30.37452698	0.00184590
30.39836884	0.00093214
30.42221069	0.00032302
30.44605255	0.00037665
30.46989441	0.00045353
30.49373627	0.00020747
30.51757813	0.00040568
30.54141998	0.00073757
30.56526184	0.00078373
30.58910370	0.00058121
30.61294556	0.00176847
30.63678741	0.00496128
30.66062927	0.00600741
30.68447113	0.00281467
30.70831299	0.00090280
30.73215485	0.00107281
30.75599670	0.00061528
30.77983856	0.00020202
30.80368042	0.00037202
30.82752228	0.00037143
30.85136414	0.00023782
30.87520599	0.00047118
30.89904785	0.00092773
30.92288971	0.00103635
30.94673157	0.00039344
30.97057343	0.00590237
30.99441528	0.01385997
31.01825714	0.01123044
31.04209900	0.00315671
31.06594086	0.00063516
31.08978271	0.00071053
31.11362457	0.00047117
31.13746643	0.00040370
31.16130829	0.00059585
31.18515015	0.00056918
31.20899200	0.00031755
31.23283386	0.00029049
31.25667572	0.00081983
31.28051758	0.00112325
31.30435944	0.00132627
31.32820129	0.00249618
31.35204315	0.00306711
31.37588501	0.00190401
31.39972687	0.00065749
31.42356873	0.00057129
31.44741058	0.00076633
31.47125244	0.00068657
31.49509430	0.00040883
31.51893616	0.00046044
31.54277802	0.00060536
31.56661987	0.00050042
31.59046173	0.00061413
31.61430359	0.00204632
31.63814545	0.00465947
31.66198730	0.00527540
31.68582916	0.00265975
31.70967102	0.00112698
31.73351288	0.00098834
31.75735474	0.00058450
31.78119659	0.00049311
31.80503845	0.00066886
31.82888031	0.00053049
31.85272217	0.00033037
31.87656403	0.00041812
31.90040588	0.00063192
31.92424774	0.00067992
31.94808960	0.00022972
31.97193146	0.00597788
31.99577332	0.01332740
32.01961517	0.00996457
32.04345703	0.00234825
32.06729889	0.00061157
32.09114075	0.00080375
32.11498260	0.00041853
32.13882446	0.00012409
32.16266632	0.00040509
32.18650818	0.00040295
32.21035004	0.00016512
32.23419189	0.00051566
32.25803375	0.00096290
32.28187561	0.00099243
32.30571747	0.00086080
32.32955933	0.00239842
32.35340118	0.00306989
32.37724304	0.00172903
32.40108490	0.00056474
32.42492676	0.00062741
32.44876862	0.00054329
32.47261047	0.00022325
32.49645233	0.00018373
32.52029419	0.00047884
32.54413605	0.00069131
32.56797791	0.00051967
32.59181976	0.00070966
32.61566162	0.00187109
32.63950348	0.00385591
32.66334534	0.00429949
32.68718719	0.00249459
32.71102905	0.00146828
32.73487091	0.00112241
32.75871277	0.00066824
32.78255463	0.00068590
32.80639648	0.00074761
32.83023834	0.00038090
32.85408020	0.00014236
32.87792206	0.00039875
32.90176392	0.00040519
32.92560577	0.00023039
32.94944763	0.00059565
32.97328949	0.00532335
32.99713135	0.01168980
33.02097321	0.00829811
33.04481506	0.00172211
33.06865692	0.00086386
33.09249878	0.00076120
33.11634064	0.00043848
33.14018250	0.00032973
33.16402435	0.00057895
33.18786621	0.00048464
33.21170807	0.00030456
33.23554993	0.00047464
33.25939178	0.00074542
33.28323364	0.00052761
33.30707550	0.00039132
33.33091736	0.00250828
33.35475922	0.00324214
33.37860107	0.00143399
33.40244293	0.00029560
33.42628479	0.00056183
33.45012665	0.00051077
33.47396851	0.00020206
33.49781036	0.00025164
33.52165222	0.00043718
33.54549408	0.00058132
33.56933594	0.00040680
33.59317780	0.00083999
33.61701965	0.00175457
33.64086151	0.00277044
33.66470337	0.00310790
33.68854523	0.00245565
33.71238708	0.00155112
33.73622894	0.00074292
33.76007080	0.00037046
33.78391266	0.00063110
33.80775452	0.00070844
33.83159637	0.00026543
33.85543823	0.00023110
33.87928009	0.00069116
33.90312195	0.00072790
33.92696381	0.00050060
33.95080566	0.00073541
33.97464752	0.00472010
33.99848938	0.00973812
34.02233124	0.00631695
34.04617310	0.00127615
34.07001495	0.00105642
34.09385681	0.00072541
34.11769867	0.00036445
34.14154053	0.00048945
34.16538239	0.00059171
34.18922424	0.00038129
34.21306610	0.00016855
34.23690796	0.00069097
34.26074982	0.00091473
34.28459167	0.00068761
34.30843353	0.00071914
34.33227539	0.00239480
34.35611725	0.00293802
34.37995911	0.00115712
34.40380096	0.00042146
34.42764282	0.00078776
34.45148468	0.00055522
34.47532654	0.00024320
34.49916840	0.00054907
34.52301025	0.00061559
34.54685211	0.00049422
34.57069397	0.00064658
34.59453583	0.00127165
34.61837769	0.00161392
34.64221954	0.00135651
34.66606140	0.00166199
34.68990326	0.00220405
34.71374512	0.00165840
34.73758698	0.00075988
34.76142883	0.00027130
34.78527069	0.00047132
34.80911255	0.00055287
34.83295441	0.00035526
34.85679626	0.00047924
34.88063812	0.00066096
34.90447998	0.00052606
34.92832184	0.00050169
34.95216370	0.00108078
34.97600555	0.00370652
34.99984741	0.00728392
35.02368927	0.00435447
35.04753113	0.00122095
35.07137299	0.00108461
35.09521484	0.00061626
35.11905670	0.00044008
35.14289856	0.00056509
35.16674042	0.00041366
35.19058228	0.00017084
35.21442413	0.00041523
35.23826599	0.00076324
35.26210785	0.00078216
35.28594971	0.00089934
35.30979156	0.00120411
35.33363342	0.00217771
35.35747528	0.00269747
35.38131714	0.00099428
35.40515900	0.00043517
35.42900085	0.00054273
35.45284271	0.00028593
35.47668457	0.00011636
35.50052643	0.00047297
35.52436829	0.00049136
35.54821014	0.00038103
35.57205200	0.00062660
35.59589386	0.00108572
35.61973572	0.00114923
35.64357758	0.00060340
35.66741943	0.00071108
35.69126129	0.00177358
35.71510315	0.00140214
35.73894501	0.00049999
35.76278687	0.00055223
35.78662872	0.00060013
35.81047058	0.00039487
35.83431244	0.00006408
35.85815430	0.00037226
35.88199615	0.00060148
35.90583801	0.00043816
35.92967987	0.00078605
35.95352173	0.00139796
35.97736359	0.00224600
36.00120544	0.00424830
36.02504730	0.00232094
36.04888916	0.00120977
36.07273102	0.00100571
36.09657288	0.00044329
36.12041473	0.00034536
36.14425659	0.00060227
36.16809845	0.00049269
36.19194031	0.00028949
36.21578217	0.00059613
36.23962402	0.00085067
36.26346588	0.00074288
36.28730774	0.00126769
36.31114960	0.00165473
36.33499146	0.00181928
36.35883331	0.00219827
36.38267517	0.00071205
36.40651703	0.00069978
36.43035889	0.00070640
36.45420074	0.00032229
36.47804260	0.00044853
36.50188446	0.00073536
36.52572632	0.00069011
36.54956818	0.00042819
36.57341003	0.00068836
36.59725189	0.00105137
36.62109375	0.00090231
36.64493561	0.00206940
36.66877747	0.00178979
36.69261932	0.00171700
36.71646118	0.00124270
36.74030304	0.00031973
36.76414490	0.00054903
36.78798676	0.00050421
36.81182861	0.00017214
36.83567047	0.00047225
36.85951233	0.00073393
36.88335419	0.00067634
36.90719604	0.00040772
36.93103790	0.00097984
36.95487976	0.00173372
36.97872162	0.00114168
37.00256348	0.00115765
37.02640533	0.00100268
37.05024719	0.00111346
37.07408905	0.00045595
37.09793091	0.00011351
37.12177277	0.00047534
37.14561462	0.00056728
37.16945648	0.00030537
37.19329834	0.00027969
37.21714020	0.00054294
37.24098206	0.00054818
37.26482391	0.00041999
37.28866577	0.00174249
37.31250763	0.00229103
37.33634949	0.00146366
37.36019135	0.00142428
37.38403320	0.00071571
37.40787506	0.00091239
37.43171692	0.00067327
37.45555878	0.00037598
37.47940063	0.00052785
37.50324249	0.00067084
37.52708435	0.00046376
37.55092621	0.00042028
37.57476807	0.00076714
37.59860992	0.00096321
37.62245178	0.00148549
37.64629364	0.00381795
37.67013550	0.00284360
37.69397736	0.00126829
37.71781921	0.00086330
37.74166107	0.00050933
37.76550293	0.00086833
37.78934479	0.00075150
37.81318665	0.00037642
37.83702850	0.00047143
37.86087036	0.00062372
37.88471222	0.00046422
37.90855408	0.00033098
37.93239594	0.00105789
37.95623779	0.00178602
37.98007965	0.00187459
38.00392151	0.00162156
38.02776337	0.00156519
38.05160522	0.00122536
38.07544708	0.00052737
38.09928894	0.00026505
38.12313080	0.00055817
38.14697266	0.00045219
38.17081451	0.00025372
38.19465637	0.00041671
38.21849823	0.00071989
38.24234009	0.00067484
38.26618195	0.00070817
38.29002380	0.00221423
38.31386566	0.00267524
38.33770752	0.00105121
38.36154938	0.00073865
38.38539124	0.00078297
38.40923309	0.00084572
38.43307495	0.00048365
38.45691681	0.00027733
38.48075867	0.00047403
38.50460052	0.00058074
38.52844238	0.00030893
38.55228424	0.00054256
38.57612610	0.00098866
38.59996796	0.00088732
38.62380981	0.00210677
38.64765167	0.00519287
38.67149353	0.00382062
38.69533539	0.00102695
38.71917725	0.00065051
38.74301910	0.00048095
38.76686096	0.00073838
38.79070282	0.00055873
38.81454468	0.00029836
38.83838654	0.00043938
38.86222839	0.00041320
38.88607025	0.00019542
38.90991211	0.00045069
38.93375397	0.00113159
38.95759583	0.00210893
38.98143768	0.00384774
39.00527954	0.00466483
39.02912140	0.00313199
39.05296326	0.00153404
39.07680511	0.00055007
39.10064697	0.00040358
39.12448883	0.00054113
39.14833069	0.00049175
39.17217255	0.00027384
39.19601440	0.00052069
39.21985626	0.00075672
39.24369812	0.00055349
39.26753998	0.00079718
39.29138184	0.00232096
39.31522369	0.00266626
39.33906555	0.00097282
39.36290741	0.00035908
39.38674927	0.00092705
39.41059113	0.00070644
39.43443298	0.00027812
39.45827484	0.00039420
39.48211670	0.00056882
39.50595856	0.00051324
39.52980042	0.00038733
39.55364227	0.00074868
39.57748413	0.00103487
39.60132599	0.00090074
39.62516785	0.00297085
39.64900970	0.00649390
39.67285156	0.00459417
39.69669342	0.00080180
39.72053528	0.00077477
39.74437714	0.00091643
39.76821899	0.00087344
39.79206085	0.00041393
39.81590271	0.00013013
39.83974457	0.00043182
39.86358643	0.00034293
39.88742828	0.00027742
39.91127014	0.00075049
39.93511200	0.00121238
39.95895386	0.00226007
39.98279572	0.00541479
40.00663757	0.00664982
40.03047943	0.00368573
40.05432129	0.00115160
40.07816315	0.00038908
40.10200500	0.00047197
40.12584686	0.00054739
40.14968872	0.00032493
40.17353058	0.00038840
40.19737244	0.00055057
40.22121429	0.00053831
40.24505615	0.00036111
40.26889801	0.00106276
40.29273987	0.00233025
40.31658173	0.00260571
40.34042358	0.00132921
40.36426544	0.00097927
40.38810730	0.00118564
40.41194916	0.00081877
40.43579102	0.00034487
40.45963287	0.00045662
40.48347473	0.00050584
40.50731659	0.00036492
40.53115845	0.00043205
40.55500031	0.00080704
40.57884216	0.00086904
40.60268402	0.00067135
40.62652588	0.00362534
40.65036774	0.00737307
40.67420959	0.00496651
40.69805145	0.00064021
40.72189331	0.00059709
40.74573517	0.00069044
40.76957703	0.00055971
40.79341888	0.00017202
40.81726074	0.00040096
40.84110260	0.00055705
40.86494446	0.00049857
40.88878632	0.00041572
40.91262817	0.00077290
40.93647003	0.00088557
40.96031189	0.00206540
40.98415375	0.00665250
41.00799561	0.00820825
41.03183746	0.00421823
41.05567932	0.00110578
41.07952118	0.00054893
41.10336304	0.00067258
41.12720490	0.00062415
41.15104675	0.00041990
41.17488861	0.00047559
41.19873047	0.00052345
41.22257233	0.00033619
41.24641418	0.00040735
41.27025604	0.00123524
41.29409790	0.00233897
41.31793976	0.00259905
41.34178162	0.00176092
41.36562347	0.00133306
41.38946533	0.00120921
41.41330719	0.00062853
41.43714905	0.00036303
41.46099091	0.00070950
41.48483276	0.00070037
41.50867462	0.00052834
41.53251648	0.00034856
41.55635834	0.00059214
41.58020020	0.00061405
41.60404205	0.00088949
41.62788391	0.00444258
41.65172577	0.00793854
41.67556763	0.00518237
41.69940948	0.00075041
41.72325134	0.00072887
41.74709320	0.00072830
41.77093506	0.00032654
41.79477692	0.00025136
41.81861877	0.00057045
41.84246063	0.00055702
41.86630249	0.00030042
41.89014435	0.00035918
41.91398621	0.00083557
41.93782806	0.00091041
41.96166992	0.00228400
41.98551178	0.00793367
42.00935364	0.00937081
42.03319550	0.00437583
42.05703735	0.00093741
42.08087921	0.00053368
42.10472107	0.00060873
42.12856293	0.00043610
42.15240479	0.00023391
42.17624664	0.00042878
42.20008850	0.00060393
42.22393036	0.00046652
42.24777222	0.00064135
42.27161407	0.00131290
42.29545593	0.00217485
42.31929779	0.00267776
42.34313965	0.00248215
42.36698151	0.00186854
42.39082336	0.00114604
42.41466522	0.00049656
42.43850708	0.00054011
42.46234894	0.00075747
42.48619080	0.00051694
42.51003265	0.00034942
42.53387451	0.00049661
42.55771637	0.00060208
42.58155823	0.00055330
42.60540009	0.00098508
42.62924194	0.00448657
42.65308380	0.00770829
42.67692566	0.00500441
42.70076752	0.00099455
42.72460938	0.00094336
42.74845123	0.00084812
42.77229309	0.00042205
42.79613495	0.00045584
42.81997681	0.00070231
42.84381866	0.00052866
42.86766052	0.00020250
42.89150238	0.00031312
42.91534424	0.00076645
42.93918610	0.00064939
42.96302795	0.00236912
42.98686981	0.00829502
43.01071167	0.00928355
43.03455353	0.00375608
43.05839539	0.00063138
43.08223724	0.00064190
43.10607910	0.00056075
43.12992096	0.00030928
43.15376282	0.00038724
43.17760468	0.00060831
43.20144653	0.00054647
43.22528839	0.00030245
43.24913025	0.00072484
43.27297211	0.00135224
43.29681396	0.00175685
43.32065582	0.00216832
43.34449768	0.00259085
43.36833954	0.00200181
43.39218140	0.00099084
43.41602325	0.00030011
43.43986511	0.00050202
43.46370697	0.00062439
43.48754883	0.00035963
43.51139069	0.00026051
43.53523254	0.00055965
43.55907440	0.00059953
43.58291626	0.00028524
43.60675812	0.00119893
43.63059998	0.00432245
43.65444183	0.00689688
43.67828369	0.00442204
43.70212555	0.00119474
43.72596741	0.00082649
43.74980927	0.00060897
43.77365112	0.00030351
43.79749298	0.00052967
43.82133484	0.00071436
43.84517670	0.00056159
43.86901855	0.00048068
43.89286041	0.00083461
43.91670227	0.00098093
43.94054413	0.00048643
43.96438599	0.00247419
43.98822784	0.00861000
44.01206970	0.00924746
44.03591156	0.00361279
44.05975342	0.00082375
44.08359528	0.00100240
44.10743713	0.00077931
44.13127899	0.00044209
44.15512085	0.00044558
44.17896271	0.00061877
44.20280457	0.00055262
44.22664642	0.00036625
44.25048828	0.00090544
44.27433014	0.00124046
44.29817200	0.00106798
44.32201385	0.00190267
44.34585571	0.00301074
44.36969757	0.00221155
44.39353943	0.00087174
44.41738129	0.00039379
44.44122314	0.00064347
44.46506500	0.00062672
44.48890686	0.00025358
44.51274872	0.00028674
44.53659058	0.00061005
44.56043243	0.00049438
44.58427429	0.00044874
44.60811615	0.00160147
44.63195801	0.00421796
44.65579987	0.00597518
44.67964172	0.00392354
44.70348358	0.00158016
44.72732544	0.00106467
44.75116730	0.00067729
44.77500916	0.00049784
44.79885101	0.00068699
44.82269287	0.00061636
44.84653473	0.00039089
44.87037659	0.00031540
44.89421844	0.00060024
44.91806030	0.00065706
44.94190216	0.00024824
44.96574402	0.00250804
44.98958588	0.00810480
45.01342773	0.00814255
45.03726959	0.00274865
45.06111145	0.00080436
45.08495331	0.00079573
45.10879517	0.00036026
45.13263702	0.00026253
45.15647888	0.00058035
45.18032074	0.00060007
45.20416260	0.00038354
45.22800446	0.00025018
45.25184631	0.00089405
45.27568817	0.00105357
45.29953003	0.00038058
45.32337189	0.00175858
45.34721375	0.00303877
45.37105560	0.00201403
45.39489746	0.00067919
45.41873932	0.00068081
45.44258118	0.00077448
45.46642303	0.00053765
45.49026489	0.00017297
45.51410675	0.00034483
45.53794861	0.00049514
45.56179047	0.00027225
45.58563232	0.00048497
45.60947418	0.00157431
45.63331604	0.00343843
45.65715790	0.00445143
45.68099976	0.00303743
45.70484161	0.00161912
45.72868347	0.00102959
45.75252533	0.00052929
45.77636719	0.00037091
45.80020905	0.00036013
45.82405090	0.00018570
45.84789276	0.00015541
45.87173462	0.00041922
45.89557648	0.00059869
45.91941833	0.00058106
45.94326019	0.00083665
45.96710205	0.00197099
45.99094391	0.00695125
46.01478577	0.00671805
46.03862762	0.00207522
46.06246948	0.00086565
46.08631134	0.00071982
46.11015320	0.00038145
46.13399506	0.00034312
46.15783691	0.00059243
46.18167877	0.00052693
46.20552063	0.00020543
46.22936249	0.00037334
46.25320435	0.00069809
46.27704620	0.00061903
46.30088806	0.00027282
46.32472992	0.00171342
46.34857178	0.00310476
46.37241364	0.00188770
46.39625549	0.00046135
46.42009735	0.00059713
46.44393921	0.00058447
46.46778107	0.00021114
46.49162292	0.00040587
46.51546478	0.00052911
46.53930664	0.00051742
46.56314850	0.00028615
46.58699036	0.00059178
46.61083221	0.00152489
46.63467407	0.00216250
46.65851593	0.00233956
46.68235779	0.00213437
46.70619965	0.00168265
46.73004150	0.00088027
46.75388336	0.00032357
46.77772522	0.00042656
46.80156708	0.00046677
46.82540894	0.00027252
46.84925079	0.00016890
46.87309265	0.00048304
46.89693451	0.00057989
46.92077637	0.00039898
46.94461823	0.00087260
46.96846008	0.00189328
46.99230194	0.00564314
47.01614380	0.00506792
47.03998566	0.00144883
47.06382751	0.00103868
47.08766937	0.00085301
47.11151123	0.00037619
47.13535309	0.00060186
47.15919495	0.00073370
47.18303680	0.00052807
47.20687866	0.00047002
47.23072052	0.00078238
47.25456238	0.00091328
47.27840424	0.00050844
47.30224609	0.00096924
47.32608795	0.00151571
47.34992981	0.00276800
47.37377167	0.00152016
47.39761353	0.00043037
47.42145538	0.00072952
47.44529724	0.00057242
47.46913910	0.00022263
47.49298096	0.00037243
47.51682281	0.00063671
47.54066467	0.00065504
47.56450653	0.00046114
47.58834839	0.00103827
47.61219025	0.00151359
47.63603210	0.00097131
47.65987396	0.00036571
47.68371582	0.00149863
47.70755768	0.00158351
47.73139954	0.00075532
47.75524139	0.00046280
47.77908325	0.00067212
47.80292511	0.00047291
47.82676697	0.00023454
47.85060883	0.00059408
47.87445068	0.00076639
47.89829254	0.00053071
47.92213440	0.00021764
47.94597626	0.00106098
47.96981812	0.00142992
47.99365997	0.00392809
48.01750183	0.00333102
48.04134369	0.00104063
48.06518555	0.00096828
48.08902740	0.00066497
48.11286926	0.00030064
48.13671112	0.00041560
48.16055298	0.00052847
48.18439484	0.00031940
48.20823669	0.00036738
48.23207855	0.00070784
48.25592041	0.00077726
48.27976227	0.00090703
48.30360413	0.00176591
48.32744598	0.00145036
48.35128784	0.00228048
48.37512970	0.00116904
48.39897156	0.00067090
48.42281342	0.00076756
48.44665527	0.00040958
48.47049713	0.00031267
48.49433899	0.00055189
48.51818085	0.00054287
48.54202271	0.00041375
48.56586456	0.00045338
48.58970642	0.00093485
48.61354828	0.00110192
48.63739014	0.00143221
48.66123199	0.00172077
48.68507385	0.00149542
48.70891571	0.00148232
48.73275757	0.00052452
48.75659943	0.00028496
48.78044128	0.00048509
48.80428314	0.00056354
