Частота	A * B
(kГц)	(?)

0.00000000	2.69047800
0.02384186	1.16145500
0.04768372	0.23831490
0.07152557	0.11714320
0.09536743	0.13968660
0.11920929	0.16294000
0.14305115	0.22402010
0.16689301	0.17899440
0.19073486	0.08925264
0.21457672	0.07329102
0.23841858	0.07025415
0.26226044	0.15627840
0.28610229	0.17740770
0.30994415	0.26450980
0.33378601	0.58624220
0.35762787	0.56660300
0.38146973	0.17638640
0.40531158	0.07315200
0.42915344	0.14384970
0.45299530	0.14999790
0.47683716	0.13730150
0.50067902	0.14283080
0.52452087	0.16406630
0.54836273	0.12286190
0.57220459	0.05660158
0.59604645	0.18664640
0.61988831	0.35093410
0.64373016	0.15784460
0.66757202	0.09146299
0.69141388	0.14804270
0.71525574	0.08021335
0.73909760	0.12012720
0.76293945	0.30452020
0.78678131	0.19239990
0.81062317	0.05913256
0.83446503	0.06992237
0.85830688	0.05952784
0.88214874	0.02386511
0.90599060	0.04402657
0.92983246	0.07176802
0.95367432	0.14035790
0.97751617	0.13082680
1.00135803	0.12389000
1.02519989	0.26439300
1.04904175	0.25416200
1.07288361	0.07937064
1.09672546	0.02764543
1.12056732	0.06702839
1.14440918	0.08910400
1.16825104	0.09558479
1.19209290	0.08330027
1.21593475	0.17668420
1.23977661	0.27430360
1.26361847	0.10309890
1.28746033	0.09578355
1.31130219	0.13797650
1.33514404	0.07159041
1.35898590	0.22203380
1.38282776	0.41940410
1.40666962	0.22643990
1.43051147	0.04903807
1.45435333	0.11877480
1.47819519	0.16025010
1.50203705	0.14687820
1.52587891	0.10409140
1.54972076	0.09639265
1.57356262	0.08298924
1.59740448	0.05733175
1.62124634	0.51866640
1.64508820	1.33865700
1.66893005	1.21193600
1.69277191	0.40461440
1.71661377	0.06069454
1.74045563	0.03441381
1.76429749	0.05937865
1.78813934	0.07697032
1.81198120	0.09908212
1.83582306	0.22462280
1.85966492	0.23417640
1.88350677	0.13981140
1.90734863	0.13125620
1.93119049	0.12700040
1.95503235	0.19919080
1.97887421	0.73143100
2.00271606	1.08625400
2.02655792	0.58904500
2.05039978	0.12497920
2.07424164	0.11014170
2.09808350	0.12209530
2.12192535	0.14841440
2.14576721	0.17069940
2.16960907	0.11403370
2.19345093	0.06587046
2.21729279	0.07593282
2.24113464	0.16638380
2.26497650	0.32657090
2.28881836	0.28559420
2.31266022	0.13329750
2.33650208	0.03329462
2.36034393	0.02227934
2.38418579	0.05888782
2.40802765	0.13227450
2.43186951	0.18420090
2.45571136	0.17301120
2.47955322	0.12802820
2.50339508	0.10304830
2.52723694	0.12374870
2.55107880	0.10144870
2.57492065	0.07658940
2.59876251	0.14027530
2.62260437	0.25199720
2.64644623	0.10359100
2.67028809	0.09071326
2.69412994	0.12058130
2.71797180	0.06318032
2.74181366	0.17715570
2.76565552	0.31175710
2.78949738	0.18964520
2.81333923	0.04421711
2.83718109	0.04929150
2.86102295	0.02608216
2.88486481	0.04148499
2.90870667	0.09522640
2.93254852	0.11663270
2.95639038	0.09386861
2.98023224	0.07978471
3.00407410	0.19058980
3.02791595	0.41303850
3.05175781	0.37042320
3.07559967	0.11802680
3.09944153	0.04139372
3.12328339	0.07268069
3.14712524	0.08208058
3.17096710	0.11364280
3.19480896	0.10709130
3.21865082	0.15081030
3.24249268	0.23615680
3.26633453	0.10804150
3.29017639	0.09028644
3.31401825	0.07955419
3.33786011	0.01508977
3.36170197	0.23579610
3.38554382	0.39064970
3.40938568	0.19904800
3.43322754	0.04128301
3.45706940	0.07784743
3.48091125	0.12426830
3.50475311	0.12514900
3.52859497	0.06889208
3.55243683	0.09806571
3.57627869	0.10623210
3.60012054	0.11966420
3.62396240	0.92993660
3.64780426	2.09170700
3.67164612	1.66195900
3.69548798	0.43194150
3.71932983	0.07844359
3.74317169	0.12538630
3.76701355	0.07927705
3.79085541	0.05962122
3.81469727	0.06952009
3.83853912	0.20681550
3.86238098	0.19977750
3.88622284	0.09686389
3.91006470	0.08612155
3.93390656	0.09117828
3.95774841	0.31419580
3.98159027	1.28326700
4.00543213	1.71323100
4.02927399	0.81445010
4.05311584	0.11031740
4.07695770	0.04209326
4.10079956	0.10015730
4.12464142	0.14402470
4.14848328	0.11920050
4.17232513	0.04229473
4.19616699	0.04482898
4.22000885	0.07645011
4.24385071	0.24983150
4.26769257	0.45854470
4.29153442	0.34420930
4.31537628	0.19717670
4.33921814	0.40785440
4.36306000	0.36310180
4.38690186	0.15428090
4.41074371	0.11730340
4.43458557	0.16328990
4.45842743	0.17244320
4.48226929	0.11129680
4.50611115	0.06857163
4.52995300	0.07558016
4.55379486	0.10687650
4.57763672	0.10150060
4.60147858	0.09190115
4.62532043	0.15463270
4.64916229	0.08026837
4.67300415	0.08562969
4.69684601	0.05050776
4.72068787	0.05881916
4.74452972	0.18425480
4.76837158	0.25837910
4.79221344	0.14898580
4.81605530	0.02865244
4.83989716	0.05963885
4.86373901	0.07341817
4.88758087	0.10502540
4.91142273	0.14163940
4.93526459	0.17794600
4.95910645	0.19564360
4.98294830	0.14507480
5.00679016	0.27220560
5.03063202	0.53528030
5.05447388	0.43320240
5.07831573	0.13043080
5.10215759	0.05753257
5.12599945	0.08389498
5.14984131	0.07981916
5.17368317	0.13864760
5.19752502	0.13027600
5.22136688	0.10809550
5.24520874	0.17281710
5.26905060	0.10526240
5.29289246	0.08847041
5.31673431	0.08143152
5.34057617	0.06514709
5.36441803	0.20315940
5.38825989	0.29421950
5.41210175	0.14509300
5.43594360	0.02042170
5.45978546	0.06071875
5.48362732	0.06402847
5.50746918	0.07500495
5.53131104	0.06591739
5.55515289	0.14428810
5.57899475	0.16049940
5.60283661	0.18762540
5.62667847	1.34064400
5.65052032	2.69343700
5.67436218	1.91085300
5.69820404	0.41437840
5.72204590	0.16660210
5.74588776	0.18212100
5.76972961	0.08265682
5.79357147	0.05816033
5.81741333	0.02816615
5.84125519	0.16877030
5.86509705	0.14793110
5.88893890	0.06586605
5.91278076	0.06547236
5.93662262	0.07738951
5.96046448	0.40830730
5.98430634	1.44210600
6.00814819	1.71271000
6.03199005	0.74689950
6.05583191	0.14853700
6.07967377	0.07276111
6.10351563	0.05874626
6.12735748	0.11469810
6.15119934	0.06438857
6.17504120	0.03242068
6.19888306	0.06220514
6.22272491	0.09125929
6.24656677	0.31132100
6.27040863	0.51536010
6.29425049	0.33598260
6.31809235	0.29811920
6.34193420	0.57289800
6.36577606	0.45239670
6.38961792	0.17261860
6.41345978	0.10295870
6.43730164	0.13456550
6.46114349	0.13726630
6.48498535	0.05769113
6.50882721	0.07950007
6.53266907	0.10250270
6.55651093	0.14259220
6.58035278	0.12812850
6.60419464	0.02528756
6.62803650	0.07210192
6.65187836	0.08939894
6.67572021	0.16800770
6.69956207	0.14666330
6.72340393	0.06472564
6.74724579	0.16943120
6.77108765	0.17433930
6.79492950	0.10571670
6.81877136	0.00689292
6.84261322	0.09925073
6.86645508	0.15301690
6.89029694	0.16891280
6.91413879	0.16736550
6.93798065	0.22906650
6.96182251	0.27983470
6.98566437	0.18445680
7.00950623	0.32556530
7.03334808	0.59202080
7.05718994	0.43760130
7.08103180	0.13520350
7.10487366	0.07027138
7.12871552	0.07632989
7.15255737	0.07456200
7.17639923	0.14609840
7.20024109	0.11707110
7.22408295	0.08756629
7.24792480	0.13987730
7.27176666	0.11081010
7.29560852	0.16867410
7.31945038	0.19674450
7.34329224	0.12917220
7.36713409	0.13230800
7.39097595	0.15318880
7.41481781	0.06064077
7.43865967	0.08534759
7.46250153	0.15129500
7.48634338	0.07339171
7.51018524	0.03105721
7.53402710	0.09549541
7.55786896	0.18872450
7.58171082	0.19844750
7.60555267	0.23126680
7.62939453	1.61588300
7.65323639	2.90965100
7.67707825	1.82260900
7.70092010	0.32541330
7.72476196	0.20062400
7.74860382	0.18682100
7.77244568	0.05727722
7.79628754	0.08550086
7.82012939	0.03808289
7.84397125	0.10929420
7.86781311	0.09156089
7.89165497	0.05199128
7.91549683	0.08879407
7.93933868	0.06553556
7.96318054	0.31635450
7.98702240	0.99661960
8.01086426	1.05400000
8.03470612	0.42891350
8.05854797	0.18348840
8.08238983	0.15194480
8.10623169	0.02549605
8.13007355	0.08765056
8.15391541	0.03912290
8.17775726	0.06667258
8.20159912	0.06049052
8.22544098	0.07217638
8.24928284	0.31362910
8.27312469	0.50337700
8.29696655	0.30575150
8.32080841	0.31578750
8.34465027	0.51961330
8.36849213	0.37812480
8.39233398	0.13670330
8.41617584	0.04774719
8.44001770	0.06485728
8.46385956	0.08098331
8.48770142	0.03817883
8.51154327	0.11557260
8.53538513	0.17101920
8.55922699	0.17099790
8.58306885	0.11693350
8.60691071	0.03005316
8.63075256	0.06729197
8.65459442	0.14244680
8.67843628	0.37528900
8.70227814	0.35517850
8.72612000	0.06872833
8.74996185	0.11353480
8.77380371	0.06150407
8.79764557	0.03389498
8.82148743	0.04947258
8.84532928	0.13321720
8.86917114	0.19988090
8.89301300	0.20598100
8.91685486	0.17499080
8.94069672	0.24159270
8.96453857	0.28195070
8.98838043	0.17334490
9.01222229	0.36795500
9.03606415	0.59211380
9.05990601	0.39640390
9.08374786	0.11532020
9.10758972	0.04610759
9.13143158	0.04140427
9.15527344	0.08956068
9.17911530	0.14581710
9.20295715	0.09924571
9.22679901	0.03408961
9.25064087	0.08746278
9.27448273	0.15066590
9.29832458	0.32220020
9.32216644	0.32717730
9.34600830	0.17741440
9.36985016	0.08452759
9.39369202	0.04343605
9.41753387	0.03145368
9.44137573	0.13623550
9.46521759	0.20973580
9.48905945	0.11503860
9.51290131	0.04922361
9.53674316	0.09771180
9.56058502	0.17724450
9.58442688	0.16171570
9.60826874	0.26143490
9.63211060	1.69763100
9.65595245	2.71492000
9.67979431	1.49452400
9.70363617	0.22456670
9.72747803	0.15862270
9.75131989	0.13133070
9.77516174	0.03324866
9.79900360	0.13242220
9.82284546	0.10865830
9.84668732	0.02787531
9.87052917	0.03043674
9.89437103	0.05938978
9.91821289	0.12414260
9.94205475	0.07622096
9.96589661	0.08404053
9.98973846	0.09074757
10.01358032	0.07674695
10.03742218	0.11956130
10.06126404	0.25206210
10.08510590	0.23225890
10.10894775	0.03784078
10.13278961	0.07111365
10.15663147	0.06621823
10.18047333	0.08694114
10.20431519	0.05693407
10.22815704	0.06591100
10.25199890	0.30053530
10.27584076	0.43681060
10.29968262	0.23880560
10.32352448	0.22415870
10.34736633	0.32074350
10.37120819	0.22929290
10.39505005	0.08411916
10.41889191	0.01485386
10.44273376	0.01934447
10.46657562	0.03807976
10.49041748	0.01613317
10.51425934	0.12693370
10.53810120	0.21299050
10.56194305	0.14635280
10.58578491	0.05837894
10.60962677	0.07477502
10.63346863	0.09290462
10.65731049	0.22264830
10.68115234	0.63632150
10.70499420	0.56734580
10.72883606	0.08124059
10.75267792	0.08474743
10.77651978	0.08851261
10.80036163	0.06186472
10.82420349	0.07643261
10.84804535	0.15475550
10.87188721	0.23557900
10.89572906	0.21511360
10.91957092	0.13201540
10.94341278	0.16545680
10.96725464	0.19224880
10.99109650	0.15265410
11.01493835	0.35538740
11.03878021	0.49940920
11.06262207	0.30385860
11.08646393	0.09503444
11.11030579	0.03533959
11.13414764	0.05326872
11.15798950	0.13473300
11.18183136	0.14856480
11.20567322	0.08865879
11.22951508	0.01395722
11.25335693	0.07215762
11.27719879	0.24705620
11.30104065	0.50018550
11.32488251	0.44385640
11.34872437	0.19814930
11.37256622	0.13816480
11.39640808	0.13602280
11.42024994	0.11064880
11.44409180	0.19871740
11.46793365	0.24212340
11.49177551	0.14347820
11.51561737	0.07213864
11.53945923	0.06533368
11.56330109	0.09557894
11.58714294	0.07114778
11.61098480	0.24618670
11.63482666	1.50388500
11.65866852	2.15674100
11.68251038	1.05094400
11.70635223	0.15742710
11.73019409	0.09473943
11.75403595	0.08889508
11.77787781	0.11114880
11.80171967	0.17735180
11.82556152	0.14682790
11.84940338	0.05031022
11.87324524	0.01920845
11.89708710	0.05098359
11.92092896	0.13272290
11.94477081	0.09538835
11.96861267	0.40709980
11.99245453	1.04543900
12.01629639	0.86016100
12.04013824	0.17980650
12.06398010	0.33251430
12.08782196	0.29084700
12.11166382	0.05420894
12.13550568	0.06192207
12.15934753	0.09036499
12.18318939	0.07855565
12.20703125	0.02551825
12.23087311	0.01913329
12.25471497	0.24451450
12.27855682	0.33438640
12.30239868	0.17277320
12.32624054	0.08715934
12.35008240	0.09276760
12.37392426	0.09546123
12.39776611	0.04822882
12.42160797	0.04694732
12.44544983	0.04879616
12.46929169	0.02514471
12.49313354	0.01965038
12.51697540	0.11040840
12.54081726	0.21261750
12.56465912	0.09890945
12.58850098	0.06737388
12.61234283	0.14077390
12.63618469	0.12924170
12.66002655	0.35599140
12.68386841	0.89986690
12.70771027	0.72870610
12.73155212	0.11528940
12.75539398	0.11748820
12.77923584	0.16612100
12.80307770	0.11908450
12.82691956	0.09299564
12.85076141	0.13366170
12.87460327	0.21069270
12.89844513	0.17937230
12.92228699	0.06456342
12.94612885	0.02174935
12.96997070	0.05131414
12.99381256	0.13584330
13.01765442	0.29407850
13.04149628	0.35463530
13.06533813	0.19551160
13.08917999	0.08122426
13.11302185	0.05727458
13.13686371	0.09093587
13.16070557	0.17322050
13.18454742	0.14295620
13.20838928	0.08683123
13.23223114	0.05182265
13.25607300	0.08848450
13.27991486	0.32704620
13.30375671	0.60816560
13.32759857	0.47928240
13.35144043	0.18793100
13.37528229	0.19188960
13.39912415	0.20393520
13.42296600	0.16962720
13.44680786	0.23092860
13.47064972	0.24348660
13.49449158	0.14831710
13.51833344	0.06641446
13.54217529	0.01780149
13.56601715	0.01032624
13.58985901	0.06886397
13.61370087	0.19503870
13.63754272	1.07518800
13.66138458	1.38819000
13.68522644	0.60329170
13.70906830	0.10315910
13.73291016	0.06114044
13.75675201	0.08694143
13.78059387	0.12756020
13.80443573	0.15966990
13.82827759	0.15112470
13.85211945	0.09180544
13.87596130	0.05933644
13.89980316	0.01199348
13.92364502	0.08399712
13.94748688	0.09731111
13.97132874	0.84685560
13.99517059	1.90697800
14.01901245	1.41830100
14.04285431	0.29677760
14.06669617	0.39267130
14.09053802	0.32311280
14.11437988	0.07549009
14.13822174	0.06955852
14.16206360	0.07516097
14.18590546	0.04446626
14.20974731	0.02835987
14.23358917	0.01598363
14.25743103	0.17090810
14.28127289	0.22392640
14.30511475	0.11471980
14.32895660	0.14886230
14.35279846	0.19233090
14.37664032	0.10845800
14.40048218	0.04988676
14.42432404	0.06209829
14.44816589	0.06663730
14.47200775	0.06808910
14.49584961	0.09864254
14.51969147	0.05825638
14.54353333	0.17995100
14.56737518	0.05462765
14.59121704	0.12346970
14.61505890	0.19148320
14.63890076	0.12611120
14.66274261	0.47958340
14.68658447	1.06999800
14.71042633	0.78751980
14.73426819	0.14581940
14.75811005	0.15869810
14.78195190	0.19832740
14.80579376	0.13577980
14.82963562	0.07986075
14.85347748	0.09278355
14.87731934	0.14441780
14.90116119	0.09967618
14.92500305	0.05116370
14.94884491	0.21122960
14.97268677	0.23423290
14.99652863	0.15576100
15.02037048	0.18391760
15.04421234	0.18250370
15.06805420	0.10960320
15.09189606	0.10994500
15.11573792	0.08799278
15.13957977	0.12898060
15.16342163	0.20004580
15.18726349	0.12768250
15.21110535	0.08800618
15.23494720	0.07557892
15.25878906	0.10896290
15.28263092	0.38775720
15.30647278	0.65170160
15.33031464	0.45107330
15.35415649	0.15875640
15.37799835	0.18958820
15.40184021	0.19696980
15.42568207	0.17413980
15.44952393	0.20595540
15.47336578	0.19511570
15.49720764	0.12372850
15.52104950	0.05401143
15.54489136	0.06168067
15.56873322	0.15209620
15.59257507	0.17394550
15.61641693	0.12812730
15.64025879	0.52222240
15.66410065	0.62129960
15.68794250	0.25403960
15.71178436	0.04703424
15.73562622	0.05610099
15.75946808	0.13229070
15.78330994	0.15929280
15.80715179	0.12587980
15.83099365	0.11465980
15.85483551	0.07739779
15.87867737	0.09362299
15.90251923	0.05468641
15.92636108	0.04690961
15.95020294	0.13953510
15.97404480	1.08917600
15.99788666	2.11423700
16.02172852	1.40081200
16.04557037	0.30783690
16.06941223	0.43193570
16.09325409	0.32941140
16.11709595	0.08739477
16.14093781	0.06880444
16.16477966	0.04967081
16.18862152	0.00247609
16.21246338	0.06348123
16.23630524	0.06049209
16.26014709	0.07754037
16.28398895	0.11372160
16.30783081	0.12373660
16.33167267	0.30644690
16.35551453	0.34429310
16.37935638	0.15976780
16.40319824	0.06349085
16.42704010	0.06253339
16.45088196	0.07518531
16.47472382	0.11166620
16.49856567	0.15392940
16.52240753	0.04252770
16.54624939	0.13484130
16.57009125	0.06160458
16.59393311	0.15333670
16.61777496	0.18147350
16.64161682	0.09119716
16.66545868	0.56182760
16.68930054	1.08252700
16.71314240	0.70988160
16.73698425	0.13239290
16.76082611	0.15125480
16.78466797	0.17746480
16.80850983	0.13669750
16.83235168	0.07696810
16.85619354	0.08182393
16.88003540	0.08851773
16.90387726	0.05778126
16.92771912	0.15201150
16.95156097	0.44824400
16.97540283	0.43309870
16.99924469	0.15526830
17.02308655	0.05887296
17.04692841	0.07542794
17.07077026	0.09136861
17.09461212	0.12372900
17.11845398	0.09701650
17.14229584	0.13469500
17.16613770	0.18987280
17.18997955	0.10822410
17.21382141	0.09517466
17.23766327	0.08929685
17.26150513	0.11657290
17.28534698	0.38316470
17.30918884	0.59523900
17.33303070	0.37660720
17.35687256	0.11813580
17.38071442	0.12806070
17.40455627	0.15594770
17.42839813	0.16242760
17.45223999	0.15977200
17.47608185	0.10995120
17.49992371	0.06296763
17.52376556	0.05177216
17.54760742	0.12711540
17.57144928	0.28569520
17.59529114	0.26615740
17.61913300	0.11892380
17.64297485	0.00792991
17.66681671	0.05237202
17.69065857	0.05988028
17.71450043	0.01357691
17.73834229	0.06130927
17.76218414	0.14798230
17.78602600	0.14414690
17.80986786	0.09501103
17.83370972	0.08856674
17.85755157	0.10160390
17.88139343	0.14895270
17.90523529	0.10856460
17.92907715	0.03379753
17.95291901	0.10800780
17.97676086	0.83339100
18.00060272	1.44258300
18.02444458	0.86767790
18.04828644	0.27372750
18.07212830	0.39998950
18.09597015	0.27795720
18.11981201	0.07677162
18.14365387	0.05847561
18.16749573	0.03274014
18.19133759	0.08943377
18.21517944	0.13228270
18.23902130	0.11745400
18.26286316	0.06855696
18.28670502	0.05961704
18.31054688	0.18469450
18.33438873	0.45649490
18.35823059	0.46646010
18.38207245	0.20381260
18.40591431	0.08912146
18.42975616	0.08830412
18.45359802	0.08164214
18.47743988	0.14482500
18.50128174	0.19241270
18.52512360	0.05805326
18.54896545	0.12352660
18.57280731	0.09119595
18.59664917	0.13002420
18.62049103	0.11775520
18.64433289	0.07608721
18.66817474	0.55227360
18.69201660	0.92782950
18.71585846	0.55061180
18.73970032	0.09822576
18.76354218	0.09711459
18.78738403	0.11178670
18.81122589	0.09090738
18.83506775	0.08017869
18.85890961	0.11603650
18.88275146	0.09630209
18.90659332	0.06832257
18.93043518	0.24830750
18.95427704	0.64783370
18.97811890	0.55701630
19.00196075	0.14650420
19.02580261	0.07110529
19.04964447	0.12308930
19.07348633	0.09156533
19.09732819	0.13873370
19.12117004	0.12009400
19.14501190	0.12311210
19.16885376	0.16542000
19.19269562	0.08459106
19.21653748	0.07209719
19.24037933	0.06420735
19.26422119	0.10643680
19.28806305	0.35006310
19.31190491	0.49501990
19.33574677	0.28277400
19.35958862	0.08745605
19.38343048	0.07104210
19.40727234	0.10936100
19.43111420	0.12774950
19.45495605	0.08763660
19.47879791	0.03095305
19.50263977	0.04826602
19.52648163	0.05826908
19.55032349	0.17466850
19.57416534	0.36983680
19.59800720	0.28524600
19.62184906	0.17470290
19.64569092	0.38119360
19.66953278	0.30644720
19.69337463	0.07288906
19.71721649	0.04230316
19.74105835	0.04622279
19.76490021	0.11722170
19.78874207	0.10418820
19.81258392	0.09572910
19.83642578	0.08845274
19.86026764	0.12543220
19.88410950	0.17310950
19.90795135	0.13543490
19.93179321	0.06011322
19.95563507	0.05027352
19.97947693	0.07068244
20.00331879	0.03003946
20.02716064	0.07281342
20.05100250	0.21972380
20.07484436	0.30987500
20.09868622	0.19817300
20.12252808	0.05959427
20.14636993	0.06080773
20.17021179	0.09718339
20.19405365	0.15974700
20.21789551	0.16521760
20.24173737	0.15435820
20.26557922	0.14243540
20.28942108	0.10533800
20.31326294	0.27044650
20.33710480	0.58545450
20.36094666	0.53427550
20.38478851	0.20878530
20.40863037	0.08528952
20.43247223	0.09746236
20.45631409	0.10242080
20.48015594	0.18128580
20.50399780	0.21175230
20.52783966	0.08233570
20.55168152	0.10858960
20.57552338	0.08285479
20.59936523	0.05883707
20.62320709	0.04080386
20.64704895	0.12013940
20.67089081	0.44796650
20.69473267	0.64617560
20.71857452	0.34232960
20.74241638	0.03862309
20.76625824	0.07842442
20.79010010	0.07795510
20.81394196	0.06995147
20.83778381	0.10246560
20.86162567	0.15045010
20.88546753	0.14416640
20.90930939	0.08091404
20.93315125	0.30974060
20.95699310	0.75863800
20.98083496	0.58162050
21.00467682	0.13172630
21.02851868	0.14084130
21.05236053	0.14839970
21.07620239	0.05741832
21.10004425	0.15902010
21.12388611	0.13313330
21.14772797	0.09027981
21.17156982	0.12126580
21.19541168	0.07875371
21.21925354	0.08197273
21.24309540	0.07142094
21.26693726	0.10457730
21.29077911	0.26920200
21.31462097	0.32992100
21.33846283	0.16913390
21.36230469	0.11398760
21.38614655	0.12379050
21.40998840	0.05453914
21.43383026	0.07448271
21.45767212	0.02574400
21.48151398	0.03511687
21.50535583	0.06500617
21.52919769	0.06789421
21.55303955	0.19096540
21.57688141	0.39992660
21.60072327	0.26885080
21.62456512	0.21223170
21.64840698	0.51366100
21.67224884	0.37630160
21.69609070	0.09368627
21.71993256	0.10630450
21.74377441	0.07193794
21.76761627	0.07823260
21.79145813	0.09406622
21.81529999	0.13980290
21.83914185	0.13843300
21.86298370	0.15161230
21.88682556	0.16572820
21.91066742	0.13495400
21.93450928	0.07606463
21.95835114	0.38069800
21.98219299	1.49152500
22.00603485	1.92346600
22.02987671	0.82650800
22.05371857	0.15903460
22.07756042	0.18123420
22.10140228	0.10151700
22.12524414	0.04838071
22.14908600	0.08918937
22.17292786	0.15928750
22.19676971	0.22251130
22.22061157	0.19364670
22.24445343	0.18313960
22.26829529	0.19371400
22.29213715	0.14276590
22.31597900	0.33853360
22.33982086	0.64045570
22.36366272	0.52283910
22.38750458	0.19029510
22.41134644	0.08950790
22.43518829	0.10084560
22.45903015	0.11864790
22.48287201	0.19038890
22.50671387	0.18404100
22.53055573	0.08075033
22.55439758	0.10133670
22.57823944	0.08922488
22.60208130	0.15391010
22.62592316	0.19645320
22.64976501	0.17132180
22.67360687	0.26777790
22.69744873	0.31184670
22.72129059	0.13167910
22.74513245	0.06329286
22.76897430	0.15266760
22.79281616	0.13274900
22.81665802	0.10175540
22.84049988	0.12985120
22.86434174	0.18407240
22.88818359	0.17820560
22.91202545	0.08328707
22.93586731	0.32691190
22.95970917	0.74411340
22.98355103	0.49951640
23.00739288	0.11530420
23.03123474	0.16414290
23.05507660	0.14822570
23.07891846	0.02171595
23.10276031	0.19907030
23.12660217	0.18114790
23.15044403	0.04110342
23.17428589	0.07695732
23.19812775	0.06389072
23.22196960	0.05395410
23.24581146	0.03429442
23.26965332	0.07840782
23.29349518	0.15062360
23.31733704	0.16999390
23.34117889	0.11856070
23.36502075	0.20592740
23.38886261	0.23680820
23.41270447	0.07108001
23.43654633	0.02800502
23.46038818	0.03245267
23.48423004	0.08186530
23.50807190	0.07772721
23.53191376	0.06820880
23.55575562	0.18268190
23.57959747	0.37216960
23.60343933	0.20929470
23.62728119	0.17606600
23.65112305	0.42287530
23.67496490	0.27168670
23.69880676	0.09189989
23.72264862	0.17404080
23.74649048	0.12502040
23.77033234	0.03047046
23.79417419	0.07188662
23.81801605	0.13809260
23.84185791	0.16604030
23.86569977	0.15165160
23.88954163	0.11582660
23.91338348	0.08834901
23.93722534	0.07633128
23.96106720	0.88537660
23.98490906	3.22200500
24.00875092	3.75015200
24.03259277	1.45027200
24.05643463	0.08485453
24.08027649	0.02395859
24.10411835	0.01879889
24.12796021	0.05559940
24.15180206	0.10360830
24.17564392	0.20218190
24.19948578	0.24632380
24.22332764	0.16701320
24.24716949	0.14867550
24.27101135	0.17234800
24.29485321	0.14411710
24.31869507	0.36588190
24.34253693	0.63021990
24.36637878	0.46778600
24.39022064	0.15184110
24.41406250	0.05776538
24.43790436	0.08244713
24.46174622	0.12394530
24.48558807	0.16949860
24.50942993	0.13209030
24.53327179	0.05110107
24.55711365	0.08219779
24.58095551	0.13111440
24.60479736	0.31594880
24.62863922	0.34137840
24.65248108	0.18788670
24.67632294	0.07014904
24.70016479	0.01873048
24.72400665	0.03405563
24.74784851	0.12693370
24.77169037	0.21463300
24.79553223	0.18520670
24.81937408	0.12373980
24.84321594	0.11011430
24.86705780	0.14962460
24.89089966	0.14344640
24.91474152	0.05650458
24.93858337	0.29648000
24.96242523	0.63228590
24.98626709	0.37869910
25.01010895	0.10941250
25.03395081	0.13613300
25.05779266	0.09224430
25.08163452	0.06288690
25.10547638	0.22856410
25.12931824	0.18865070
25.15316010	0.01850290
25.17700195	0.05106468
25.20084381	0.03605627
25.22468567	0.03439358
25.24852753	0.02447933
25.27236938	0.08513527
25.29621124	0.09718663
25.32005310	0.08173205
25.34389496	0.12250000
25.36773682	0.30792130
25.39157867	0.34052610
25.41542053	0.10589680
25.43926239	0.01906902
25.46310425	0.06569087
25.48694611	0.08916666
25.51078796	0.07230380
25.53462982	0.08498625
25.55847168	0.16150160
25.58231354	0.32258910
25.60615540	0.17232970
25.62999725	0.06078652
25.65383911	0.18070340
25.67768097	0.08971734
25.70152283	0.07393913
25.72536469	0.18793310
25.74920654	0.13643960
25.77304840	0.02036567
25.79689026	0.04956780
25.82073212	0.10922150
25.84457397	0.15444470
25.86841583	0.09708630
25.89225769	0.07398295
25.91609955	0.10972000
25.93994141	0.13226760
25.96378326	1.54942200
25.98762512	4.86504600
26.01146698	5.04437400
26.03530884	1.71147000
26.05915070	0.08004396
26.08299255	0.11625030
26.10683441	0.08165488
26.13067627	0.05604693
26.15451813	0.08645286
26.17835999	0.20526920
26.20220184	0.23254940
26.22604370	0.12806520
26.24988556	0.10738510
26.27372742	0.12821190
26.29756927	0.14313520
26.32141113	0.34752580
26.34525299	0.51991640
26.36909485	0.34067570
26.39293671	0.10003630
26.41677856	0.03137822
26.44062042	0.05800414
26.46446228	0.13869200
26.48830414	0.14619590
26.51214600	0.07737077
26.53598785	0.01485317
26.55982971	0.06551199
26.58367157	0.20130360
26.60751343	0.46242390
26.63135529	0.44373220
26.65519714	0.20342860
26.67903900	0.19202140
26.70288086	0.21843090
26.72672272	0.13610660
26.75056458	0.16161200
26.77440643	0.21763530
26.79824829	0.18815370
26.82209015	0.11830040
26.84593201	0.07203713
26.86977386	0.07694771
26.89361572	0.08708061
26.91745758	0.08028878
26.94129944	0.21452130
26.96514130	0.44508010
26.98898315	0.24363080
27.01282501	0.10523740
27.03666687	0.08793075
27.06050873	0.04621452
27.08435059	0.11547280
27.10819244	0.21319010
27.13203430	0.16702660
27.15587616	0.03052562
27.17971802	0.04711783
27.20355988	0.04573467
27.22740173	0.02607367
27.25124359	0.07472250
27.27508545	0.16928670
27.29892731	0.25110410
27.32276917	0.21183700
27.34661102	0.18657100
27.37045288	0.41612370
27.39429474	0.42889130
27.41813660	0.14665830
27.44197845	0.04636402
27.46582031	0.08413810
27.48966217	0.08628947
27.51350403	0.08026689
27.53734589	0.09581757
27.56118774	0.11213290
27.58502960	0.23573700
27.60887146	0.13897520
27.63271332	0.09183192
27.65655518	0.09492596
27.68039703	0.07540125
27.70423889	0.07201038
27.72808075	0.16199950
27.75192261	0.11216440
27.77576447	0.01299525
27.79960632	0.05578271
27.82344818	0.04672780
27.84729004	0.11760050
27.87113190	0.05159863
27.89497375	0.10283020
27.91881561	0.17040000
27.94265747	0.20513670
27.96649933	2.20269200
27.99034119	5.99879500
28.01418304	5.55244500
28.03802490	1.65043600
28.06186676	0.14357840
28.08570862	0.19330930
28.10955048	0.12675040
28.13339233	0.04776201
28.15723419	0.04890316
28.18107605	0.17758290
28.20491791	0.19615030
28.22875977	0.07381251
28.25260162	0.04064008
28.27644348	0.06362504
28.30028534	0.12353030
28.32412720	0.27490230
28.34796906	0.36382410
28.37181091	0.22543750
28.39565277	0.10542590
28.41949463	0.07550164
28.44333649	0.04211973
28.46717834	0.14367760
28.49102020	0.11559930
28.51486206	0.04522495
28.53870392	0.03139240
28.56254578	0.07081067
28.58638763	0.25222010
28.61022949	0.53918650
28.63407135	0.45668650
28.65791321	0.20114960
28.68175507	0.31300360
28.70559692	0.32622720
28.72943878	0.18432560
28.75328064	0.16561210
28.77712250	0.19563150
28.80096436	0.16614800
28.82480621	0.08184722
28.84864807	0.03813370
28.87248993	0.05805252
28.89633179	0.10601070
28.92017365	0.10755180
28.94401550	0.12793200
28.96785736	0.24974170
28.99169922	0.12884520
29.01554108	0.08158767
29.03938293	0.04403367
29.06322479	0.05362466
29.08706665	0.13964500
29.11090851	0.16781830
29.13475037	0.13499370
29.15859222	0.05196090
29.18243408	0.06581917
29.20627594	0.10269010
29.23011780	0.09401991
29.25395966	0.11699230
29.27780151	0.23499300
29.30164337	0.38729970
29.32548523	0.30803590
29.34932709	0.22457570
29.37316895	0.49430330
29.39701080	0.47544370
29.42085266	0.17043390
29.44469452	0.06836960
29.46853638	0.07007968
29.49237823	0.04937161
29.51622009	0.09039047
29.54006195	0.09926336
29.56390381	0.07493628
29.58774567	0.16841690
29.61158752	0.14107060
29.63542938	0.22397570
29.65927124	0.28396670
29.68311310	0.17206270
29.70695496	0.08462411
29.73079681	0.11004470
29.75463867	0.08776812
29.77848053	0.04404747
29.80232239	0.10553270
29.82616425	0.02202195
29.85000610	0.07471342
29.87384796	0.01241404
29.89768982	0.15249400
29.92153168	0.19642390
29.94537354	0.58039770
29.96921539	7.28558600
29.99305725	17.54522000
30.01689911	14.62828000
30.04074097	3.84545400
30.06458282	0.20436950
30.08842468	0.21849800
30.11226654	0.13155750
30.13610840	0.02307404
30.15995026	0.04510455
30.18379211	0.12141990
30.20763397	0.12126170
30.23147583	0.02972892
30.25531769	0.11300320
30.27915955	0.13347820
30.30300140	0.10719670
30.32684326	0.17238210
30.35068512	0.20569290
30.37452698	0.14776720
30.39836884	0.13947840
30.42221069	0.13453320
30.44605255	0.03815769
30.46989441	0.13824040
30.49373627	0.07942856
30.51757813	0.06443025
30.54141998	0.06265896
30.56526184	0.06253645
30.58910370	0.27528010
30.61294556	0.55968740
30.63678741	0.43093300
30.66062927	0.18606770
30.68447113	0.30244550
30.70831299	0.30355340
30.73215485	0.18425950
30.75599670	0.13360740
30.77983856	0.12046770
30.80368042	0.10746560
30.82752228	0.04680422
30.85136414	0.05634978
30.87520599	0.14543060
30.89904785	0.17523790
30.92288971	0.12304690
30.94673157	0.03424928
30.97057343	0.11567600
30.99441528	0.09524988
31.01825714	0.11605300
31.04209900	0.11859480
31.06594086	0.06357055
31.08978271	0.14723690
31.11362457	0.10672820
31.13746643	0.07798175
31.16130829	0.05179432
31.18515015	0.11984870
31.20899200	0.16915640
31.23283386	0.15992780
31.25667572	0.15289510
31.28051758	0.27397680
31.30435944	0.43136480
31.32820129	0.30542110
31.35204315	0.25926140
31.37588501	0.52274570
31.39972687	0.44388860
31.42356873	0.14845980
31.44741058	0.06462620
31.47125244	0.03906376
31.49509430	0.03974606
31.51893616	0.10672780
31.54277802	0.10005100
31.56661987	0.02432197
31.59046173	0.09809544
31.61430359	0.15277570
31.63814545	0.35396410
31.66198730	0.42191580
31.68582916	0.23166930
31.70967102	0.09910431
31.73351288	0.06648235
31.75735474	0.05199681
31.78119659	0.10691450
31.80503845	0.20436860
31.82888031	0.11163220
31.85272217	0.02685632
31.87656403	0.05364520
31.90040588	0.15802100
31.92424774	0.18891090
31.94808960	0.31258310
31.97193146	2.71577100
31.99577332	5.64822100
32.01961517	4.15510200
32.04345703	0.91825530
32.06729889	0.15754450
32.09114075	0.16424420
32.11498260	0.08551676
32.13882446	0.05968008
32.16266632	0.08901658
32.18650818	0.04680584
32.21035004	0.04225393
32.23419189	0.06674842
32.25803375	0.21423630
32.28187561	0.20674540
32.30571747	0.07767688
32.32955933	0.07254209
32.35340118	0.07626269
32.37724304	0.09236646
32.40108490	0.16993370
32.42492676	0.19261190
32.44876862	0.03906956
32.47261047	0.11704750
32.49645233	0.06732713
32.52029419	0.08234265
32.54413605	0.06946485
32.56797791	0.06878882
32.59181976	0.28549810
32.61566162	0.50927420
32.63950348	0.33958490
32.66334534	0.14721540
32.68718719	0.21432480
32.71102905	0.20979240
32.73487091	0.14046670
32.75871277	0.08467666
32.78255463	0.06033765
32.80639648	0.04931626
32.83023834	0.00914159
32.85408020	0.10671110
32.87792206	0.24048790
32.90176392	0.21805930
32.92560577	0.09515168
32.94944763	0.05378952
32.97328949	0.08774163
32.99713135	0.09123351
33.02097321	0.21499230
33.04481506	0.24217250
33.06865692	0.05692122
33.09249878	0.12012240
33.11634064	0.07967772
33.14018250	0.05996750
33.16402435	0.07128877
33.18786621	0.14526590
33.21170807	0.20532420
33.23554993	0.19298420
33.25939178	0.14103960
33.28323364	0.21785280
33.30707550	0.31327100
33.33091736	0.19425370
33.35475922	0.25953480
33.37860107	0.46748640
33.40244293	0.36246470
33.42628479	0.11731330
33.45012665	0.05861149
33.47396851	0.02794776
33.49781036	0.10637450
33.52165222	0.14057270
33.54549408	0.10870380
33.56933594	0.04349045
33.59317780	0.06144894
33.61701965	0.20427540
33.64086151	0.48459570
33.66470337	0.51564930
33.68854523	0.25913360
33.71238708	0.12464870
33.73622894	0.11157140
33.76007080	0.09322056
33.78391266	0.17352060
33.80775452	0.25752910
33.83159637	0.15061830
33.85543823	0.06258835
33.87928009	0.06759110
33.90312195	0.11548510
33.92696381	0.10224540
33.95080566	0.36574450
33.97464752	2.39143300
33.99848938	4.33661100
34.02233124	2.83707700
34.04617310	0.53364910
34.07001495	0.10516180
34.09385681	0.09661761
34.11769867	0.07204775
34.14154053	0.12194680
34.16538239	0.14782720
34.18922424	0.08626141
34.21306610	0.03805340
34.23690796	0.07485588
34.26074982	0.25702820
34.28459167	0.22307630
34.30843353	0.04383964
34.33227539	0.04549080
34.35611725	0.08150664
34.37995911	0.06329913
34.40380096	0.20302270
34.42764282	0.23736560
34.45148468	0.05909700
34.47532654	0.11799120
34.49916840	0.08567540
34.52301025	0.09659933
34.54685211	0.06671880
34.57069397	0.05551961
34.59453583	0.24728550
34.61837769	0.41084080
34.64221954	0.25802480
34.66606140	0.09780231
34.68990326	0.08889170
34.71374512	0.11234220
34.73758698	0.10500590
34.76142883	0.04715008
34.78527069	0.02381570
34.80911255	0.05060458
34.83295441	0.05128656
34.85679626	0.09851705
34.88063812	0.26923610
34.90447998	0.20887360
34.92832184	0.03241612
34.95216370	0.11024810
34.97600555	0.12435990
34.99984741	0.11058450
35.02368927	0.34671800
35.04753113	0.37157290
35.07137299	0.04383728
35.09521484	0.10591810
35.11905670	0.13650110
35.14289856	0.11539310
35.16674042	0.11541040
35.19058228	0.15887670
35.21442413	0.19688650
35.23826599	0.16880260
35.26210785	0.07795265
35.28594971	0.02741235
35.30979156	0.02301405
35.33363342	0.09903706
35.35747528	0.24338030
35.38131714	0.35390250
35.40515900	0.24287330
35.42900085	0.09001907
35.45284271	0.07088055
35.47668457	0.08108097
35.50052643	0.17807900
35.52436829	0.18438280
35.54821014	0.13802420
35.57205200	0.09597629
35.59589386	0.07269528
35.61973572	0.24513110
35.64357758	0.57800740
35.66741943	0.57623980
35.69126129	0.26190190
35.71510315	0.13345160
35.73894501	0.14693440
35.76278687	0.12810530
35.78662872	0.20160520
35.81047058	0.25441120
35.83431244	0.14839460
35.85815430	0.07668668
35.88199615	0.04520947
35.90583801	0.01996708
35.92967987	0.03333654
35.95352173	0.34450250
35.97736359	1.68323400
36.00120544	2.68802900
36.02504730	1.56203300
36.04888916	0.22505220
36.07273102	0.08051607
36.09657288	0.10497260
36.12041473	0.11950270
36.14425659	0.14697840
36.16809845	0.16435520
36.19194031	0.13381530
36.21578217	0.07290126
36.23962402	0.04726546
36.26346588	0.24933260
36.28730774	0.19744150
36.31114960	0.04608304
36.33499146	0.12446460
36.35883331	0.13574740
36.38267517	0.03421988
36.40651703	0.26936140
36.43035889	0.29086210
36.45420074	0.06505646
36.47804260	0.09083147
36.50188446	0.07356863
36.52572632	0.06120143
36.54956818	0.01540397
36.57341003	0.03215309
36.59725189	0.17876200
36.62109375	0.28418770
36.64493561	0.17249940
36.66877747	0.12385290
36.69261932	0.16438230
36.71646118	0.09926355
36.74030304	0.05552895
36.76414490	0.03357557
36.78798676	0.05842733
36.81182861	0.06365836
36.83567047	0.08150347
36.85951233	0.06638623
36.88335419	0.25713730
36.90719604	0.18369420
36.93103790	0.03025786
36.95487976	0.13529790
36.97872162	0.12557530
37.00256348	0.14693280
37.02640533	0.46833510
37.05024719	0.45437050
37.07408905	0.08123081
37.09793091	0.11463710
37.12177277	0.18396460
37.14561462	0.16170140
37.16945648	0.12600540
37.19329834	0.12309870
37.21714020	0.14199320
37.24098206	0.11534500
37.26482391	0.02867405
37.28866577	0.28345230
37.31250763	0.42045960
37.33634949	0.26568690
37.36019135	0.18627370
37.38403320	0.19175030
37.40787506	0.11784910
37.43171692	0.07552046
37.45555878	0.07870096
37.47940063	0.12268130
37.50324249	0.21666700
37.52708435	0.17448380
37.55092621	0.12557970
37.57476807	0.11368690
37.59860992	0.09115089
37.62245178	0.30035100
37.64629364	0.64044360
37.67013550	0.57239440
37.69397736	0.23057190
37.71781921	0.13769490
37.74166107	0.16221740
37.76550293	0.15686990
37.78934479	0.20440190
37.81318665	0.21452120
37.83702850	0.12091850
37.86087036	0.06466230
37.88471222	0.05596286
37.90855408	0.13705240
37.93239594	0.18677200
37.95623779	0.26035630
37.98007965	0.83251890
38.00392151	1.15795100
38.02776337	0.58676270
38.05160522	0.03660674
38.07544708	0.10149740
38.09928894	0.13439290
38.12313080	0.13676200
38.14697266	0.13315460
38.17081451	0.14658240
38.19465637	0.13303930
38.21849823	0.09313332
38.24234009	0.02372976
38.26618195	0.21810510
38.29002380	0.15054340
38.31386566	0.06955674
38.33770752	0.18390000
38.36154938	0.16628230
38.38539124	0.07968079
38.40923309	0.31853350
38.43307495	0.32155410
38.45691681	0.08720347
38.48075867	0.07488937
38.50460052	0.06383688
38.52844238	0.02933791
38.55228424	0.03519149
38.57612610	0.06535862
38.59996796	0.09173495
38.62380981	0.13549470
38.64765167	0.10974130
38.67149353	0.23492830
38.69533539	0.32831430
38.71917725	0.17498990
38.74301910	0.04803222
38.76686096	0.05031057
38.79070282	0.07942784
38.81454468	0.07694365
38.83838654	0.12037710
38.86222839	0.07290995
38.88607025	0.24535780
38.90991211	0.15290330
38.93375397	0.09919647
38.95759583	0.15304860
38.98143768	0.09311104
39.00527954	0.16618760
39.02912140	0.51701990
39.05296326	0.45980610
39.07680511	0.10330750
39.10064697	0.11699700
39.12448883	0.17344960
39.14833069	0.16539140
39.17217255	0.10509350
39.19601440	0.07934063
39.21985626	0.08518304
39.24369812	0.06595579
39.26753998	0.15574590
39.29138184	0.68415850
39.31522369	0.88161500
39.33906555	0.43040100
39.36290741	0.08187420
39.38674927	0.03955597
39.41059113	0.05835599
39.43443298	0.07759099
39.45827484	0.08909301
39.48211670	0.13986570
39.50595856	0.23140110
39.52980042	0.15119510
39.55364227	0.10181760
39.57748413	0.11249140
39.60132599	0.11268920
39.62516785	0.32376420
39.64900970	0.61204300
39.67285156	0.47238980
39.69669342	0.12328330
39.72053528	0.06380556
39.74437714	0.12952930
39.76821899	0.15646580
39.79206085	0.17414090
39.81590271	0.14252980
39.83974457	0.07309058
39.86358643	0.06152953
39.88742828	0.09364561
39.91127014	0.27318890
39.93511200	0.31568380
39.95895386	0.17278680
39.98279572	0.05117014
40.00663757	0.03500351
40.03047943	0.04919286
40.05432129	0.05960219
40.07816315	0.11867830
40.10200500	0.16780880
40.12584686	0.15183490
40.14968872	0.10027030
40.17353058	0.10439710
40.19737244	0.11884150
40.22121429	0.12777400
40.24505615	0.04701298
40.26889801	0.13934630
40.29273987	0.09732137
40.31658173	0.08979397
40.34042358	0.17216900
40.36426544	0.13965650
40.38810730	0.12546280
40.41194916	0.31952590
40.43579102	0.29718310
40.45963287	0.09073491
40.48347473	0.06216063
40.50731659	0.03744359
40.53115845	0.03425430
40.55500031	0.08579613
40.57884216	0.11039870
40.60268402	0.09164866
40.62652588	0.07362296
40.65036774	0.13164610
40.67420959	0.35721200
40.69805145	0.45257500
40.72189331	0.22530030
40.74573517	0.06751248
40.76957703	0.08029044
40.79341888	0.09002768
40.81726074	0.09772408
40.84110260	0.16127140
40.86494446	0.05907268
40.88878632	0.17845680
40.91262817	0.11694960
40.93647003	0.09220514
40.96031189	0.11278300
40.98415375	0.03938344
41.00799561	0.19531420
41.03183746	0.49124960
41.05567932	0.39299700
41.07952118	0.08379697
41.10336304	0.07252683
41.12720490	0.10151500
41.15104675	0.11728750
41.17488861	0.06775647
41.19873047	0.09229125
41.22257233	0.10522050
41.24641418	0.09551914
41.27025604	0.30808660
41.29409790	1.09333300
41.31793976	1.25350400
41.34178162	0.51370520
41.36562347	0.05942409
41.38946533	0.12564680
41.41330719	0.10480620
41.43714905	0.07553329
41.46099091	0.07603318
41.48483276	0.14520250
41.50867462	0.22261930
41.53251648	0.12402030
41.55635834	0.08437430
41.58020020	0.09086196
41.60404205	0.11012300
41.62788391	0.30176190
41.65172577	0.51280200
41.67556763	0.37900500
41.69940948	0.13967410
41.72325134	0.06553035
41.74709320	0.07937364
41.77093506	0.12615190
41.79477692	0.12245150
41.81861877	0.06056643
41.84246063	0.03790608
41.86630249	0.07522265
41.89014435	0.14451590
41.91398621	0.38011410
41.93782806	0.38583050
41.96166992	0.20238070
41.98551178	0.50715110
42.00935364	0.61711080
42.03319550	0.29816500
42.05703735	0.09744082
42.08087921	0.12168260
42.10472107	0.16787640
42.12856293	0.13306750
42.15240479	0.08039542
42.17624664	0.07420085
42.20008850	0.09612294
42.22393036	0.14042650
42.24777222	0.07855284
42.27161407	0.06267513
42.29545593	0.05351026
42.31929779	0.08051248
42.34313965	0.05732610
42.36698151	0.03920679
42.39082336	0.15508740
42.41466522	0.27311500
42.43850708	0.22698900
42.46234894	0.06469312
42.48619080	0.05017450
42.51003265	0.07804126
42.53387451	0.11135940
42.55771637	0.14311150
42.58155823	0.16830060
42.60540009	0.18758880
42.62924194	0.15025560
42.65308380	0.18060280
42.67692566	0.47351650
42.70076752	0.54424140
42.72460938	0.25068820
42.74845123	0.07539868
42.77229309	0.07639337
42.79613495	0.07736748
42.81997681	0.11861770
42.84381866	0.17796080
42.86766052	0.07002901
42.89150238	0.15475630
42.91534424	0.11611430
42.93918610	0.07661991
42.96302795	0.05825191
42.98686981	0.06095291
43.01071167	0.19092450
43.03455353	0.37184920
43.05839539	0.27150030
43.08223724	0.04342405
43.10607910	0.06432480
43.12992096	0.06615890
43.15376282	0.07116009
43.17760468	0.06316483
43.20144653	0.14350250
43.22528839	0.18132200
43.24913025	0.13598560
43.27297211	0.43719770
43.29681396	1.39321100
43.32065582	1.42768700
43.34449768	0.49079480
43.36833954	0.13404120
43.39218140	0.20331820
43.41602325	0.12704210
43.43986511	0.06452580
43.46370697	0.09135801
43.48754883	0.08821791
43.51139069	0.16328710
43.53523254	0.07428062
43.55907440	0.06107598
43.58291626	0.06311903
43.60675812	0.09711310
43.63059998	0.24215580
43.65444183	0.36461460
43.67828369	0.24151670
43.70212555	0.11252340
43.72596741	0.11157990
43.74980927	0.03705715
43.77365112	0.10264890
43.79749298	0.08074640
43.82133484	0.00818417
43.84517670	0.04870482
43.86901855	0.06995191
43.89286041	0.17351820
43.91670227	0.44320870
43.94054413	0.40220820
43.96438599	0.28158430
43.98822784	0.71766850
44.01206970	0.76635310
44.03591156	0.32268020
44.05975342	0.06544122
44.08359528	0.06181265
44.10743713	0.11965180
44.13127899	0.10466800
44.15512085	0.10023880
44.17896271	0.11209890
44.20280457	0.13156900
44.22664642	0.15745230
44.25048828	0.09414330
44.27433014	0.00460458
44.29817200	0.05985423
44.32201385	0.19258520
44.34585571	0.29801870
44.36969757	0.13696420
44.39353943	0.14088560
44.41738129	0.18582200
44.44122314	0.12511420
44.46506500	0.02944171
44.48890686	0.06587830
44.51274872	0.12989120
44.53659058	0.18312580
44.56043243	0.18317430
44.58427429	0.19687940
44.60811615	0.25332220
44.63195801	0.19883110
44.65579987	0.23709760
44.67964172	0.55503110
44.70348358	0.57004150
44.72732544	0.23611730
44.75116730	0.06577626
44.77500916	0.07129232
44.79885101	0.08547261
44.82269287	0.14255080
44.84653473	0.17458160
44.87037659	0.05984986
44.89421844	0.09545551
44.91806030	0.09094131
44.94190216	0.13439190
44.96574402	0.19433600
44.98958588	0.15703300
45.01342773	0.14285390
45.03726959	0.19891440
45.06111145	0.12772600
45.08495331	0.02442297
45.10879517	0.13865240
45.13263702	0.12255440
45.15647888	0.05753481
45.18032074	0.07793295
45.20416260	0.15792040
45.22800446	0.19541980
45.25184631	0.12490420
45.27568817	0.52553760
45.29953003	1.52318000
45.32337189	1.39977100
45.34721375	0.41460660
45.37105560	0.15631650
45.39489746	0.18292600
45.41873932	0.08790384
45.44258118	0.07995332
45.46642303	0.12413240
45.49026489	0.03331488
45.51410675	0.09766810
45.53794861	0.05339776
45.56179047	0.08078084
45.58563232	0.07056110
45.60947418	0.07980207
45.63331604	0.15013110
45.65715790	0.18245980
45.68099976	0.09937634
45.70484161	0.14283420
45.72868347	0.19961910
45.75252533	0.06496554
45.77636719	0.06287016
45.80020905	0.02270237
45.82405090	0.06783968
45.84789276	0.08231381
45.87173462	0.07630052
45.89557648	0.18254390
45.91941833	0.44668440
45.94326019	0.36756830
45.96710205	0.29199390
45.99094391	0.64141490
46.01478577	0.61311860
46.03862762	0.23309880
46.06246948	0.01970290
46.08631134	0.03130227
46.11015320	0.06402525
46.13399506	0.04615539
46.15783691	0.09106748
46.18167877	0.15743890
46.20552063	0.16655510
46.22936249	0.12967180
46.25320435	0.06955585
46.27704620	0.04744536
46.30088806	0.10911580
46.32472992	0.46813300
46.34857178	0.71470800
46.37241364	0.32320770
46.39625549	0.08887544
46.42009735	0.06900162
46.44393921	0.02067933
46.46778107	0.02337347
46.49162292	0.09723393
46.51546478	0.18696380
46.53930664	0.24218480
46.56314850	0.19388070
46.58699036	0.17818250
46.61083221	0.24225360
46.63467407	0.19164690
46.65851593	0.26705310
46.68235779	0.56433010
46.70619965	0.52649860
46.73004150	0.20033140
46.75388336	0.05356846
46.77772522	0.05511634
46.80156708	0.09782024
46.82540894	0.15632710
46.84925079	0.14883260
46.87309265	0.03546799
46.89693451	0.08471514
46.92077637	0.12156890
46.94461823	0.28202680
46.96846008	0.37307220
46.99230194	0.24181990
47.01614380	0.10696890
47.03998566	0.04894234
47.06382751	0.02968760
47.08766937	0.10350690
47.11151123	0.21587600
47.13535309	0.18786680
47.15919495	0.09957164
47.18303680	0.08958449
47.20687866	0.14387200
47.23072052	0.17513790
47.25456238	0.08625025
47.27840424	0.53880410
47.30224609	1.42004700
47.32608795	1.16394400
47.34992981	0.30022690
47.37377167	0.15162280
47.39761353	0.13615980
47.42145538	0.03193874
47.44529724	0.13689000
47.46913910	0.16604550
47.49298096	0.02639368
47.51682281	0.04792913
47.54066467	0.03228112
47.56450653	0.08173607
47.58834839	0.06486884
47.61219025	0.06047399
47.63603210	0.11009930
47.65987396	0.10999200
47.68371582	0.10905440
47.70755768	0.22803050
47.73139954	0.31402560
47.75524139	0.12243790
47.77908325	0.05024336
47.80292511	0.04838495
47.82676697	0.08819431
47.85060883	0.07124323
47.87445068	0.05501920
47.89829254	0.15141120
47.92213440	0.38933510
47.94597626	0.29694720
47.96981812	0.20823780
47.99365997	0.37125780
48.01750183	0.33104360
48.04134369	0.12697580
48.06518555	0.03480618
48.08902740	0.05685868
48.11286926	0.01560644
48.13671112	0.02598146
48.16055298	0.07955195
48.18439484	0.17825740
48.20823669	0.16172200
48.23207855	0.07269393
48.25592041	0.07577172
48.27976227	0.09967465
48.30360413	0.19473050
48.32744598	0.82173330
48.35128784	1.12823900
48.37512970	0.47432350
48.39897156	0.03044626
48.42281342	0.09556306
48.44665527	0.08814121
48.47049713	0.07071085
48.49433899	0.11016320
48.51818085	0.20413260
48.54202271	0.25118170
48.56586456	0.16243850
48.58970642	0.11875340
48.61354828	0.15812870
48.63739014	0.12767480
48.66123199	0.26525150
48.68507385	0.49233050
48.70891571	0.41215480
48.73275757	0.15056400
48.75659943	0.06387578
48.78044128	0.01132509
48.80428314	0.10751020
