Частота	Канал A
(kГц)	(В)

0.00000000	0.44818500
0.02384186	0.18847130
0.04768372	0.02981558
0.07152557	0.00147772
0.09536743	0.00138299
0.11920929	0.00060521
0.14305115	0.00013992
0.16689301	0.00036678
0.19073486	0.00068207
0.21457672	0.00024291
0.23841858	0.00079041
0.26226044	0.00138910
0.28610229	0.00107359
0.30994415	0.00164868
0.33378601	0.00496107
0.35762787	0.00531551
0.38146973	0.00214809
0.40531158	0.00058271
0.42915344	0.00096414
0.45299530	0.00046250
0.47683716	0.00038338
0.50067902	0.00052021
0.52452087	0.00095166
0.54836273	0.00081884
0.57220459	0.00029424
0.59604645	0.00045361
0.61988831	0.00047050
0.64373016	0.00053985
0.66757202	0.00235943
0.69141388	0.00446447
0.71525574	0.00307209
0.73909760	0.00070687
0.76293945	0.00035576
0.78678131	0.00033429
0.81062317	0.00009370
0.83446503	0.00050775
0.85830688	0.00099794
0.88214874	0.00107099
0.90599060	0.00052659
0.92983246	0.00049640
0.95367432	0.00131947
0.97751617	0.00097282
1.00135803	0.00022921
1.02519989	0.00194928
1.04904175	0.00234669
1.07288361	0.00092952
1.09672546	0.00050889
1.12056732	0.00068539
1.14440918	0.00082242
1.16825104	0.00055887
1.19209290	0.00064518
1.21593475	0.00069567
1.23977661	0.00043961
1.26361847	0.00074088
1.28746033	0.00303283
1.31130219	0.00405183
1.33514404	0.00178378
1.35898590	0.00036361
1.38282776	0.00089129
1.40666962	0.00053753
1.43051147	0.00027653
1.45435333	0.00083128
1.47819519	0.00106917
1.50203705	0.00086733
1.52587891	0.00035670
1.54972076	0.00015152
1.57356262	0.00022246
1.59740448	0.00038085
1.62124634	0.00348431
1.64508820	0.00831267
1.66893005	0.00699822
1.69277191	0.00182766
1.71661377	0.00053604
1.74045563	0.00062010
1.76429749	0.00062410
1.78813934	0.00070398
1.81198120	0.00113405
1.83582306	0.00093184
1.85966492	0.00049732
1.88350677	0.00043318
1.90734863	0.00109918
1.93119049	0.00113311
1.95503235	0.03345057
1.97887421	0.17418150
2.00271606	0.26005060
2.02655792	0.13708640
2.05039978	0.01773099
2.07424164	0.00119546
2.09808350	0.00124635
2.12192535	0.00059953
2.14576721	0.00036330
2.16960907	0.00043214
2.19345093	0.00007840
2.21729279	0.00043398
2.24113464	0.00119018
2.26497650	0.00186830
2.28881836	0.00119044
2.31266022	0.00044517
2.33650208	0.00053951
2.36034393	0.00058445
2.38418579	0.00054036
2.40802765	0.00091185
2.43186951	0.00116667
2.45571136	0.00072710
2.47955322	0.00031318
2.50339508	0.00012989
2.52723694	0.00056596
2.55107880	0.00046008
2.57492065	0.00061919
2.59876251	0.00147380
2.62260437	0.00158378
2.64644623	0.00082954
2.67028809	0.00200393
2.69412994	0.00310996
2.71797180	0.00203530
2.74181366	0.00065554
2.76565552	0.00071934
2.78949738	0.00059270
2.81333923	0.00029364
2.83718109	0.00063081
2.86102295	0.00089804
2.88486481	0.00094449
2.90870667	0.00051604
2.93254852	0.00060278
2.95639038	0.00069185
2.98023224	0.00071488
3.00407410	0.00090847
3.02791595	0.00259479
3.05175781	0.00272650
3.07559967	0.00121428
3.09944153	0.00032664
3.12328339	0.00014390
3.14712524	0.00051048
3.17096710	0.00047835
3.19480896	0.00083192
3.21865082	0.00106071
3.24249268	0.00080014
3.26633453	0.00028234
3.29017639	0.00165423
3.31401825	0.00210655
3.33786011	0.00064768
3.36170197	0.00098241
3.38554382	0.00196402
3.40938568	0.00124719
3.43322754	0.00042349
3.45706940	0.00046958
3.48091125	0.00074473
3.50475311	0.00064237
3.52859497	0.00030924
3.55243683	0.00059699
3.57627869	0.00057418
3.60012054	0.00071142
3.62396240	0.00410210
3.64780426	0.00853119
3.67164612	0.00626991
3.69548798	0.00119366
3.71932983	0.00050761
3.74317169	0.00046727
3.76701355	0.00019698
3.79085541	0.00074405
3.81469727	0.00102870
3.83853912	0.00104122
3.86238098	0.00051782
3.88622284	0.00008759
3.91006470	0.00053732
3.93390656	0.00042775
3.95774841	0.03532545
3.98159027	0.15535690
4.00543213	0.20653710
4.02927399	0.09627961
4.05311584	0.01020714
4.07695770	0.00048395
4.10079956	0.00068484
4.12464142	0.00029844
4.14848328	0.00058260
4.17232513	0.00084659
4.19616699	0.00064822
4.22000885	0.00054362
4.24385071	0.00094658
4.26769257	0.00148165
4.29153442	0.00068382
4.31537628	0.00162853
4.33921814	0.00437622
4.36306000	0.00366904
4.38690186	0.00097405
4.41074371	0.00091380
4.43458557	0.00118797
4.45842743	0.00080591
4.48226929	0.00035664
4.50611115	0.00046369
4.52995300	0.00030458
4.55379486	0.00009331
4.57763672	0.00092173
4.60147858	0.00226922
4.62532043	0.00218796
4.64916229	0.00074474
4.67300415	0.00049083
4.69684601	0.00058842
4.72068787	0.00051367
4.74452972	0.00062151
4.76837158	0.00142500
4.79221344	0.00139517
4.81605530	0.00075214
4.83989716	0.00015168
4.86373901	0.00040887
4.88758087	0.00049324
4.91142273	0.00030414
4.93526459	0.00139357
4.95910645	0.00220659
4.98294830	0.00139303
5.00679016	0.00071147
5.03063202	0.00184144
5.05447388	0.00187374
5.07831573	0.00092581
5.10215759	0.00045242
5.12599945	0.00069478
5.14984131	0.00021597
5.17368317	0.00032725
5.19752502	0.00071684
5.22136688	0.00127194
5.24520874	0.00096342
5.26905060	0.00051666
5.29289246	0.00059064
5.31673431	0.00057395
5.34057617	0.00047188
5.36441803	0.00152532
5.38825989	0.00235681
5.41210175	0.00142443
5.43594360	0.00047416
5.45978546	0.00008466
5.48362732	0.00038085
5.50746918	0.00037579
5.53131104	0.00062941
5.55515289	0.00114985
5.57899475	0.00124231
5.60283661	0.00074237
5.62667847	0.00247644
5.65052032	0.00491658
5.67436218	0.00319613
5.69820404	0.00047326
5.72204590	0.00126927
5.74588776	0.00115531
5.76972961	0.00039112
5.79357147	0.00062029
5.81741333	0.00085749
5.84125519	0.00093263
5.86509705	0.00031680
5.88893890	0.00067938
5.91278076	0.00086858
5.93662262	0.00088768
5.96046448	0.03023548
5.98430634	0.11294950
6.00814819	0.13387840
6.03199005	0.05501814
6.05583191	0.00459223
6.07967377	0.00043189
6.10351563	0.00047693
6.12735748	0.00007738
6.15119934	0.00048449
6.17504120	0.00099052
6.19888306	0.00079406
6.22272491	0.00029966
6.24656677	0.00015631
6.27040863	0.00034833
6.29425049	0.00019537
6.31809235	0.00361524
6.34193420	0.00778876
6.36577606	0.00577790
6.38961792	0.00141832
6.41345978	0.00031267
6.43730164	0.00051915
6.46114349	0.00055099
6.48498535	0.00030555
6.50882721	0.00075377
6.53266907	0.00057432
6.55651093	0.00036313
6.58035278	0.00065731
6.60419464	0.00179845
6.62803650	0.00162985
6.65187836	0.00035013
6.67572021	0.00154552
6.69956207	0.00196960
6.72340393	0.00060251
6.74724579	0.00065147
6.77108765	0.00106044
6.79492950	0.00099647
6.81877136	0.00059140
6.84261322	0.00044409
6.86645508	0.00032094
6.89029694	0.00028032
6.91413879	0.00085696
6.93798065	0.00222859
6.96182251	0.00305359
6.98566437	0.00166160
7.00950623	0.00054191
7.03334808	0.00060406
7.05718994	0.00056212
7.08103180	0.00029819
7.10487366	0.00061317
7.12871552	0.00095632
7.15255737	0.00056555
7.17639923	0.00024626
7.20024109	0.00043852
7.22408295	0.00094232
7.24792480	0.00055080
7.27176666	0.00135141
7.29560852	0.00294758
7.31945038	0.00282064
7.34329224	0.00117758
7.36713409	0.00130411
7.39097595	0.00189593
7.41481781	0.00132734
7.43865967	0.00058977
7.46250153	0.00073187
7.48634338	0.00035303
7.51018524	0.00005081
7.53402710	0.00042250
7.55786896	0.00115821
7.58171082	0.00120785
7.60555267	0.00054324
7.62939453	0.00064785
7.65323639	0.00064153
7.67707825	0.00050191
7.70092010	0.00066844
7.72476196	0.00176777
7.74860382	0.00168836
7.77244568	0.00086147
7.79628754	0.00039310
7.82012939	0.00032716
7.84397125	0.00054388
7.86781311	0.00007466
7.89165497	0.00071064
7.91549683	0.00126111
7.93933868	0.00131373
7.96318054	0.01791416
7.98702240	0.05671766
8.01086426	0.05985932
8.03470612	0.02164233
8.05854797	0.00167431
8.08238983	0.00127453
8.10623169	0.00083168
8.13007355	0.00026557
8.15391541	0.00037598
8.17775726	0.00096535
8.20159912	0.00079459
8.22544098	0.00046793
8.24928284	0.00063943
8.27312469	0.00063398
8.29696655	0.00064917
8.32080841	0.00430263
8.34465027	0.00810201
8.36849213	0.00541172
8.39233398	0.00120619
8.41617584	0.00021739
8.44001770	0.00008002
8.46385956	0.00012057
8.48770142	0.00070356
8.51154327	0.00104086
8.53538513	0.00094113
8.55922699	0.00039853
8.58306885	0.00027971
8.60691071	0.00092797
8.63075256	0.00059942
8.65459442	0.00064929
8.67843628	0.00304255
8.70227814	0.00360341
8.72612000	0.00139050
8.74996185	0.00019280
8.77380371	0.00053040
8.79764557	0.00087222
8.82148743	0.00051783
8.84532928	0.00056550
8.86917114	0.00077474
8.89301300	0.00067976
8.91685486	0.00079170
8.94069672	0.00211866
8.96453857	0.00274333
8.98838043	0.00113730
9.01222229	0.00036257
9.03606415	0.00124641
9.05990601	0.00078568
9.08374786	0.00045611
9.10758972	0.00105159
9.13143158	0.00127585
9.15527344	0.00093826
9.17911530	0.00045687
9.20295715	0.00025268
9.22679901	0.00005399
9.25064087	0.00053162
9.27448273	0.00204952
9.29832458	0.00437741
9.32216644	0.00362228
9.34600830	0.00094725
9.36985016	0.00054300
9.39369202	0.00063046
9.41753387	0.00056688
9.44137573	0.00038767
9.46521759	0.00086058
9.48905945	0.00067647
9.51290131	0.00035628
9.53674316	0.00005451
9.56058502	0.00060774
9.58442688	0.00061508
9.60826874	0.00118155
9.63211060	0.00441652
9.65595245	0.00635878
9.67979431	0.00339777
9.70363617	0.00085780
9.72747803	0.00143301
9.75131989	0.00145206
9.77516174	0.00090149
9.79900360	0.00030576
9.82284546	0.00031001
9.84668732	0.00008477
9.87052917	0.00038354
9.89437103	0.00087188
9.91821289	0.00148979
9.94205475	0.00094254
9.96589661	0.00054482
9.98973846	0.00073198
10.01358032	0.00070685
10.03742218	0.00057441
10.06126404	0.00106650
10.08510590	0.00157421
10.10894775	0.00098827
10.13278961	0.00043378
10.15663147	0.00015052
10.18047333	0.00058862
10.20431519	0.00042398
10.22815704	0.00073036
10.25199890	0.00142139
10.27584076	0.00146025
10.29968262	0.00092518
10.32352448	0.00317935
10.34736633	0.00514519
10.37120819	0.00319843
10.39505005	0.00088664
10.41889191	0.00096939
10.44273376	0.00076381
10.46657562	0.00032214
10.49041748	0.00052664
10.51425934	0.00075137
10.53810120	0.00083750
10.56194305	0.00045184
10.58578491	0.00061810
10.60962677	0.00054360
10.63346863	0.00035892
10.65731049	0.00114717
10.68115234	0.00371306
10.70499420	0.00385059
10.72883606	0.00163121
10.75267792	0.00048721
10.77651978	0.00024132
10.80036163	0.00016476
10.82420349	0.00035734
10.84804535	0.00090387
10.87188721	0.00104584
10.89572906	0.00072692
10.91957092	0.00017448
10.94341278	0.00104014
10.96725464	0.00126535
10.99109650	0.00025535
11.01493835	0.00143739
11.03878021	0.00270011
11.06262207	0.00168001
11.08646393	0.00050290
11.11030579	0.00048853
11.13414764	0.00072970
11.15798950	0.00058112
11.18183136	0.00036536
11.20567322	0.00049147
11.22951508	0.00043191
11.25335693	0.00060696
11.27719879	0.00214271
11.30104065	0.00432617
11.32488251	0.00317018
11.34872437	0.00044612
11.37256622	0.00073053
11.39640808	0.00074545
11.42024994	0.00026152
11.44409180	0.00088004
11.46793365	0.00132246
11.49177551	0.00108602
11.51561737	0.00061724
11.53945923	0.00015611
11.56330109	0.00029454
11.58714294	0.00050745
11.61098480	0.00210082
11.63482666	0.00745304
11.65866852	0.00982213
11.68251038	0.00460066
11.70635223	0.00041364
11.73019409	0.00035882
11.75403595	0.00049689
11.77787781	0.00037641
11.80171967	0.00066192
11.82556152	0.00085588
11.84940338	0.00065964
11.87324524	0.00025464
11.89708710	0.00063077
11.92092896	0.00113966
11.94477081	0.00101871
11.96861267	0.01639946
11.99245453	0.04067194
12.01629639	0.03415523
12.04013824	0.00890535
12.06398010	0.00097963
12.08782196	0.00126706
12.11166382	0.00080927
12.13550568	0.00038014
12.15934753	0.00052579
12.18318939	0.00017566
12.20703125	0.00036800
12.23087311	0.00093544
12.25471497	0.00177975
12.27855682	0.00161547
12.30239868	0.00057078
12.32624054	0.00073760
12.35008240	0.00068175
12.37392426	0.00057346
12.39776611	0.00072765
12.42160797	0.00131937
12.44544983	0.00105163
12.46929169	0.00052371
12.49313354	0.00027969
12.51697540	0.00052761
12.54081726	0.00059983
12.56465912	0.00040655
12.58850098	0.00131232
12.61234283	0.00196648
12.63618469	0.00134077
12.66002655	0.00117221
12.68386841	0.00269521
12.70771027	0.00257236
12.73155212	0.00110349
12.75539398	0.00055517
12.77923584	0.00082734
12.80307770	0.00040657
12.82691956	0.00017789
12.85076141	0.00081716
12.87460327	0.00128047
12.89844513	0.00083233
12.92228699	0.00050818
12.94612885	0.00071183
12.96997070	0.00071921
12.99381256	0.00060486
13.01765442	0.00181102
13.04149628	0.00293809
13.06533813	0.00199341
13.08917999	0.00077682
13.11302185	0.00023306
13.13686371	0.00014670
13.16070557	0.00031573
13.18454742	0.00069785
13.20838928	0.00125185
13.23223114	0.00125507
13.25607300	0.00059058
13.27991486	0.00101891
13.30375671	0.00228648
13.32759857	0.00141328
13.35144043	0.00023749
13.37528229	0.00143572
13.39912415	0.00148571
13.42296600	0.00044904
13.44680786	0.00041585
13.47064972	0.00068615
13.49449158	0.00083308
13.51833344	0.00048995
13.54217529	0.00058967
13.56601715	0.00062859
13.58985901	0.00044520
13.61370087	0.00215254
13.63754272	0.00777818
13.66138458	0.00923752
13.68522644	0.00364163
13.70906830	0.00009507
13.73291016	0.00061547
13.75675201	0.00033758
13.78059387	0.00018932
13.80443573	0.00082818
13.82827759	0.00102688
13.85211945	0.00064394
13.87596130	0.00020350
13.89980316	0.00044560
13.92364502	0.00062658
13.94748688	0.00261839
13.97132874	0.02736292
13.99517059	0.05905355
14.01901245	0.04440789
14.04285431	0.01018102
14.06669617	0.00053597
14.09053802	0.00064060
14.11437988	0.00058258
14.13822174	0.00062466
14.16206360	0.00098026
14.18590546	0.00074685
14.20974731	0.00047273
14.23358917	0.00063069
14.25743103	0.00161298
14.28127289	0.00137711
14.30511475	0.00018574
14.32895660	0.00284108
14.35279846	0.00400253
14.37664032	0.00165928
14.40048218	0.00045688
14.42432404	0.00104273
14.44816589	0.00097018
14.47200775	0.00057956
14.49584961	0.00030061
14.51969147	0.00013230
14.54353333	0.00014029
14.56737518	0.00061733
14.59121704	0.00175774
14.61505890	0.00245913
14.63890076	0.00129098
14.66274261	0.00049425
14.68658447	0.00067025
14.71042633	0.00067957
14.73426819	0.00044247
14.75811005	0.00105003
14.78195190	0.00141226
14.80579376	0.00086920
14.82963562	0.00042443
14.85347748	0.00027470
14.87731934	0.00065766
14.90116119	0.00044516
14.92500305	0.00106624
14.94884491	0.00222389
14.97268677	0.00216343
14.99652863	0.00094882
15.02037048	0.00128634
15.04421234	0.00190772
15.06805420	0.00123918
15.09189606	0.00048798
15.11573792	0.00072597
15.13957977	0.00047060
15.16342163	0.00025848
15.18726349	0.00057838
15.21110535	0.00094275
15.23494720	0.00094528
15.25878906	0.00055941
15.28263092	0.00063980
15.30647278	0.00057800
15.33031464	0.00050491
15.35415649	0.00082473
15.37799835	0.00207017
15.40184021	0.00188394
15.42568207	0.00066086
15.44952393	0.00007354
15.47336578	0.00025950
15.49720764	0.00034071
15.52104950	0.00024396
15.54489136	0.00076411
15.56873322	0.00119969
15.59257507	0.00093791
15.61641693	0.00156581
15.64025879	0.00502032
15.66410065	0.00525878
15.68794250	0.00158018
15.71178436	0.00079581
15.73562622	0.00148661
15.75946808	0.00065160
15.78330994	0.00029038
15.80715179	0.00054336
15.83099365	0.00077900
15.85483551	0.00049947
15.87867737	0.00053905
15.90251923	0.00079155
15.92636108	0.00055584
15.95020294	0.00368220
15.97404480	0.02797913
15.99788666	0.05282762
16.02172852	0.03529076
16.04557037	0.00686255
16.06941223	0.00020908
16.09325409	0.00027734
16.11709595	0.00006251
16.14093781	0.00067033
16.16477966	0.00109384
16.18862152	0.00097771
16.21246338	0.00048570
16.23630524	0.00004373
16.26014709	0.00049974
16.28398895	0.00039002
16.30783081	0.00134784
16.33167267	0.00559284
16.35551453	0.00657250
16.37935638	0.00267025
16.40319824	0.00059322
16.42704010	0.00057709
16.45088196	0.00055818
16.47472382	0.00036131
16.49856567	0.00078041
16.52240753	0.00085016
16.54624939	0.00052754
16.57009125	0.00042975
16.59393311	0.00152347
16.61777496	0.00206499
16.64161682	0.00091095
16.66545868	0.00057646
16.68930054	0.00189638
16.71314240	0.00144115
16.73698425	0.00040317
16.76082611	0.00092377
16.78466797	0.00114833
16.80850983	0.00078697
16.83235168	0.00025468
16.85619354	0.00011890
16.88003540	0.00016565
16.90387726	0.00022933
16.92771912	0.00120663
16.95156097	0.00295695
16.97540283	0.00265683
16.99924469	0.00077951
17.02308655	0.00040789
17.04692841	0.00054236
17.07077026	0.00049481
17.09461212	0.00049088
17.11845398	0.00112009
17.14229584	0.00089505
17.16613770	0.00051461
17.18997955	0.00051542
17.21382141	0.00099509
17.23766327	0.00099796
17.26150513	0.00071460
17.28534698	0.00225561
17.30918884	0.00327098
17.33303070	0.00184988
17.35687256	0.00082758
17.38071442	0.00165287
17.40455627	0.00151539
17.42839813	0.00069555
17.45223999	0.00041579
17.47608185	0.00050968
17.49992371	0.00015708
17.52376556	0.00038846
17.54760742	0.00087672
17.57144928	0.00135719
17.59529114	0.00069898
17.61913300	0.00033775
17.64297485	0.00045465
17.66681671	0.00050997
17.69065857	0.00034451
17.71450043	0.00129693
17.73834229	0.00192583
17.76218414	0.00106930
17.78602600	0.00028492
17.80986786	0.00016915
17.83370972	0.00046448
17.85755157	0.00047203
17.88139343	0.00092406
17.90523529	0.00143227
17.92907715	0.00134662
17.95291901	0.00300383
17.97676086	0.01776158
18.00060272	0.02964438
18.02444458	0.01779433
18.04828644	0.00308065
18.07212830	0.00109799
18.09597015	0.00091537
18.11981201	0.00002577
18.14365387	0.00050000
18.16749573	0.00087860
18.19133759	0.00090878
18.21517944	0.00041486
18.23902130	0.00073719
18.26286316	0.00087704
18.28670502	0.00073806
18.31054688	0.00214552
18.33438873	0.00661450
18.35823059	0.00705027
18.38207245	0.00283013
18.40591431	0.00043072
18.42975616	0.00020804
18.45359802	0.00019492
18.47743988	0.00037090
18.50128174	0.00091082
18.52512360	0.00111301
18.54896545	0.00083233
18.57280731	0.00015504
18.59664917	0.00070120
18.62049103	0.00085137
18.64433289	0.00010295
18.66817474	0.00170487
18.69201660	0.00344551
18.71585846	0.00223893
18.73970032	0.00056038
18.76354218	0.00059666
18.78738403	0.00086551
18.81122589	0.00087638
18.83506775	0.00071606
18.85890961	0.00073785
18.88275146	0.00045557
18.90659332	0.00035626
18.93043518	0.00119321
18.95427704	0.00278787
18.97811890	0.00221258
19.00196075	0.00035254
19.02580261	0.00089257
19.04964447	0.00102927
19.07348633	0.00025570
19.09732819	0.00055352
19.12117004	0.00095761
19.14501190	0.00080453
19.16885376	0.00034103
19.19269562	0.00028451
19.21653748	0.00021465
19.24037933	0.00019689
19.26422119	0.00106010
19.28806305	0.00373389
19.31190491	0.00493441
19.33574677	0.00237268
19.35958862	0.00048652
19.38343048	0.00047510
19.40727234	0.00061535
19.43111420	0.00042996
19.45495605	0.00085061
19.47879791	0.00107538
19.50263977	0.00060640
19.52648163	0.00022822
19.55032349	0.00051330
19.57416534	0.00106703
19.59800720	0.00068479
19.62184906	0.00298748
19.64569092	0.00679920
19.66953278	0.00568200
19.69337463	0.00156588
19.71721649	0.00139622
19.74105835	0.00158667
19.76490021	0.00094093
19.78874207	0.00029363
19.81258392	0.00038107
19.83642578	0.00023353
19.86026764	0.00013094
19.88410950	0.00071909
19.90795135	0.00154835
19.93179321	0.00146690
19.95563507	0.00058020
19.97947693	0.00053728
20.00331879	0.00064031
20.02716064	0.00063332
20.05100250	0.00085795
20.07484436	0.00162401
20.09868622	0.00126537
20.12252808	0.00037604
20.14636993	0.00009766
20.17021179	0.00030304
20.19405365	0.00046872
20.21789551	0.00047069
20.24173737	0.00126808
20.26557922	0.00175335
20.28942108	0.00107444
20.31326294	0.00172333
20.33710480	0.00443746
20.36094666	0.00419580
20.38478851	0.00155849
20.40863037	0.00063451
20.43247223	0.00086915
20.45631409	0.00039766
20.48015594	0.00019225
20.50399780	0.00049275
20.52783966	0.00088400
20.55168152	0.00061945
20.57552338	0.00068068
20.59936523	0.00067914
20.62320709	0.00046174
20.64704895	0.00050206
20.67089081	0.00252182
20.69473267	0.00418122
20.71857452	0.00272339
20.74241638	0.00092998
20.76625824	0.00018882
20.79010010	0.00021573
20.81394196	0.00021734
20.83778381	0.00057262
20.86162567	0.00100143
20.88546753	0.00097586
20.90930939	0.00044999
20.93315125	0.00059342
20.95699310	0.00158119
20.98083496	0.00104307
21.00467682	0.00063698
21.02851868	0.00216959
21.05236053	0.00218425
21.07620239	0.00070050
21.10004425	0.00045824
21.12388611	0.00077132
21.14772797	0.00087220
21.17156982	0.00060236
21.19541168	0.00078372
21.21925354	0.00082082
21.24309540	0.00067558
21.26693726	0.00098676
21.29077911	0.00360901
21.31462097	0.00444460
21.33846283	0.00170136
21.36230469	0.00043423
21.38614655	0.00095837
21.40998840	0.00050429
21.43383026	0.00019079
21.45767212	0.00089864
21.48151398	0.00108788
21.50535583	0.00071617
21.52919769	0.00035089
21.55303955	0.00028807
21.57688141	0.00007221
21.60072327	0.00080140
21.62456512	0.00532107
21.64840698	0.01114096
21.67224884	0.00849356
21.69609070	0.00203187
21.71993256	0.00070386
21.74377441	0.00081173
21.76761627	0.00072345
21.79145813	0.00052878
21.81529999	0.00081346
21.83914185	0.00053810
21.86298370	0.00037686
21.88682556	0.00076513
21.91066742	0.00138889
21.93450928	0.00114518
21.95835114	0.00340489
21.98219299	0.01679666
22.00603485	0.02253680
22.02987671	0.01032725
22.05371857	0.00109415
22.07756042	0.00118729
22.10140228	0.00109376
22.12524414	0.00046110
22.14908600	0.00046210
22.17292786	0.00050046
22.19676971	0.00026110
22.22061157	0.00061368
22.24445343	0.00147829
22.26829529	0.00200145
22.29213715	0.00106341
22.31597900	0.00059480
22.33982086	0.00070762
22.36366272	0.00069219
22.38750458	0.00036157
22.41134644	0.00115207
22.43518829	0.00155665
22.45903015	0.00099851
22.48287201	0.00046224
22.50671387	0.00027482
22.53055573	0.00064961
22.55439758	0.00022411
22.57823944	0.00079978
22.60208130	0.00173086
22.62592316	0.00177936
22.64976501	0.00093679
22.67360687	0.00201529
22.69744873	0.00286101
22.72129059	0.00171111
22.74513245	0.00051080
22.76897430	0.00087782
22.79281616	0.00077655
22.81665802	0.00027281
22.84049988	0.00031361
22.86434174	0.00086031
22.88818359	0.00098875
22.91202545	0.00037319
22.93586731	0.00051511
22.95970917	0.00057810
22.98355103	0.00053185
23.00739288	0.00088311
23.03123474	0.00245031
23.05507660	0.00244550
23.07891846	0.00109232
23.10276031	0.00034896
23.12660217	0.00030976
23.15044403	0.00007344
23.17428589	0.00031338
23.19812775	0.00072072
23.22196960	0.00087970
23.24581146	0.00054674
23.26965332	0.00049675
23.29349518	0.00209414
23.31733704	0.00225925
23.34117889	0.00053353
23.36502075	0.00102624
23.38886261	0.00190281
23.41270447	0.00114751
23.43654633	0.00051607
23.46038818	0.00078548
23.48423004	0.00107382
23.50807190	0.00085643
23.53191376	0.00049406
23.55575562	0.00065936
23.57959747	0.00057686
23.60343933	0.00094833
23.62728119	0.00579403
23.65112305	0.01112442
23.67496490	0.00743505
23.69880676	0.00116674
23.72264862	0.00059156
23.74649048	0.00049318
23.77033234	0.00010934
23.79417419	0.00075910
23.81801605	0.00118837
23.84185791	0.00095686
23.86569977	0.00026476
23.88954163	0.00029592
23.91338348	0.00046239
23.93722534	0.00016509
23.96106720	0.00743084
23.98490906	0.02808772
24.00875092	0.03317932
24.03259277	0.01350847
24.05643463	0.00119472
24.08027649	0.00066618
24.10411835	0.00071775
24.12796021	0.00055645
24.15180206	0.00087804
24.17564392	0.00101090
24.19948578	0.00073134
24.22332764	0.00048313
24.24716949	0.00127670
24.27101135	0.00173053
24.29485321	0.00069205
24.31869507	0.00131550
24.34253693	0.00357800
24.36637878	0.00271541
24.39022064	0.00055897
24.41406250	0.00086608
24.43790436	0.00117562
24.46174622	0.00089528
24.48558807	0.00044416
24.50942993	0.00052964
24.53327179	0.00022509
24.55711365	0.00035116
24.58095551	0.00123666
24.60479736	0.00245992
24.62863922	0.00225553
24.65248108	0.00079586
24.67632294	0.00031028
24.70016479	0.00049678
24.72400665	0.00057564
24.74784851	0.00049577
24.77169037	0.00105174
24.79553223	0.00087108
24.81937408	0.00042650
24.84321594	0.00015201
24.86705780	0.00057314
24.89089966	0.00079046
24.91474152	0.00063699
24.93858337	0.00168743
24.96242523	0.00228026
24.98626709	0.00123145
25.01010895	0.00079199
25.03395081	0.00175779
25.05779266	0.00162361
25.08163452	0.00076580
25.10547638	0.00073690
25.12931824	0.00083819
25.15316010	0.00034901
25.17700195	0.00048246
25.20084381	0.00086501
25.22468567	0.00120189
25.24852753	0.00076548
25.27236938	0.00065662
25.29621124	0.00080861
25.32005310	0.00065451
25.34389496	0.00047906
25.36773682	0.00147070
25.39157867	0.00203241
25.41542053	0.00106542
25.43926239	0.00033420
25.46310425	0.00005329
25.48694611	0.00037692
25.51078796	0.00048215
25.53462982	0.00094077
25.55847168	0.00134871
25.58231354	0.00111895
25.60615540	0.00050595
25.62999725	0.00378385
25.65383911	0.00656839
25.67768097	0.00369878
25.70152283	0.00032140
25.72536469	0.00121643
25.74920654	0.00105417
25.77304840	0.00021323
25.79689026	0.00035269
25.82073212	0.00084443
25.84457397	0.00100790
25.86841583	0.00034603
25.89225769	0.00046899
25.91609955	0.00055442
25.93994141	0.00063440
25.96378326	0.00900090
25.98762512	0.02835735
26.01146698	0.02984023
26.03530884	0.01085361
26.05915070	0.00089005
26.08299255	0.00050377
26.10683441	0.00025188
26.13067627	0.00031623
26.15451813	0.00084282
26.17835999	0.00114264
26.20220184	0.00080289
26.22604370	0.00022567
26.24988556	0.00038538
26.27372742	0.00065121
26.29756927	0.00012828
26.32141113	0.00325060
26.34525299	0.00643448
26.36909485	0.00432837
26.39293671	0.00108947
26.41677856	0.00072571
26.44062042	0.00085289
26.46446228	0.00076005
26.48830414	0.00066747
26.51214600	0.00100677
26.53598785	0.00078903
26.55982971	0.00047696
26.58367157	0.00092817
26.60751343	0.00209757
26.63135529	0.00163886
26.65519714	0.00028664
26.67903900	0.00148664
26.70288086	0.00180397
26.72672272	0.00059501
26.75056458	0.00068509
26.77440643	0.00121802
26.79824829	0.00114800
26.82209015	0.00055439
26.84593201	0.00026916
26.86977386	0.00051142
26.89361572	0.00024438
26.91745758	0.00066599
26.94129944	0.00247723
26.96514130	0.00328100
26.98898315	0.00161348
27.01282501	0.00046400
27.03666687	0.00050465
27.06050873	0.00050889
27.08435059	0.00031022
27.10819244	0.00092134
27.13203430	0.00112093
27.15587616	0.00059559
27.17971802	0.00020101
27.20355988	0.00055242
27.22740173	0.00098277
27.25124359	0.00070408
27.27508545	0.00188581
27.29892731	0.00359811
27.32276917	0.00307446
27.34661102	0.00105508
27.37045288	0.00112491
27.39429474	0.00155967
27.41813660	0.00107102
27.44197845	0.00054664
27.46582031	0.00068565
27.48966217	0.00037562
27.51350403	0.00036557
27.53734589	0.00075298
27.56118774	0.00135363
27.58502960	0.00126257
27.60887146	0.00046224
27.63271332	0.00056539
27.65655518	0.00069124
27.68039703	0.00062357
27.70423889	0.00065147
27.72808075	0.00169218
27.75192261	0.00143972
27.77576447	0.00053861
27.79960632	0.00012036
27.82344818	0.00029537
27.84729004	0.00032125
27.87113190	0.00026274
27.89497375	0.00094263
27.91881561	0.00143008
27.94265747	0.00115704
27.96649933	0.00649498
27.99034119	0.01757213
28.01418304	0.01665279
28.03802490	0.00546267
28.06186676	0.00095237
28.08570862	0.00124905
28.10955048	0.00061107
28.13339233	0.00047379
28.15723419	0.00055189
28.18107605	0.00080311
28.20491791	0.00065048
28.22875977	0.00047353
28.25260162	0.00048102
28.27644348	0.00037906
28.30028534	0.00070736
28.32412720	0.00415536
28.34796906	0.00703351
28.37181091	0.00445258
28.39565277	0.00111012
28.41949463	0.00004677
28.44333649	0.00043434
28.46717834	0.00041828
28.49102020	0.00067657
28.51486206	0.00114887
28.53870392	0.00105798
28.56254578	0.00047178
28.58638763	0.00020868
28.61022949	0.00090834
28.63407135	0.00074126
28.65791321	0.00056119
28.68175507	0.00283644
28.70559692	0.00309256
28.72943878	0.00120519
28.75328064	0.00033367
28.77712250	0.00057407
28.80096436	0.00080621
28.82480621	0.00024802
28.84864807	0.00063979
28.87248993	0.00064869
28.89633179	0.00034851
28.92017365	0.00066477
28.94401550	0.00237760
28.96785736	0.00297284
28.99169922	0.00111505
29.01554108	0.00062066
29.03938293	0.00127587
29.06322479	0.00064495
29.08706665	0.00032579
29.11090851	0.00094056
29.13475037	0.00105725
29.15859222	0.00068361
29.18243408	0.00040828
29.20627594	0.00035941
29.23011780	0.00007438
29.25395966	0.00056085
29.27780151	0.00255320
29.30164337	0.00495233
29.32548523	0.00359221
29.34932709	0.00062984
29.37316895	0.00044988
29.39701080	0.00060820
29.42085266	0.00065576
29.44469452	0.00055257
29.46853638	0.00097776
29.49237823	0.00071689
29.51622009	0.00053902
29.54006195	0.00056902
29.56390381	0.00105671
29.58774567	0.00098725
29.61158752	0.00182649
29.63542938	0.00619842
29.65927124	0.00807803
29.68311310	0.00389616
29.70695496	0.00079328
29.73079681	0.00137155
29.75463867	0.00128798
29.77848053	0.00072137
29.80232239	0.00064285
29.82616425	0.00055950
29.85000610	0.00016748
29.87384796	0.00031430
29.89768982	0.00105463
29.92153168	0.00155314
29.94537354	0.00079849
29.96921539	0.00031296
29.99305725	0.00044225
30.01689911	0.00042052
30.04074097	0.00026488
30.06458282	0.00095779
30.08842468	0.00128088
30.11226654	0.00060891
30.13610840	0.00013296
30.15995026	0.00030060
30.18379211	0.00056319
30.20763397	0.00039451
30.23147583	0.00100743
30.25531769	0.00158770
30.27915955	0.00139055
30.30300140	0.00091137
30.32684326	0.00309347
30.35068512	0.00451900
30.37452698	0.00258646
30.39836884	0.00058062
30.42221069	0.00092566
30.44605255	0.00077734
30.46989441	0.00028626
30.49373627	0.00046539
30.51757813	0.00093161
30.54141998	0.00100584
30.56526184	0.00026630
30.58910370	0.00047477
30.61294556	0.00048699
30.63678741	0.00046793
30.66062927	0.00128586
30.68447113	0.00352831
30.70831299	0.00331502
30.73215485	0.00119830
30.75599670	0.00030968
30.77983856	0.00021112
30.80368042	0.00016134
30.82752228	0.00047637
30.85136414	0.00100564
30.87520599	0.00117729
30.89904785	0.00079624
30.92288971	0.00031887
30.94673157	0.00131575
30.97057343	0.00140763
30.99441528	0.00015707
31.01825714	0.00142892
31.04209900	0.00235563
31.06594086	0.00132453
31.08978271	0.00050007
31.11362457	0.00064748
31.13746643	0.00083685
31.16130829	0.00072187
31.18515015	0.00057182
31.20899200	0.00078629
31.23283386	0.00060123
31.25667572	0.00072899
31.28051758	0.00276977
31.30435944	0.00490230
31.32820129	0.00305725
31.35204315	0.00022283
31.37588501	0.00075257
31.39972687	0.00078184
31.42356873	0.00013934
31.44741058	0.00070976
31.47125244	0.00121781
31.49509430	0.00111339
31.51893616	0.00059327
31.54277802	0.00010404
31.56661987	0.00018091
31.59046173	0.00025410
31.61430359	0.00290646
31.63814545	0.01039147
31.66198730	0.01242566
31.68582916	0.00518236
31.70967102	0.00064104
31.73351288	0.00067281
31.75735474	0.00084626
31.78119659	0.00055496
31.80503845	0.00072355
31.82888031	0.00071428
31.85272217	0.00050232
31.87656403	0.00035116
31.90040588	0.00078471
31.92424774	0.00130300
31.94808960	0.00080066
31.97193146	0.00699495
31.99577332	0.01541367
32.01961517	0.01148411
32.04345703	0.00253215
32.06729889	0.00114583
32.09114075	0.00119082
32.11498260	0.00072459
32.13882446	0.00040973
32.16266632	0.00060492
32.18650818	0.00029330
32.21035004	0.00025490
32.23419189	0.00100844
32.25803375	0.00191353
32.28187561	0.00149428
32.30571747	0.00028051
32.32955933	0.00049709
32.35340118	0.00050182
32.37724304	0.00044927
32.40108490	0.00051817
32.42492676	0.00116142
32.44876862	0.00080133
32.47261047	0.00034451
32.49645233	0.00018760
32.52029419	0.00045265
32.54413605	0.00062810
32.56797791	0.00076194
32.59181976	0.00152858
32.61566162	0.00176060
32.63950348	0.00092922
32.66334534	0.00125844
32.68718719	0.00270168
32.71102905	0.00242642
32.73487091	0.00108106
32.75871277	0.00064080
32.78255463	0.00083562
32.80639648	0.00036664
32.83023834	0.00017061
32.85408020	0.00072327
32.87792206	0.00112919
32.90176392	0.00069653
32.92560577	0.00046281
32.94944763	0.00040710
32.97328949	0.00034472
32.99713135	0.00039235
33.02097321	0.00182895
33.04481506	0.00277236
33.06865692	0.00169338
33.09249878	0.00057402
33.11634064	0.00013024
33.14018250	0.00021441
33.16402435	0.00021797
33.18786621	0.00078360
33.21170807	0.00118080
33.23554993	0.00109091
33.25939178	0.00043726
33.28323364	0.00145259
33.30707550	0.00265989
33.33091736	0.00141492
33.35475922	0.00033790
33.37860107	0.00158790
33.40244293	0.00147231
33.42628479	0.00052311
33.45012665	0.00062724
33.47396851	0.00078548
33.49781036	0.00072951
33.52165222	0.00040750
33.54549408	0.00064147
33.56933594	0.00063073
33.59317780	0.00048054
33.61701965	0.00348442
33.64086151	0.01103440
33.66470337	0.01173462
33.68854523	0.00408205
33.71238708	0.00039624
33.73622894	0.00051009
33.76007080	0.00004619
33.78391266	0.00054194
33.80775452	0.00101251
33.83159637	0.00102399
33.85543823	0.00063079
33.87928009	0.00018351
33.90312195	0.00023113
33.92696381	0.00036107
33.95080566	0.00140378
33.97464752	0.01290574
33.99848938	0.02461849
34.02233124	0.01639858
34.04617310	0.00313103
34.07001495	0.00053780
34.09385681	0.00065462
34.11769867	0.00048198
34.14154053	0.00053956
34.16538239	0.00085793
34.18922424	0.00071634
34.21306610	0.00054917
34.23690796	0.00092999
34.26074982	0.00189309
34.28459167	0.00142002
34.30843353	0.00030482
34.33227539	0.00262852
34.35611725	0.00315432
34.37995911	0.00113241
34.40380096	0.00067784
34.42764282	0.00121822
34.45148468	0.00093603
34.47532654	0.00032595
34.49916840	0.00030990
34.52301025	0.00011890
34.54685211	0.00022209
34.57069397	0.00066672
34.59453583	0.00186171
34.61837769	0.00244723
34.64221954	0.00116985
34.66606140	0.00045680
34.68990326	0.00052495
34.71374512	0.00057281
34.73758698	0.00034941
34.76142883	0.00099311
34.78527069	0.00126913
34.80911255	0.00072743
34.83295441	0.00030804
34.85679626	0.00026395
34.88063812	0.00060878
34.90447998	0.00046867
34.92832184	0.00133288
34.95216370	0.00254751
34.97600555	0.00214859
34.99984741	0.00077756
35.02368927	0.00161379
35.04753113	0.00207413
35.07137299	0.00120759
35.09521484	0.00042133
35.11905670	0.00066968
35.14289856	0.00034265
35.16674042	0.00011240
35.19058228	0.00063673
35.21442413	0.00127709
35.23826599	0.00118953
35.26210785	0.00048469
35.28594971	0.00068739
35.30979156	0.00079543
35.33363342	0.00066484
35.35747528	0.00075774
35.38131714	0.00199603
35.40515900	0.00181457
35.42900085	0.00081717
35.45284271	0.00026048
35.47668457	0.00006378
35.50052643	0.00032248
35.52436829	0.00033437
35.54821014	0.00087606
35.57205200	0.00117399
35.59589386	0.00072869
35.61973572	0.00252334
35.64357758	0.00716291
35.66741943	0.00661651
35.69126129	0.00165919
35.71510315	0.00090134
35.73894501	0.00138180
35.76278687	0.00076780
35.78662872	0.00040223
35.81047058	0.00055885
35.83431244	0.00085977
35.85815430	0.00056755
35.88199615	0.00040773
35.90583801	0.00076881
35.92967987	0.00062052
35.95352173	0.00245738
35.97736359	0.01422423
36.00120544	0.02361368
36.02504730	0.01406745
36.04888916	0.00243431
36.07273102	0.00041826
36.09657288	0.00030150
36.12041473	0.00019206
36.14425659	0.00067281
36.16809845	0.00092630
36.19194031	0.00081609
36.21578217	0.00025172
36.23962402	0.00030957
36.26346588	0.00079871
36.28730774	0.00055506
36.31114960	0.00146577
36.33499146	0.00526572
36.35883331	0.00555356
36.38267517	0.00193416
36.40651703	0.00056306
36.43035889	0.00069541
36.45420074	0.00068013
36.47804260	0.00032701
36.50188446	0.00088580
36.52572632	0.00100401
36.54956818	0.00079169
36.57341003	0.00067178
36.59725189	0.00172930
36.62109375	0.00213042
36.64493561	0.00075603
36.66877747	0.00067264
36.69261932	0.00161000
36.71646118	0.00082480
36.74030304	0.00026566
36.76414490	0.00087179
36.78798676	0.00116459
36.81182861	0.00088763
36.83567047	0.00041295
36.85951233	0.00035321
36.88335419	0.00005794
36.90719604	0.00053882
36.93103790	0.00177332
36.95487976	0.00335456
36.97872162	0.00256127
37.00256348	0.00062237
37.02640533	0.00047193
37.05024719	0.00067884
37.07408905	0.00062805
37.09793091	0.00065489
37.12177277	0.00109119
37.14561462	0.00081154
37.16945648	0.00047034
37.19329834	0.00031294
37.21714020	0.00082285
37.24098206	0.00074370
37.26482391	0.00089195
37.28866577	0.00288646
37.31250763	0.00371569
37.33634949	0.00190518
37.36019135	0.00079840
37.38403320	0.00153361
37.40787506	0.00123536
37.43171692	0.00044942
37.45555878	0.00055339
37.47940063	0.00045540
37.50324249	0.00016119
37.52708435	0.00041225
37.55092621	0.00096108
37.57476807	0.00147746
37.59860992	0.00093510
37.62245178	0.00047957
37.64629364	0.00054344
37.67013550	0.00053715
37.69397736	0.00034206
37.71781921	0.00128859
37.74166107	0.00165394
37.76550293	0.00097450
37.78934479	0.00049534
37.81318665	0.00023976
37.83702850	0.00048606
37.86087036	0.00037642
37.88471222	0.00081306
37.90855408	0.00130563
37.93239594	0.00112857
37.95623779	0.00203674
37.98007965	0.00959211
38.00392151	0.01405580
38.02776337	0.00748086
38.05160522	0.00122068
38.07544708	0.00111460
38.09928894	0.00081609
38.12313080	0.00044419
38.14697266	0.00074624
38.17081451	0.00093857
38.19465637	0.00084013
38.21849823	0.00050014
38.24234009	0.00073280
38.26618195	0.00057622
38.29002380	0.00034980
38.31386566	0.00221983
38.33770752	0.00593606
38.36154938	0.00554484
38.38539124	0.00197037
38.40923309	0.00035715
38.43307495	0.00018487
38.45691681	0.00024157
38.48075867	0.00040255
38.50460052	0.00092202
38.52844238	0.00109948
38.55228424	0.00073768
38.57612610	0.00019852
38.59996796	0.00066408
38.62380981	0.00076979
38.64765167	0.00008707
38.67149353	0.00189369
38.69533539	0.00332869
38.71917725	0.00192192
38.74301910	0.00053669
38.76686096	0.00069531
38.79070282	0.00085847
38.81454468	0.00067984
38.83838654	0.00046296
38.86222839	0.00063139
38.88607025	0.00048564
38.90991211	0.00026779
38.93375397	0.00140744
38.95759583	0.00296894
38.98143768	0.00201874
39.00527954	0.00030522
39.02912140	0.00089060
39.05296326	0.00087651
39.07680511	0.00022543
39.10064697	0.00072930
39.12448883	0.00108407
39.14833069	0.00085423
39.17217255	0.00028482
39.19601440	0.00023238
39.21985626	0.00035588
39.24369812	0.00030645
39.26753998	0.00146227
39.29138184	0.00449035
39.31522369	0.00519886
39.33906555	0.00200773
39.36290741	0.00038622
39.38674927	0.00062885
39.41059113	0.00075036
39.43443298	0.00067185
39.45827484	0.00104656
39.48211670	0.00103028
39.50595856	0.00075642
39.52980042	0.00047356
39.55364227	0.00067355
39.57748413	0.00098667
39.60132599	0.00078128
39.62516785	0.00452664
39.64900970	0.00930639
39.67285156	0.00720024
39.69669342	0.00194300
39.72053528	0.00110568
39.74437714	0.00127817
39.76821899	0.00075722
39.79206085	0.00020200
39.81590271	0.00044955
39.83974457	0.00015092
39.86358643	0.00031367
39.88742828	0.00090855
39.91127014	0.00171956
39.93511200	0.00146457
39.95895386	0.00064693
39.98279572	0.00086088
40.00663757	0.00077549
40.03047943	0.00056276
40.05432129	0.00064032
40.07816315	0.00147384
40.10200500	0.00115098
40.12584686	0.00050312
40.14968872	0.00032192
40.17353058	0.00059308
40.19737244	0.00059652
40.22121429	0.00045855
40.24505615	0.00125509
40.26889801	0.00161957
40.29273987	0.00097471
40.31658173	0.00185366
40.34042358	0.00409291
40.36426544	0.00346998
40.38810730	0.00116150
40.41194916	0.00069700
40.43579102	0.00089564
40.45963287	0.00041350
40.48347473	0.00046700
40.50731659	0.00089306
40.53115845	0.00129360
40.55500031	0.00080644
40.57884216	0.00051864
40.60268402	0.00062289
40.62652588	0.00056031
40.65036774	0.00039092
40.67420959	0.00231605
40.69805145	0.00360931
40.72189331	0.00209282
40.74573517	0.00052790
40.76957703	0.00021953
40.79341888	0.00019441
40.81726074	0.00053839
40.84110260	0.00093508
40.86494446	0.00123060
40.88878632	0.00110318
40.91262817	0.00046927
40.93647003	0.00080334
40.96031189	0.00162356
40.98415375	0.00099740
41.00799561	0.00044512
41.03183746	0.00202425
41.05567932	0.00187386
41.07952118	0.00060711
41.10336304	0.00046645
41.12720490	0.00073074
41.15104675	0.00081564
41.17488861	0.00032656
41.19873047	0.00057176
41.22257233	0.00064784
41.24641418	0.00045712
41.27025604	0.00130259
41.29409790	0.00441391
41.31793976	0.00475040
41.34178162	0.00157396
41.36562347	0.00056330
41.38946533	0.00093364
41.41330719	0.00036697
41.43714905	0.00026831
41.46099091	0.00086995
41.48483276	0.00111014
41.50867462	0.00084984
41.53251648	0.00029048
41.55635834	0.00019399
41.58020020	0.00034064
41.60404205	0.00107754
41.62788391	0.00791898
41.65172577	0.01507922
41.67556763	0.01016735
41.69940948	0.00184249
41.72325134	0.00053490
41.74709320	0.00044897
41.77093506	0.00039183
41.79477692	0.00044511
41.81861877	0.00076723
41.84246063	0.00058854
41.86630249	0.00036365
41.89014435	0.00054561
41.91398621	0.00121584
41.93782806	0.00090907
41.96166992	0.00219351
41.98551178	0.00926458
42.00935364	0.01110643
42.03319550	0.00447447
42.05703735	0.00068400
42.08087921	0.00119627
42.10472107	0.00103459
42.12856293	0.00044433
42.15240479	0.00035497
42.17624664	0.00038646
42.20008850	0.00012901
42.22393036	0.00039257
42.24777222	0.00146146
42.27161407	0.00199171
42.29545593	0.00102251
42.31929779	0.00051028
42.34313965	0.00057596
42.36698151	0.00050893
42.39082336	0.00040901
42.41466522	0.00127662
42.43850708	0.00138639
42.46234894	0.00073400
42.48619080	0.00031756
42.51003265	0.00038706
42.53387451	0.00068790
42.55771637	0.00041618
42.58155823	0.00105045
42.60540009	0.00197512
42.62924194	0.00176939
42.65308380	0.00098939
42.67692566	0.00217966
42.70076752	0.00273183
42.72460938	0.00159214
42.74845123	0.00046258
42.77229309	0.00077491
42.79613495	0.00052005
42.81997681	0.00028630
42.84381866	0.00054318
42.86766052	0.00093510
42.89150238	0.00096813
42.91534424	0.00042293
42.93918610	0.00045880
42.96302795	0.00052366
42.98686981	0.00056998
43.01071167	0.00089070
43.03455353	0.00229021
43.05839539	0.00191704
43.08223724	0.00059398
43.10607910	0.00013179
43.12992096	0.00012702
43.15376282	0.00025049
43.17760468	0.00034924
43.20144653	0.00087338
43.22528839	0.00113235
43.24913025	0.00080277
43.27297211	0.00087084
43.29681396	0.00276273
43.32065582	0.00270989
43.34449768	0.00077135
43.36833954	0.00105041
43.39218140	0.00161776
43.41602325	0.00076257
43.43986511	0.00032593
43.46370697	0.00048805
43.48754883	0.00076333
43.51139069	0.00050298
43.53523254	0.00061053
43.55907440	0.00076129
43.58291626	0.00065471
43.60675812	0.00184460
43.63059998	0.00937096
43.65444183	0.01560946
43.67828369	0.00924036
43.70212555	0.00124320
43.72596741	0.00048618
43.74980927	0.00038948
43.77365112	0.00004649
43.79749298	0.00056400
43.82133484	0.00100181
43.84517670	0.00103000
43.86901855	0.00060016
43.89286041	0.00026216
43.91670227	0.00022473
43.94054413	0.00007356
43.96438599	0.00504358
43.98822784	0.01637307
44.01206970	0.01720195
44.03591156	0.00615501
44.05975342	0.00054822
44.08359528	0.00051970
44.10743713	0.00066523
44.13127899	0.00037702
44.15512085	0.00075495
44.17896271	0.00084641
44.20280457	0.00066579
44.22664642	0.00039888
44.25048828	0.00131094
44.27433014	0.00165107
44.29817200	0.00047016
44.32201385	0.00144908
44.34585571	0.00300575
44.36969757	0.00181387
44.39353943	0.00057753
44.41738129	0.00108809
44.44122314	0.00100984
44.46506500	0.00055303
44.48890686	0.00027361
44.51274872	0.00028873
44.53659058	0.00016730
44.56043243	0.00014846
44.58427429	0.00112860
44.60811615	0.00241953
44.63195801	0.00177534
44.65579987	0.00050267
44.67964172	0.00062484
44.70348358	0.00065256
44.72732544	0.00064925
44.75116730	0.00076928
44.77500916	0.00132102
44.79885101	0.00100730
44.82269287	0.00049783
44.84653473	0.00022998
44.87037659	0.00058100
44.89421844	0.00046196
44.91806030	0.00085961
44.94190216	0.00213592
44.96574402	0.00261041
44.98958588	0.00132398
45.01342773	0.00106686
45.03726959	0.00208878
45.06111145	0.00175170
45.08495331	0.00081387
45.10879517	0.00069488
45.13263702	0.00066762
45.15647888	0.00027062
45.18032074	0.00039977
45.20416260	0.00085674
45.22800446	0.00126972
45.25184631	0.00071660
45.27568817	0.00041323
45.29953003	0.00045910
45.32337189	0.00053431
45.34721375	0.00052970
45.37105560	0.00164150
45.39489746	0.00188038
45.41873932	0.00082825
45.44258118	0.00014494
45.46642303	0.00028385
45.49026489	0.00043200
45.51410675	0.00019823
45.53794861	0.00076157
45.56179047	0.00120998
45.58563232	0.00115588
45.60947418	0.00118240
45.63331604	0.00632232
45.65715790	0.00959547
45.68099976	0.00487526
45.70484161	0.00047438
45.72868347	0.00138027
45.75252533	0.00103048
45.77636719	0.00036765
45.80020905	0.00067377
45.82405090	0.00101308
45.84789276	0.00094556
45.87173462	0.00049809
45.89557648	0.00072613
45.91941833	0.00061310
45.94326019	0.00060276
45.96710205	0.00607570
45.99094391	0.01680604
46.01478577	0.01581877
46.03862762	0.00508310
46.06246948	0.00042010
46.08631134	0.00028297
46.11015320	0.00025877
46.13399506	0.00038447
46.15783691	0.00090476
46.18167877	0.00105090
46.20552063	0.00055769
46.22936249	0.00014696
46.25320435	0.00044930
46.27704620	0.00064691
46.30088806	0.00011222
46.32472992	0.00332795
46.34857178	0.00575468
46.37241364	0.00341412
46.39625549	0.00080987
46.42009735	0.00066968
46.44393921	0.00075633
46.46778107	0.00056018
46.49162292	0.00039704
46.51546478	0.00071764
46.53930664	0.00057274
46.56314850	0.00044317
46.58699036	0.00111920
46.61083221	0.00234706
46.63467407	0.00164566
46.65851593	0.00026672
46.68235779	0.00144896
46.70619965	0.00143842
46.73004150	0.00035408
46.75388336	0.00078548
46.77772522	0.00129083
46.80156708	0.00109933
46.82540894	0.00053368
46.84925079	0.00029153
46.87309265	0.00014966
46.89693451	0.00008296
46.92077637	0.00082588
46.94461823	0.00280441
46.96846008	0.00337092
46.99230194	0.00140167
47.01614380	0.00048142
47.03998566	0.00063047
47.06382751	0.00069428
47.08766937	0.00043332
47.11151123	0.00076831
47.13535309	0.00087399
47.15919495	0.00050861
47.18303680	0.00023694
47.20687866	0.00052029
47.23072052	0.00088079
47.25456238	0.00065708
47.27840424	0.00192442
47.30224609	0.00366242
47.32608795	0.00284835
47.34992981	0.00088561
47.37377167	0.00137349
47.39761353	0.00155791
47.42145538	0.00093317
47.44529724	0.00045960
47.46913910	0.00057967
47.49298096	0.00036348
47.51682281	0.00049606
47.54066467	0.00074237
47.56450653	0.00130628
47.58834839	0.00115845
47.61219025	0.00035179
47.63603210	0.00064323
47.65987396	0.00063782
47.68371582	0.00058245
47.70755768	0.00094558
47.73139954	0.00180910
47.75524139	0.00145995
47.77908325	0.00064769
47.80292511	0.00019184
47.82676697	0.00042234
47.85060883	0.00044996
47.87445068	0.00069956
47.89829254	0.00138769
47.92213440	0.00160985
47.94597626	0.00117251
47.96981812	0.00488109
47.99365997	0.01096268
48.01750183	0.00920058
48.04134369	0.00272909
48.06518555	0.00074267
48.08902740	0.00104009
48.11286926	0.00051379
48.13671112	0.00056362
48.16055298	0.00095689
48.18439484	0.00118117
48.20823669	0.00065925
48.23207855	0.00041909
48.25592041	0.00048689
48.27976227	0.00039594
48.30360413	0.00080032
48.32744598	0.00389583
48.35128784	0.00568188
48.37512970	0.00310076
48.39897156	0.00067789
48.42281342	0.00023018
48.44665527	0.00026389
48.47049713	0.00024641
48.49433899	0.00063572
48.51818085	0.00111577
48.54202271	0.00104854
48.56586456	0.00044327
48.58970642	0.00044893
48.61354828	0.00102925
48.63739014	0.00042547
48.66123199	0.00108263
48.68507385	0.00309697
48.70891571	0.00278287
48.73275757	0.00085806
48.75659943	0.00043160
48.78044128	0.00051194
48.80428314	0.00057580
