Частота	A * B
(kГц)	(?)

0.00000000	0.31406750
0.02384186	0.13023710
0.04768372	0.03514206
0.07152557	0.05272238
0.09536743	0.05769293
0.11920929	0.03841214
0.14305115	0.03838800
0.16689301	0.05565415
0.19073486	0.04904066
0.21457672	0.03233256
0.23841858	0.04165819
0.26226044	0.05285081
0.28610229	0.03645049
0.30994415	0.02963673
0.33378601	0.04296606
0.35762787	0.04297239
0.38146973	0.02279292
0.40531158	0.02942630
0.42915344	0.03930056
0.45299530	0.02565815
0.47683716	0.01433431
0.50067902	0.02806977
0.52452087	0.02880347
0.54836273	0.01110118
0.57220459	0.01893982
0.59604645	0.01975586
0.61988831	0.03779833
0.64373016	0.04865966
0.66757202	0.02477316
0.69141388	0.06039893
0.71525574	0.18354960
0.73909760	0.16508760
0.76293945	0.08688931
0.78678131	0.28558020
0.81062317	0.47723720
0.83446503	0.28722050
0.85830688	0.05009932
0.88214874	0.11079090
0.90599060	0.12573850
0.92983246	0.04462829
0.95367432	0.03759483
0.97751617	0.07352282
1.00135803	0.05570839
1.02519989	0.00513593
1.04904175	0.03514778
1.07288361	0.04586621
1.09672546	0.02095550
1.12056732	0.01666242
1.14440918	0.02544942
1.16825104	0.02617102
1.19209290	0.02480358
1.21593475	0.02217763
1.23977661	0.01044816
1.26361847	0.03880620
1.28746033	0.04214617
1.31130219	0.01896250
1.33514404	0.03202006
1.35898590	0.07475111
1.38282776	0.05592636
1.40666962	0.01853792
1.43051147	0.09988332
1.45435333	0.13455760
1.47819519	0.06601816
1.50203705	0.18008280
1.52587891	0.49257340
1.54972076	0.44870700
1.57356262	0.15159890
1.59740448	0.11740540
1.62124634	0.19681120
1.64508820	0.11612700
1.66893005	0.00111583
1.69277191	0.04432255
1.71661377	0.04965237
1.74045563	0.02265333
1.76429749	0.02104800
1.78813934	0.01259429
1.81198120	0.02318585
1.83582306	0.02958736
1.85966492	0.02115819
1.88350677	0.01265556
1.90734863	0.03731377
1.93119049	0.03452113
1.95503235	0.02168327
1.97887421	0.03359789
2.00271606	0.04742297
2.02655792	0.03448906
2.05039978	0.02872677
2.07424164	0.04978285
2.09808350	0.05041567
2.12192535	0.03342351
2.14576721	0.04070798
2.16960907	0.06065833
2.19345093	0.04828122
2.21729279	0.03514151
2.24113464	0.05573011
2.26497650	0.06762145
2.28881836	0.04425490
2.31266022	0.07382233
2.33650208	0.20271960
2.36034393	0.18635420
2.38418579	0.05524722
2.40802765	0.03965259
2.43186951	0.05152000
2.45571136	0.04234974
2.47955322	0.03409043
2.50339508	0.04625783
2.52723694	0.05257012
2.55107880	0.03667351
2.57492065	0.03476899
2.59876251	0.04917840
2.62260437	0.04478924
2.64644623	0.02943653
2.67028809	0.03647409
2.69412994	0.04621664
2.71797180	0.03102254
2.74181366	0.02525297
2.76565552	0.03643805
2.78949738	0.03554788
2.81333923	0.01339968
2.83718109	0.02450902
2.86102295	0.03097197
2.88486481	0.01956217
2.90870667	0.01146464
2.93254852	0.02170649
2.95639038	0.02606930
2.98023224	0.04602633
3.00407410	0.03659616
3.02791595	0.01443712
3.05175781	0.14050500
3.07559967	0.19765920
3.09944153	0.10220480
3.12328339	0.15617460
3.14712524	0.39033810
3.17096710	0.36446920
3.19480896	0.10750750
3.21865082	0.07688875
3.24249268	0.13028310
3.26633453	0.08119568
3.29017639	0.02114890
3.31401825	0.06180365
3.33786011	0.07144322
3.36170197	0.02290050
3.38554382	0.02481080
3.40938568	0.04562491
3.43322754	0.03560102
3.45706940	0.00783611
3.48091125	0.02422310
3.50475311	0.02733452
3.52859497	0.02452421
3.55243683	0.02332883
3.57627869	0.01496719
3.60012054	0.02637830
3.62396240	0.04446227
3.64780426	0.03045533
3.67164612	0.00768456
3.69548798	0.06308708
3.71932983	0.07031332
3.74317169	0.02934738
3.76701355	0.06147539
3.79085541	0.13845230
3.81469727	0.10436070
3.83853912	0.08296970
3.86238098	0.42574560
3.88622284	0.59621410
3.91006470	0.30141530
3.93390656	0.09048834
3.95774841	0.17579990
3.98159027	0.16530600
4.00543213	0.03908435
4.02927399	0.03348505
4.05311584	0.05509119
4.07695770	0.03556717
4.10079956	0.01847560
4.12464142	0.01873249
4.14848328	0.01709621
4.17232513	0.02874537
4.19616699	0.02585331
4.22000885	0.00855893
4.24385071	0.02886737
4.26769257	0.03843586
4.29153442	0.02636560
4.31537628	0.02232080
4.33921814	0.04602037
4.36306000	0.04160482
4.38690186	0.02716394
4.41074371	0.04039815
4.43458557	0.05631039
4.45842743	0.04036923
4.48226929	0.03292666
4.50611115	0.05765910
4.52995300	0.06033079
4.55379486	0.03807784
4.57763672	0.04707542
4.60147858	0.07697453
4.62532043	0.06214014
4.64916229	0.04223300
4.67300415	0.15315870
4.69684601	0.21894180
4.72068787	0.10656830
4.74452972	0.03055862
4.76837158	0.04131271
4.79221344	0.04203420
4.81605530	0.03426028
4.83989716	0.03774558
4.86373901	0.04965141
4.88758087	0.04241868
4.91142273	0.03255386
4.93526459	0.04192106
4.95910645	0.04872449
4.98294830	0.03432782
5.00679016	0.03165682
5.03063202	0.04342635
5.05447388	0.03991195
5.07831573	0.02482061
5.10215759	0.03186470
5.12599945	0.03935823
5.14984131	0.02332840
5.17368317	0.01940206
5.19752502	0.03003923
5.22136688	0.02780654
5.24520874	0.00424293
5.26905060	0.02040240
5.29289246	0.02172991
5.31673431	0.03746582
5.34057617	0.04117507
5.36441803	0.01560540
5.38825989	0.08381600
5.41210175	0.19756130
5.43594360	0.15069680
5.45978546	0.08671112
5.48362732	0.26979710
5.50746918	0.38285950
5.53131104	0.19298190
5.55515289	0.04689736
5.57899475	0.11396620
5.60283661	0.11075550
5.62667847	0.03173155
5.65052032	0.04484976
5.67436218	0.07474686
5.69820404	0.04713740
5.72204590	0.01138861
5.74588776	0.03958470
5.76972961	0.04571896
5.79357147	0.01460434
5.81741333	0.01928086
5.84125519	0.02794965
5.86509705	0.02631829
5.88893890	0.02204856
5.91278076	0.02061679
5.93662262	0.01508295
5.96046448	0.04031607
5.98430634	0.03806583
6.00814819	0.01248425
6.03199005	0.04135696
6.05583191	0.07577676
6.07967377	0.04894222
6.10351563	0.02487002
6.12735748	0.11858700
6.15119934	0.13514710
6.17504120	0.05475247
6.19888306	0.30044690
6.22272491	0.67189890
6.24656677	0.52016470
6.27040863	0.14734410
6.29425049	0.13232230
6.31809235	0.19040630
6.34193420	0.09163048
6.36577606	0.01362472
6.38961792	0.05202543
6.41345978	0.05065688
6.43730164	0.01854279
6.46114349	0.02112965
6.48498535	0.01650529
6.50882721	0.02546276
6.53266907	0.02783382
6.55651093	0.01723393
6.58035278	0.01538012
6.60419464	0.03832482
6.62803650	0.03208020
6.65187836	0.01779441
6.67572021	0.03736309
6.69956207	0.04762838
6.72340393	0.03185178
6.74724579	0.02945004
6.77108765	0.05512859
6.79492950	0.05035968
6.81877136	0.03169720
6.84261322	0.04741273
6.86645508	0.06844186
6.89029694	0.04869226
6.91413879	0.03813497
6.93798065	0.07494150
6.96182251	0.08320330
6.98566437	0.04729952
7.00950623	0.09458331
7.03334808	0.21404100
7.05718994	0.16600630
7.08103180	0.03969259
7.10487366	0.03322437
7.12871552	0.03623072
7.15255737	0.03465345
7.17639923	0.03338073
7.20024109	0.04265113
7.22408295	0.04511982
7.24792480	0.03470499
7.27176666	0.03548791
7.29560852	0.04679251
7.31945038	0.04083870
7.34329224	0.03067691
7.36713409	0.03776771
7.39097595	0.04428376
7.41481781	0.03010645
7.43865967	0.02818275
7.46250153	0.03775378
7.48634338	0.03350473
7.51018524	0.01694770
7.53402710	0.02727274
7.55786896	0.03176947
7.58171082	0.01522263
7.60555267	0.01376519
7.62939453	0.02287630
7.65323639	0.02797151
7.67707825	0.04010300
7.70092010	0.02928174
7.72476196	0.03209383
7.74860382	0.16348970
7.77244568	0.19293040
7.79628754	0.08810554
7.82012939	0.15938080
7.84397125	0.33796950
7.86781311	0.26822460
7.89165497	0.06503856
7.91549683	0.08498009
7.93933868	0.12261100
7.96318054	0.06371296
7.98702240	0.02762409
8.01086426	0.06635018
8.03470612	0.06607769
8.05854797	0.01533917
8.08238983	0.03009053
8.10623169	0.04814031
8.13007355	0.03090415
8.15391541	0.00938573
8.17775726	0.02663134
8.20159912	0.02909826
8.22544098	0.02165871
8.24928284	0.02185412
8.27312469	0.01486106
8.29696655	0.03049071
8.32080841	0.04176234
8.34465027	0.02559688
8.36849213	0.01626346
8.39233398	0.06866338
8.41617584	0.06539894
8.44001770	0.02035764
8.46385956	0.08091879
8.48770142	0.14798470
8.51154327	0.09435554
8.53538513	0.16219070
8.55922699	0.64145270
8.58306885	0.76058570
8.60691071	0.32222140
8.63075256	0.09754840
8.65459442	0.18200770
8.67843628	0.14398000
8.70227814	0.02045423
8.72612000	0.04185634
8.74996185	0.05975308
8.77380371	0.03117868
8.79764557	0.01833465
8.82148743	0.02028132
8.84532928	0.02178526
8.86917114	0.02774448
8.89301300	0.02343375
8.91685486	0.00277584
8.94069672	0.03197598
8.96453857	0.03681382
8.98838043	0.02260469
9.01222229	0.02414927
9.03606415	0.04845948
9.05990601	0.03942218
9.08374786	0.02460043
9.10758972	0.04591884
9.13143158	0.05861977
9.15527344	0.03817150
9.17911530	0.03546009
9.20295715	0.06749494
9.22679901	0.06325960
9.25064087	0.03732601
9.27448273	0.06212741
9.29832458	0.09847382
9.32216644	0.06910701
9.34600830	0.05279546
9.36985016	0.17401570
9.39369202	0.20974200
9.41753387	0.08338287
9.44137573	0.02708723
9.46521759	0.02860426
9.48905945	0.03138524
9.51290131	0.03237270
9.53674316	0.03591084
9.56058502	0.04297460
9.58442688	0.03812175
9.60826874	0.03283454
9.63211060	0.04108306
9.65595245	0.04457487
9.67979431	0.03371822
9.70363617	0.03310372
9.72747803	0.04299325
9.75131989	0.03751295
9.77516174	0.02736819
9.79900360	0.03373291
9.82284546	0.03872373
9.84668732	0.02286244
9.87052917	0.02359752
9.89437103	0.03168857
9.91821289	0.02595385
9.94205475	0.00322527
9.96589661	0.02242134
9.98973846	0.02371415
10.01358032	0.03436392
10.03742218	0.03353665
10.06126404	0.00757820
10.08510590	0.10855870
10.10894775	0.20642520
10.13278961	0.13370910
10.15663147	0.08897405
10.18047333	0.25191000
10.20431519	0.30450730
10.22815704	0.12781800
10.25199890	0.05416480
10.27584076	0.11389850
10.29968262	0.09456977
10.32352448	0.02458680
10.34736633	0.05109933
10.37120819	0.07383982
10.39505005	0.03814224
10.41889191	0.01803386
10.44273376	0.04358994
10.46657562	0.04392190
10.49041748	0.00775076
10.51425934	0.02226785
10.53810120	0.03044264
10.56194305	0.02485924
10.58578491	0.01970078
10.60962677	0.01970275
10.63346863	0.01985750
10.65731049	0.04009917
10.68115234	0.03373930
10.70499420	0.00560154
10.72883606	0.05002868
10.75267792	0.07451648
10.77651978	0.04095367
10.80036163	0.03865731
10.82420349	0.13608080
10.84804535	0.13200190
10.87188721	0.06493585
10.89572906	0.51222840
10.91957092	0.95017550
10.94341278	0.62337100
10.96725464	0.14591180
10.99109650	0.14565910
11.01493835	0.17884640
11.03878021	0.06815623
11.06262207	0.02469388
11.08646393	0.05912537
11.11030579	0.04898121
11.13414764	0.01483721
11.15798950	0.02219417
11.18183136	0.02122894
11.20567322	0.02622573
11.22951508	0.02595243
11.25335693	0.01293894
11.27719879	0.01981464
11.30104065	0.03836252
11.32488251	0.02916157
11.34872437	0.01450623
11.37256622	0.04154693
11.39640808	0.04674472
11.42024994	0.02857609
11.44409180	0.03237214
11.46793365	0.06009520
11.49177551	0.04901647
11.51561737	0.03011683
11.53945923	0.05673365
11.56330109	0.07509444
11.58714294	0.04758424
11.61098480	0.04569299
11.63482666	0.09937757
11.65866852	0.09716140
11.68251038	0.04956861
11.70635223	0.11650540
11.73019409	0.21955870
11.75403595	0.14293230
11.77787781	0.02783884
11.80171967	0.02518280
11.82556152	0.02357779
11.84940338	0.03119730
11.87324524	0.03227725
11.89708710	0.03765846
11.92092896	0.03921569
11.94477081	0.03386942
11.96861267	0.03542926
11.99245453	0.04359473
12.01629639	0.03835265
12.04013824	0.03182046
12.06398010	0.03831229
12.08782196	0.04209063
12.11166382	0.03071694
12.13550568	0.03041155
12.15934753	0.03841897
12.18318939	0.03189622
12.20703125	0.02136838
12.23087311	0.02950382
12.25471497	0.03188476
12.27855682	0.01185087
12.30239868	0.01767432
12.32624054	0.02433486
12.35008240	0.02774596
12.37392426	0.03251172
12.39776611	0.02262149
12.42160797	0.05233206
12.44544983	0.18376390
12.46929169	0.18299850
12.49313354	0.07643023
12.51697540	0.16001300
12.54081726	0.28891390
12.56465912	0.19458220
12.58850098	0.04517912
12.61234283	0.09033436
12.63618469	0.11209880
12.66002655	0.04858998
12.68386841	0.03437490
12.70771027	0.06930202
12.73155212	0.05908911
12.75539398	0.01192917
12.77923584	0.03487882
12.80307770	0.04938264
12.82691956	0.02508719
12.85076141	0.01336970
12.87460327	0.02926284
12.89844513	0.02968882
12.92228699	0.01805483
12.94612885	0.02112293
12.96997070	0.01648739
12.99381256	0.03300645
13.01765442	0.03813979
13.04149628	0.02061957
13.06533813	0.02561881
13.08917999	0.07200138
13.11302185	0.05912727
13.13686371	0.01299607
13.16070557	0.10181870
13.18454742	0.15365820
13.20838928	0.07971191
13.23223114	0.33003770
13.25607300	1.02261000
13.27991486	1.02920100
13.30375671	0.36066900
13.32759857	0.10720790
13.35144043	0.18322320
13.37528229	0.12083760
13.39912415	0.00644038
13.42296600	0.04992210
13.44680786	0.06214394
13.47064972	0.02518498
13.49449158	0.01940069
13.51833344	0.02339911
13.54217529	0.02486321
13.56601715	0.02610479
13.58985901	0.02087514
13.61370087	0.00512581
13.63754272	0.03431873
13.66138458	0.03457732
13.68522644	0.01808585
13.70906830	0.02803570
13.73291016	0.04987208
13.75675201	0.03651854
13.78059387	0.02278695
13.80443573	0.05234522
13.82827759	0.05948872
13.85211945	0.03520124
13.87596130	0.04098905
13.89980316	0.07759051
13.92364502	0.06422865
13.94748688	0.03740475
13.97132874	0.08443176
13.99517059	0.12082390
14.01901245	0.07344919
14.04285431	0.06692162
14.06669617	0.19151790
14.09053802	0.19509480
14.11437988	0.06173341
14.13822174	0.02373315
14.16206360	0.01549151
14.18590546	0.02637999
14.20974731	0.03115414
14.23358917	0.03276281
14.25743103	0.03650836
14.28127289	0.03583628
14.30511475	0.03278025
14.32895660	0.03916768
14.35279846	0.04110022
14.37664032	0.03394936
14.40048218	0.03393521
14.42432404	0.04182475
14.44816589	0.03630432
14.47200775	0.02970988
14.49584961	0.03504155
14.51969147	0.03773162
14.54353333	0.02452287
14.56737518	0.02689380
14.59121704	0.03292689
14.61505890	0.02391392
14.63890076	0.01040449
14.66274261	0.02451721
14.68658447	0.02500198
14.71042633	0.02852830
14.73426819	0.02678976
14.75811005	0.01276659
14.78195190	0.13359750
14.80579376	0.20955420
14.82963562	0.11537010
14.85347748	0.09220396
14.87731934	0.23112090
14.90116119	0.23840990
14.92500305	0.08369642
14.94884491	0.06184664
14.97268677	0.11064430
14.99652863	0.07831899
15.02037048	0.02401194
15.04421234	0.05626953
15.06805420	0.07083824
15.09189606	0.02967033
15.11573792	0.02396846
15.13957977	0.04691113
15.16342163	0.04055634
15.18726349	0.00085793
15.21110535	0.02533995
15.23494720	0.03250396
15.25878906	0.02184825
15.28263092	0.01833380
15.30647278	0.01963069
15.33031464	0.02390938
15.35415649	0.03829093
15.37799835	0.02947327
15.40184021	0.00433205
15.42568207	0.05729426
15.44952393	0.07118931
15.47336578	0.03187936
15.49720764	0.05682386
15.52104950	0.15112510
15.54489136	0.12504370
15.56873322	0.15661070
15.59257507	0.95170150
15.61641693	1.48007000
15.64025879	0.81840950
15.66410065	0.15230680
15.68794250	0.15632710
15.71178436	0.16284240
15.73562622	0.04669332
15.75946808	0.03442933
15.78330994	0.06502586
15.80715179	0.04478814
15.83099365	0.01295931
15.85483551	0.02439796
15.87867737	0.02550199
15.90251923	0.02558142
15.92636108	0.02414643
15.95020294	0.00900853
15.97404480	0.02432045
15.99788666	0.03742655
16.02172852	0.02575424
16.04557037	0.01365595
16.06941223	0.04539883
16.09325409	0.04482758
16.11709595	0.02470741
16.14093781	0.03758051
16.16477966	0.06405558
16.18862152	0.04648564
16.21246338	0.02976566
16.23630524	0.06804651
16.26014709	0.07997279
16.28398895	0.04517864
16.30783081	0.06051610
16.33167267	0.12812660
16.35551453	0.10860860
16.37935638	0.05236323
16.40319824	0.13839440
16.42704010	0.21889320
16.45088196	0.11846060
16.47472382	0.02026792
16.49856567	0.01641440
16.52240753	0.01665423
16.54624939	0.02980899
16.57009125	0.03045196
16.59393311	0.03170128
16.61777496	0.03543285
16.64161682	0.03336807
16.66545868	0.03447349
16.68930054	0.04012672
16.71314240	0.03728460
16.73698425	0.03255166
16.76082611	0.03807848
16.78466797	0.04023484
16.80850983	0.03222223
16.83235168	0.03197568
16.85619354	0.03848697
16.88003540	0.03147513
16.90387726	0.02552460
16.92771912	0.03126089
16.95156097	0.03146970
16.97540283	0.01243781
16.99924469	0.02168691
17.02308655	0.02581381
17.04692841	0.02501381
17.07077026	0.02430766
17.09461212	0.01691669
17.11845398	0.07485846
17.14229584	0.20008530
17.16613770	0.16859720
17.18997955	0.06814241
17.21382141	0.15727620
17.23766327	0.24248230
17.26150513	0.13849080
17.28534698	0.04171547
17.30918884	0.09299209
17.33303070	0.09953848
17.35687256	0.03699893
17.38071442	0.04044607
17.40455627	0.07043712
17.42839813	0.05110119
17.45223999	0.01423309
17.47608185	0.03918836
17.49992371	0.04915079
17.52376556	0.01871343
17.54760742	0.01776993
17.57144928	0.03191024
17.59529114	0.02886169
17.61913300	0.01447672
17.64297485	0.02108863
17.66681671	0.01920416
17.69065857	0.03378108
17.71450043	0.03402801
17.73834229	0.01568557
17.76218414	0.03481199
17.78602600	0.07284854
17.80986786	0.05184374
17.83370972	0.01659127
17.85755157	0.12306220
17.88139343	0.15508690
17.90523529	0.06936169
17.92907715	0.76610330
17.95291901	1.91557400
17.97676086	1.63690300
18.00060272	0.46421650
18.02444458	0.11818670
18.04828644	0.17938050
18.07212830	0.09712470
18.09597015	0.01223713
18.11981201	0.05745631
18.14365387	0.06201861
18.16749573	0.01823401
18.19133759	0.02147155
18.21517944	0.02737040
18.23902130	0.02617650
18.26286316	0.02421938
18.28670502	0.01836450
18.31054688	0.01133328
18.33438873	0.03554234
18.35823059	0.03189238
18.38207245	0.01285482
18.40591431	0.03302956
18.42975616	0.05004370
18.45359802	0.03295954
18.47743988	0.02307368
18.50128174	0.05886701
18.52512360	0.05881375
18.54896545	0.03167256
18.57280731	0.04988208
18.59664917	0.08698951
18.62049103	0.06319233
18.64433289	0.04113628
18.66817474	0.11415050
18.69201660	0.14269980
18.71585846	0.07532224
18.73970032	0.08400866
18.76354218	0.20452190
18.78738403	0.17595430
18.81122589	0.04244764
18.83506775	0.02050942
18.85890961	0.00391193
18.88275146	0.02548931
18.90659332	0.02984703
18.93043518	0.02828985
18.95427704	0.03130069
18.97811890	0.03477751
19.00196075	0.03218960
19.02580261	0.03636071
19.04964447	0.03884585
19.07348633	0.03435900
19.09732819	0.03411347
19.12117004	0.04027103
19.14501190	0.03641280
19.16885376	0.03148819
19.19269562	0.03578414
19.21653748	0.03693663
19.24037933	0.02761156
19.26422119	0.02934920
19.28806305	0.03371504
19.31190491	0.02291632
19.33574677	0.01711395
19.35958862	0.02646048
19.38343048	0.02504642
19.40727234	0.02026501
19.43111420	0.02200050
19.45495605	0.02725407
19.47879791	0.15770560
19.50263977	0.20675340
19.52648163	0.09699480
19.55032349	0.09494025
19.57416534	0.20746340
19.59800720	0.18286700
19.62184906	0.05616123
19.64569092	0.06778712
19.66953278	0.10445150
19.69337463	0.06314493
19.71721649	0.02755017
19.74105835	0.06019120
19.76490021	0.06598982
19.78874207	0.02293935
19.81258392	0.02915115
19.83642578	0.04927047
19.86026764	0.03589970
19.88410950	0.00590432
19.90795135	0.02835880
19.93179321	0.03376634
19.95563507	0.01746842
19.97947693	0.01817650
20.00331879	0.02053815
20.02716064	0.02674789
20.05100250	0.03512174
20.07484436	0.02557814
20.09868622	0.01228248
20.12252808	0.06238834
20.14636993	0.06634450
20.17021179	0.02130528
20.19405365	0.07813245
20.21789551	0.16228250
20.24173737	0.11228210
20.26557922	0.53735530
20.28942108	2.37631700
20.31326294	3.12013500
20.33710480	1.44109200
20.36094666	0.18926460
20.38478851	0.16377600
20.40863037	0.14311990
20.43247223	0.02848348
20.45631409	0.04301744
20.48015594	0.06935532
20.50399780	0.03829720
20.52783966	0.01376405
20.55168152	0.02774764
20.57552338	0.02857464
20.59936523	0.02382000
20.62320709	0.02260215
20.64704895	0.00759936
20.67089081	0.02799665
20.69473267	0.03569009
20.71857452	0.02179003
20.74241638	0.01646866
20.76625824	0.04834078
20.79010010	0.04202059
20.81394196	0.02049998
20.83778381	0.04445940
20.86162567	0.06656098
20.88546753	0.04289347
20.90930939	0.03226558
20.93315125	0.08042909
20.95699310	0.08264270
20.98083496	0.04205126
21.00467682	0.08435009
21.02851868	0.16011330
21.05236053	0.11692440
21.07620239	0.05724967
21.10004425	0.15895120
21.12388611	0.21208760
21.14772797	0.09386563
21.17156982	0.01720364
21.19541168	0.01017296
21.21925354	0.01747154
21.24309540	0.02887926
21.26693726	0.02773216
21.29077911	0.02550722
21.31462097	0.03367970
21.33846283	0.03272288
21.36230469	0.03254521
21.38614655	0.03708680
21.40998840	0.03715875
21.43383026	0.03274869
21.45767212	0.03713377
21.48151398	0.03927809
21.50535583	0.03390323
21.52919769	0.03292507
21.55303955	0.03819234
21.57688141	0.03264457
21.60072327	0.02892568
21.62456512	0.03258213
21.64840698	0.03104221
21.67224884	0.01718600
21.69609070	0.02517989
21.71993256	0.02701160
21.74377441	0.01976606
21.76761627	0.01743523
21.79145813	0.01372020
21.81529999	0.09905976
21.83914185	0.21140110
21.86298370	0.15075450
21.88682556	0.06340660
21.91066742	0.15077440
21.93450928	0.19895430
21.95835114	0.09686235
21.98219299	0.04529821
22.00603485	0.09293365
22.02987671	0.08588704
22.05371857	0.03002096
22.07756042	0.04563802
22.10140228	0.06963340
22.12524414	0.04291858
22.14908600	0.01907588
22.17292786	0.04293641
22.19676971	0.04739468
22.22061157	0.01270914
22.24445343	0.02196692
22.26829529	0.03425584
22.29213715	0.02659554
22.31597900	0.01214141
22.33982086	0.02156929
22.36366272	0.02214189
22.38750458	0.03293639
22.41134644	0.02969982
22.43518829	0.01154581
22.45903015	0.04349052
22.48287201	0.07083761
22.50671387	0.04413020
22.53055573	0.03031361
22.55439758	0.14413110
22.57823944	0.15202740
22.60208130	0.37351630
22.62592316	3.57671500
22.64976501	7.37142800
22.67360687	5.33751200
22.69744873	1.17707400
22.72129059	0.13025920
22.74513245	0.17151930
22.76897430	0.07360767
22.79281616	0.02414178
22.81665802	0.06368584
22.84049988	0.05969106
22.86434174	0.01094927
22.88818359	0.02412575
22.91202545	0.03152038
22.93586731	0.02573488
22.95970917	0.02239636
22.98355103	0.01639310
23.00739288	0.01717964
23.03123474	0.03550090
23.05507660	0.02892038
23.07891846	0.00730389
23.10276031	0.03814726
23.12660217	0.04893817
23.15044403	0.02875741
23.17428589	0.02650978
23.19812775	0.06469749
23.22196960	0.05666188
23.24581146	0.02809769
23.26965332	0.06172272
23.29349518	0.09484471
23.31733704	0.06020849
23.34117889	0.05264315
23.36502075	0.15112970
23.38886261	0.16289220
23.41270447	0.07523913
23.43654633	0.10308460
23.46038818	0.21213400
23.48423004	0.15352340
23.50807190	0.02620054
23.53191376	0.01875906
23.55575562	0.00987853
23.57959747	0.02595945
23.60343933	0.02817013
23.62728119	0.02263577
23.65112305	0.02824170
23.67496490	0.03414984
23.69880676	0.03091475
23.72264862	0.03306808
23.74649048	0.03797836
23.77033234	0.03447972
23.79417419	0.03362601
23.81801605	0.03883943
23.84185791	0.03749828
23.86569977	0.03259951
23.88954163	0.03597137
23.91338348	0.03702747
23.93722534	0.03109031
23.96106720	0.03108943
23.98490906	0.03416257
24.00875092	0.02428249
24.03259277	0.02301229
24.05643463	0.02809560
24.08027649	0.02377023
24.10411835	0.01028147
24.12796021	0.01973080
24.15180206	0.04514204
24.17564392	0.17964900
24.19948578	0.19814270
24.22332764	0.07997975
24.24716949	0.09597724
24.27101135	0.18158100
24.29485321	0.13700290
24.31869507	0.04252526
24.34253693	0.07151283
24.36637878	0.09594297
24.39022064	0.05004318
24.41406250	0.03204753
24.43790436	0.06290979
24.46174622	0.05944421
24.48558807	0.01972095
24.50942993	0.03369475
24.53327179	0.05044499
24.55711365	0.03042335
24.58095551	0.01157347
24.60479736	0.03187926
24.62863922	0.03300579
24.65248108	0.01293144
24.67632294	0.02038608
24.70016479	0.02093767
24.72400665	0.02720365
24.74784851	0.03383470
24.77169037	0.01899941
24.79553223	0.01589469
24.81937408	0.07089739
24.84321594	0.05436228
24.86705780	0.02361821
24.89089966	0.09451827
24.91474152	0.18326500
24.93858337	0.24250500
24.96242523	5.46888900
24.98626709	18.69118000
25.01010895	20.80339000
25.03395081	7.91053100
25.05779266	0.49727420
25.08163452	0.15774390
25.10547638	0.13288580
25.12931824	0.01030882
25.15316010	0.05751718
25.17700195	0.06568680
25.20084381	0.03537446
25.22468567	0.01950329
25.24852753	0.02883147
25.27236938	0.03149733
25.29621124	0.02243800
25.32005310	0.01998201
25.34389496	0.01020058
25.36773682	0.03137608
25.39157867	0.03268381
25.41542053	0.01767810
25.43926239	0.02170099
25.46310425	0.04997849
25.48694611	0.03846030
25.51078796	0.01662926
25.53462982	0.05241576
25.55847168	0.06709482
25.58231354	0.03857832
25.60615540	0.03893701
25.62999725	0.09272005
25.65383911	0.08301979
25.67768097	0.03983963
25.70152283	0.11833920
25.72536469	0.19411280
25.74920654	0.12183600
25.77304840	0.06534453
25.79689026	0.17697230
25.82073212	0.19950610
25.84457397	0.07034438
25.86841583	0.01791585
25.89225769	0.01350591
25.91609955	0.02141437
25.93994141	0.02780077
25.96378326	0.02397296
25.98762512	0.02028627
26.01146698	0.03323860
26.03530884	0.03169106
26.05915070	0.02969879
26.08299255	0.03510933
26.10683441	0.03738325
26.13067627	0.03234227
26.15451813	0.03572174
26.17835999	0.03952062
26.20220184	0.03520155
26.22604370	0.03332891
26.24988556	0.03795419
26.27372742	0.03520005
26.29756927	0.03140623
26.32141113	0.03350019
26.34525299	0.03151469
26.36909485	0.02343987
26.39293671	0.02798274
26.41677856	0.02770071
26.44062042	0.01300447
26.46446228	0.01534053
26.48830414	0.01669839
26.51214600	0.12399380
26.53598785	0.21699390
26.55982971	0.13065210
26.58367157	0.06140605
26.60751343	0.14047340
26.63135529	0.15908770
26.65519714	0.06759082
26.67903900	0.04989983
26.70288086	0.09017667
26.72672272	0.07222793
26.75056458	0.02786892
26.77440643	0.04977616
26.79824829	0.06703747
26.82209015	0.03536914
26.84593201	0.02406717
26.86977386	0.04597606
26.89361572	0.04424803
26.91745758	0.00920241
26.94129944	0.02566386
26.96514130	0.03622971
26.98898315	0.02267388
27.01282501	0.01203804
27.03666687	0.02295578
27.06050873	0.02440620
27.08435059	0.03007022
27.10819244	0.02660363
27.13203430	0.00985324
27.15587616	0.04931232
27.17971802	0.06818347
27.20355988	0.03396224
27.22740173	0.05035372
27.25124359	0.15998960
27.27508545	0.14604050
27.29892731	0.42949540
27.32276917	2.60987000
27.34661102	4.49473700
27.37045288	2.74498500
27.39429474	0.43676620
27.41813660	0.13556440
27.44197845	0.15605910
27.46582031	0.05377552
27.48966217	0.03305348
27.51350403	0.07022149
27.53734589	0.05351930
27.56118774	0.00673995
27.58502960	0.02829913
27.60887146	0.03438598
27.63271332	0.02379655
27.65655518	0.02146236
27.68039703	0.01528173
27.70423889	0.02179433
27.72808075	0.03458054
27.75192261	0.02555854
27.77576447	0.00478040
27.79960632	0.04261314
27.82344818	0.04669071
27.84729004	0.02384548
27.87113190	0.03270700
27.89497375	0.06931519
27.91881561	0.05308181
27.94265747	0.02589659
27.96649933	0.07566831
27.99034119	0.10044420
28.01418304	0.05546061
28.03802490	0.07517722
28.06186676	0.19514200
28.08570862	0.18032870
28.10955048	0.07418244
28.13339233	0.12291120
28.15723419	0.21386260
28.18107605	0.12908110
28.20491791	0.01413402
28.22875977	0.02055940
28.25260162	0.01932026
28.27644348	0.02600417
28.30028534	0.02606858
28.32412720	0.01607259
28.34796906	0.02755108
28.37181091	0.03338103
28.39565277	0.02886043
28.41949463	0.02996408
28.44333649	0.03811449
28.46717834	0.03416898
28.49102020	0.03239470
28.51486206	0.03818548
28.53870392	0.03895197
28.56254578	0.03300669
28.58638763	0.03583040
28.61022949	0.03837636
28.63407135	0.03427919
28.65791321	0.03217778
28.68175507	0.03471887
28.70559692	0.02834529
28.72943878	0.02772485
28.75328064	0.02953357
28.77712250	0.02185034
28.80096436	0.00416684
28.82480621	0.01985086
28.84864807	0.06584655
28.87248993	0.19790400
28.89633179	0.18457350
28.92017365	0.06525717
28.94401550	0.09458458
28.96785736	0.15434320
28.99169922	0.10051940
29.01554108	0.03858746
29.03938293	0.07327712
29.06322479	0.08548302
29.08706665	0.04022730
29.11090851	0.03662492
29.13475037	0.06362487
29.15859222	0.05257879
29.18243408	0.01973580
29.20627594	0.03756031
29.23011780	0.05023927
29.25395966	0.02489316
29.27780151	0.01733053
29.30164337	0.03415801
29.32548523	0.03242251
29.34932709	0.00657223
29.37316895	0.02111828
29.39701080	0.02387317
29.42085266	0.02719967
29.44469452	0.02790940
29.46853638	0.01813739
29.49237823	0.02749192
29.51622009	0.06723107
29.54006195	0.05088140
29.56390381	0.01099675
29.58774567	0.12162760
29.61158752	0.17553640
29.63542938	0.11968130
29.65927124	0.81976180
29.68311310	2.25464600
29.70695496	2.13029100
29.73079681	0.65160600
29.75463867	0.08541016
29.77848053	0.16191430
29.80232239	0.10185380
29.82616425	0.01063822
29.85000610	0.05999596
29.87384796	0.06904170
29.89768982	0.02294994
29.92153168	0.02143058
29.94537354	0.03500652
29.96921539	0.03031608
29.99305725	0.01947012
30.01689911	0.02018843
30.04074097	0.01474694
30.06458282	0.03180461
30.08842468	0.03046730
30.11226654	0.01226021
30.13610840	0.02772373
30.15995026	0.05021432
30.18379211	0.03433746
30.20763397	0.01569398
30.23147583	0.05976882
30.25531769	0.06623121
30.27915955	0.03312684
30.30300140	0.04968348
30.32684326	0.10423510
30.35068512	0.08071175
30.37452698	0.04368204
30.39836884	0.16331470
30.42221069	0.22907580
30.44605255	0.12329960
30.46989441	0.07713798
30.49373627	0.19101430
30.51757813	0.18219640
30.54141998	0.04856712
30.56526184	0.02098374
30.58910370	0.02216158
30.61294556	0.02457890
30.63678741	0.02633197
30.66062927	0.01934468
30.68447113	0.01758332
30.70831299	0.03318670
30.73215485	0.03021390
30.75599670	0.02605726
30.77983856	0.03464882
30.80368042	0.03737329
30.82752228	0.03134051
30.85136414	0.03428994
30.87520599	0.04076204
30.89904785	0.03590911
30.92288971	0.03315042
30.94673157	0.03843932
30.97057343	0.03844002
30.99441528	0.03294338
31.01825714	0.03418466
31.04209900	0.03379022
31.06594086	0.02963432
31.08978271	0.03006404
31.11362457	0.02813832
31.13746643	0.01037146
31.16130829	0.01899957
31.18515015	0.02635641
31.20899200	0.14854640
31.23283386	0.21644360
31.25667572	0.10965130
31.28051758	0.06058620
31.30435944	0.12678440
31.32820129	0.12369530
31.35204315	0.04917875
31.37588501	0.05347768
31.39972687	0.08499550
31.42356873	0.05959085
31.44741058	0.02902719
31.47125244	0.05285135
31.49509430	0.06276947
31.51893616	0.02962039
31.54277802	0.02852700
31.56661987	0.04808017
31.59046173	0.04005922
31.61430359	0.01060914
31.63814545	0.02906630
31.66198730	0.03719376
31.68582916	0.01785823
31.70967102	0.01429862
31.73351288	0.02443801
31.75735474	0.02564581
31.78119659	0.02644528
31.80503845	0.02353180
31.82888031	0.01273385
31.85272217	0.05425755
31.87656403	0.06235375
31.90040588	0.02407762
31.92424774	0.07152387
31.94808960	0.17496900
31.97193146	0.13600910
31.99577332	0.26053360
32.01961517	1.17213000
32.04345703	1.70153500
32.06729889	0.86949560
32.09114075	0.09431257
32.11498260	0.14249790
32.13882446	0.13995890
32.16266632	0.03503145
32.18650818	0.04238641
32.21035004	0.07353608
32.23419189	0.04659711
32.25803375	0.00843081
32.28187561	0.03219855
32.30571747	0.03656296
32.32955933	0.02063630
32.35340118	0.02085119
32.37724304	0.01611597
32.40108490	0.02533303
32.42492676	0.03262291
32.44876862	0.02209780
32.47261047	0.00954631
32.49645233	0.04590581
32.52029419	0.04349167
32.54413605	0.01825935
32.56797791	0.04073746
32.59181976	0.07212701
32.61566162	0.04837702
32.63950348	0.02743558
32.66334534	0.09063701
32.68718719	0.10337870
32.71102905	0.04934622
32.73487091	0.11097170
32.75871277	0.24583230
32.78255463	0.19432410
32.80639648	0.07344384
32.83023834	0.14226470
32.85408020	0.20952010
32.87792206	0.10398850
32.90176392	0.01060414
32.92560577	0.02604903
32.94944763	0.02644090
32.97328949	0.02520913
32.99713135	0.02349879
33.02097321	0.00935405
33.04481506	0.02837849
33.06865692	0.03226226
33.09249878	0.02590738
33.11634064	0.02787559
33.14018250	0.03870875
33.16402435	0.03328625
33.18786621	0.03060194
33.21170807	0.03868379
33.23554993	0.04020092
33.25939178	0.03279151
33.28323364	0.03566134
33.30707550	0.04108373
33.33091736	0.03664620
33.35475922	0.03277240
33.37860107	0.03608613
33.40244293	0.03415342
33.42628479	0.03128104
33.45012665	0.03070396
33.47396851	0.02209313
33.49781036	0.01461204
33.52165222	0.02150268
33.54549408	0.08859810
33.56933594	0.21151860
33.59317780	0.16676300
33.61701965	0.05392618
33.64086151	0.09024279
33.66470337	0.12706380
33.68854523	0.07288964
33.71238708	0.03942210
33.73622894	0.07272098
33.76007080	0.07425807
33.78391266	0.03409475
33.80775452	0.04039834
33.83159637	0.06282941
33.85543823	0.04550647
33.87928009	0.02238216
33.90312195	0.04081440
33.92696381	0.04869857
33.95080566	0.02034290
33.97464752	0.02200813
33.99848938	0.03645530
34.02233124	0.02996272
34.04617310	0.00297565
34.07001495	0.02303612
34.09385681	0.02581257
34.11769867	0.02489961
34.14154053	0.02426066
34.16538239	0.01622781
34.18922424	0.03467402
34.21306610	0.06501468
34.23690796	0.04294429
34.26074982	0.02423922
34.28459167	0.14421670
34.30843353	0.17308110
34.33227539	0.10905010
34.35611725	0.55307750
34.37995911	1.25351300
34.40380096	1.00454300
34.42764282	0.23835710
34.45148468	0.10360250
34.47532654	0.15573590
34.49916840	0.07972240
34.52301025	0.02074642
34.54685211	0.06619599
34.57069397	0.06599998
34.59453583	0.01367785
34.61837769	0.02569708
34.64221954	0.03880951
34.66606140	0.02834201
34.68990326	0.01786597
34.71374512	0.02016712
34.73758698	0.01920168
34.76142883	0.03149998
34.78527069	0.02767671
34.80911255	0.00689440
34.83295441	0.03343492
34.85679626	0.04901569
34.88063812	0.02963784
34.90447998	0.01922069
34.92832184	0.06642221
34.95216370	0.06348801
34.97600555	0.02736018
34.99984741	0.06379414
35.02368927	0.11376270
35.04753113	0.07605915
35.07137299	0.06012932
35.09521484	0.22075440
35.11905670	0.26388790
35.14289856	0.12177710
35.16674042	0.09182309
35.19058228	0.20030960
35.21442413	0.16106400
35.23826599	0.02929213
35.26210785	0.02589026
35.28594971	0.03072334
35.30979156	0.02574361
35.33363342	0.02473015
35.35747528	0.01396189
35.38131714	0.01827594
35.40515900	0.03291242
35.42900085	0.02816787
35.45284271	0.02217763
35.47668457	0.03542781
35.50052643	0.03689579
35.52436829	0.02965890
35.54821014	0.03347865
35.57205200	0.04254708
35.59589386	0.03586941
35.61973572	0.03255316
35.64357758	0.04013884
35.66741943	0.04163184
35.69126129	0.03364173
35.71510315	0.03496131
35.73894501	0.03830334
35.76278687	0.03494916
35.78662872	0.03154944
35.81047058	0.02939126
35.83431244	0.01900468
35.85815430	0.02478074
35.88199615	0.04053470
35.90583801	0.17139630
35.92967987	0.20982740
35.95352173	0.08900398
35.97736359	0.05948885
36.00120544	0.11037140
36.02504730	0.09363415
36.04888916	0.03973283
36.07273102	0.05552771
36.09657288	0.07781043
36.12041473	0.04898141
36.14425659	0.03153233
36.16809845	0.05464552
36.19194031	0.05735385
36.21578217	0.02641464
36.23962402	0.03232344
36.26346588	0.04909239
36.28730774	0.03537868
36.31114960	0.01491904
36.33499146	0.03207809
36.35883331	0.03713311
36.38267517	0.01248481
36.40651703	0.01751836
36.43035889	0.02622335
36.45420074	0.02538038
36.47804260	0.02221249
36.50188446	0.02145063
36.52572632	0.01794135
36.54956818	0.05661039
36.57341003	0.05540553
36.59725189	0.01261878
36.62109375	0.09477498
36.64493561	0.18525670
36.66877747	0.12385070
36.69261932	0.22851240
36.71646118	0.81625520
36.74030304	1.00392300
36.76414490	0.42396120
36.78798676	0.05990321
36.81182861	0.14541510
36.83567047	0.12118240
36.85951233	0.02095508
36.88335419	0.05056743
36.90719604	0.07486954
36.93103790	0.03807445
36.95487976	0.01397217
36.97872162	0.03640677
37.00256348	0.03711011
37.02640533	0.01688142
37.05024719	0.02098207
37.07408905	0.01843902
37.09793091	0.02732918
37.12177277	0.03017959
37.14561462	0.01847443
37.16945648	0.01621525
37.19329834	0.04771362
37.21714020	0.03958661
37.24098206	0.01233940
37.26482391	0.04938917
37.28866577	0.07296218
37.31250763	0.04262296
37.33634949	0.03459281
37.36019135	0.10554550
37.38403320	0.10338180
37.40787506	0.04399664
37.43171692	0.16253240
37.45555878	0.30311290
37.47940063	0.20450920
37.50324249	0.07460200
37.52708435	0.15980840
37.55092621	0.19941740
37.57476807	0.07941383
37.59860992	0.01629669
37.62245178	0.03353223
37.64629364	0.03082031
37.67013550	0.02376409
37.69397736	0.02059670
37.71781921	0.00530120
37.74166107	0.02959614
37.76550293	0.03073679
37.78934479	0.02202950
37.81318665	0.02749296
37.83702850	0.03915921
37.86087036	0.03183537
37.88471222	0.02854963
37.90855408	0.04036710
37.93239594	0.04084896
37.95623779	0.03197931
37.98007965	0.03606502
38.00392151	0.04466363
38.02776337	0.03801475
38.05160522	0.03301967
38.07544708	0.03912340
38.09928894	0.04049827
38.12313080	0.03366582
38.14697266	0.03205512
38.17081451	0.02793700
38.19465637	0.02618902
38.21849823	0.02481452
38.24234009	0.11260480
38.26618195	0.21954540
38.29002380	0.14594720
38.31386566	0.04616766
38.33770752	0.08287957
38.36154938	0.10102030
38.38539124	0.05370413
38.40923309	0.04126322
38.43307495	0.06997886
38.45691681	0.06316590
38.48075867	0.03148549
38.50460052	0.04331370
38.52844238	0.06045285
38.55228424	0.03927235
38.57612610	0.02575538
38.59996796	0.04334190
38.62380981	0.04599921
38.64765167	0.01805811
38.67149353	0.02595147
38.69533539	0.03815832
38.71917725	0.02647381
38.74301910	0.00733008
38.76686096	0.02508723
38.79070282	0.02709711
38.81454468	0.02099173
38.83838654	0.02172327
38.86222839	0.01585407
38.88607025	0.04013157
38.90991211	0.06067762
38.93375397	0.03431474
38.95759583	0.04289082
38.98143768	0.16461800
39.00527954	0.16629140
39.02912140	0.10491580
39.05296326	0.45733900
39.07680511	0.86646960
39.10064697	0.58701550
39.12448883	0.10400690
39.14833069	0.11459920
39.17217255	0.14523110
39.19601440	0.05941801
39.21985626	0.03058782
39.24369812	0.07118960
39.26753998	0.06051119
39.29138184	0.00471103
39.31522369	0.03017299
39.33906555	0.04167198
39.36290741	0.02479551
39.38674927	0.01745869
39.41059113	0.02103705
39.43443298	0.02281875
39.45827484	0.03005859
39.48211670	0.02491806
39.50595856	0.00391102
39.52980042	0.03817753
39.55364227	0.04657297
39.57748413	0.02433275
39.60132599	0.02635993
39.62516785	0.07155800
39.64900970	0.05921828
39.67285156	0.02237465
39.69669342	0.08016219
39.72053528	0.12063690
39.74437714	0.06901290
39.76821899	0.09396024
39.79206085	0.29255020
39.81590271	0.29795860
39.83974457	0.11798790
39.86358643	0.10831940
39.88742828	0.20412630
39.91127014	0.13743790
39.93511200	0.01287547
39.95895386	0.03225975
39.98279572	0.03765766
40.00663757	0.02497771
40.03047943	0.02312060
40.05432129	0.00864884
40.07816315	0.02105954
40.10200500	0.03212424
40.12584686	0.02547143
40.14968872	0.01896840
40.17353058	0.03685741
40.19737244	0.03582804
40.22121429	0.02729225
40.24505615	0.03389877
40.26889801	0.04426667
40.29273987	0.03511127
40.31658173	0.03178841
40.34042358	0.04325287
40.36426544	0.04418076
40.38810730	0.03361685
40.41194916	0.03650307
40.43579102	0.04462354
40.45963287	0.03899556
40.48347473	0.03264629
40.50731659	0.03362433
40.53115845	0.03223340
40.55500031	0.03018910
40.57884216	0.05812514
40.60268402	0.19122070
40.62652588	0.19759970
40.65036774	0.06990260
40.67420959	0.05699771
40.69805145	0.09221310
40.72189331	0.06956977
40.74573517	0.03629735
40.76957703	0.05585898
40.79341888	0.06927813
40.81726074	0.04114899
40.84110260	0.03413519
40.86494446	0.05504747
40.88878632	0.05140866
40.91262817	0.02582721
40.93647003	0.03546304
40.96031189	0.04892172
40.98415375	0.03097830
41.00799561	0.01955281
41.03183746	0.03468077
41.05567932	0.03597814
41.07952118	0.00800565
41.10336304	0.02083497
41.12720490	0.02801612
41.15104675	0.02343832
41.17488861	0.01830037
41.19873047	0.02032925
41.22257233	0.02347092
41.24641418	0.05631132
41.27025604	0.04772674
41.29409790	0.00252758
41.31793976	0.11890120
41.34178162	0.19044860
41.36562347	0.11068500
41.38946533	0.21921780
41.41330719	0.64190320
41.43714905	0.67054860
41.46099091	0.22981880
41.48483276	0.07280313
41.50867462	0.14439410
41.53251648	0.10125250
41.55635834	0.01561954
41.58020020	0.05778307
41.60404205	0.07385562
41.62788391	0.02876001
41.65172577	0.01978004
41.67556763	0.04048855
41.69940948	0.03591154
41.72325134	0.01340427
41.74709320	0.02178402
41.77093506	0.02149720
41.79477692	0.02774958
41.81861877	0.02759412
41.84246063	0.01495336
41.86630249	0.02274705
41.89014435	0.04792811
41.91398621	0.03518027
41.93782806	0.00827513
41.96166992	0.05772237
41.98551178	0.07176614
42.00935364	0.03590274
42.03319550	0.04688930
42.05703735	0.11929640
42.08087921	0.10040200
42.10472107	0.04715789
42.12856293	0.23390080
42.15240479	0.36746890
42.17624664	0.21100350
42.20008850	0.07894312
42.22393036	0.17431240
42.24777222	0.18422200
42.27161407	0.05633038
42.29545593	0.02397356
42.31929779	0.04132631
42.34313965	0.03240013
42.36698151	0.02213694
42.39082336	0.01775007
42.41466522	0.00902077
42.43850708	0.03037625
42.46234894	0.02882560
42.48619080	0.01733149
42.51003265	0.02884664
42.53387451	0.03907587
42.55771637	0.02978849
42.58155823	0.02685495
42.60540009	0.04282875
42.62924194	0.04069941
42.65308380	0.03061892
42.67692566	0.03768704
42.70076752	0.04843078
42.72460938	0.03835557
42.74845123	0.03323099
42.77229309	0.04434541
42.79613495	0.04639784
42.81997681	0.03499928
42.84381866	0.03471804
42.86766052	0.03970770
42.89150238	0.03678939
42.91534424	0.03073088
42.93918610	0.13678630
42.96302795	0.22144660
42.98686981	0.12342530
43.01071167	0.04129134
43.03455353	0.07273243
43.05839539	0.07751234
43.08223724	0.04210015
43.10607910	0.04256051
43.12992096	0.06526800
43.15376282	0.05319686
43.17760468	0.03125936
43.20144653	0.04524722
43.22528839	0.05676569
43.24913025	0.03466627
43.27297211	0.02894384
43.29681396	0.04501190
43.32065582	0.04253483
43.34449768	0.01863355
43.36833954	0.02924868
43.39218140	0.03906615
43.41602325	0.02254707
43.43986511	0.01281840
43.46370697	0.02713927
43.48754883	0.02734893
43.51139069	0.01588093
43.53523254	0.02057355
43.55907440	0.01726924
43.58291626	0.04343297
43.60675812	0.05457233
43.63059998	0.02498600
43.65444183	0.06438903
43.67828369	0.18174690
43.70212555	0.15547370
43.72596741	0.10500120
43.74980927	0.40428850
43.77365112	0.64601460
43.79749298	0.36782390
43.82133484	0.05501643
43.84517670	0.12137180
43.86901855	0.13134960
43.89286041	0.04186438
43.91670227	0.03932257
43.94054413	0.07447214
43.96438599	0.05311301
43.98822784	0.00387504
44.01206970	0.03469409
44.03591156	0.04323523
44.05975342	0.01994868
44.08359528	0.01828512
44.10743713	0.02281793
44.13127899	0.02515613
44.15512085	0.02781649
44.17896271	0.02232223
44.20280457	0.00820711
44.22664642	0.04152074
44.25048828	0.04316200
44.27433014	0.01832084
44.29817200	0.03519739
44.32201385	0.07473167
44.34585571	0.05365816
44.36969757	0.02157889
44.39353943	0.09765784
44.41738129	0.12434040
44.44122314	0.05974863
44.46506500	0.14944740
44.48890686	0.38198160
44.51274872	0.33138600
44.53659058	0.11300030
44.56043243	0.12530810
44.58427429	0.20216720
44.60811615	0.11264280
44.63195801	0.00444543
44.65579987	0.03962097
44.67964172	0.04226359
44.70348358	0.02278015
44.72732544	0.02168435
44.75116730	0.00649384
44.77500916	0.02410524
44.79885101	0.03080779
44.82269287	0.02203227
44.84653473	0.01773089
44.87037659	0.03824748
44.89421844	0.03417565
44.91806030	0.02434249
44.94190216	0.03580006
44.96574402	0.04542580
44.98958588	0.03368127
45.01342773	0.03138450
45.03726959	0.04749198
45.06111145	0.04571765
45.08495331	0.03301736
45.10879517	0.03968503
45.13263702	0.05185000
45.15647888	0.04160057
45.18032074	0.03384965
45.20416260	0.04290872
45.22800446	0.04649454
45.25184631	0.03448710
45.27568817	0.07839277
45.29953003	0.20679090
45.32337189	0.18058480
45.34721375	0.05336486
45.37105560	0.05247306
45.39489746	0.07348008
45.41873932	0.05193509
45.44258118	0.03560197
45.46642303	0.05439360
45.49026489	0.06023099
45.51410675	0.03632595
45.53794861	0.03628444
45.56179047	0.05403176
45.58563232	0.04568158
45.60947418	0.02699924
45.63331604	0.03794247
45.65715790	0.04762577
45.68099976	0.02774461
45.70484161	0.02367771
45.72868347	0.03678991
45.75252533	0.03388426
45.77636719	0.00792457
45.80020905	0.02387875
45.82405090	0.02949405
45.84789276	0.01983448
45.87173462	0.01586907
45.89557648	0.02014179
45.91941833	0.02821122
45.94326019	0.05341910
45.96710205	0.03977117
45.99094391	0.01709625
46.01478577	0.14271210
46.03862762	0.19024830
46.06246948	0.09788866
46.08631134	0.21635410
46.11015320	0.52809660
46.13399506	0.46869100
46.15783691	0.12757020
46.18167877	0.08537893
46.20552063	0.13944570
46.22936249	0.08143531
46.25320435	0.02046280
46.27704620	0.06390274
46.30088806	0.07047876
46.32472992	0.01945699
46.34857178	0.02527153
46.37241364	0.04402978
46.39625549	0.03297856
46.42009735	0.01150718
46.44393921	0.02320878
46.46778107	0.02446722
46.49162292	0.02670290
46.51546478	0.02519100
46.53930664	0.01222245
46.56314850	0.02848409
46.58699036	0.04662362
46.61083221	0.03039766
46.63467407	0.01142450
46.65851593	0.06495757
46.68235779	0.06866357
46.70619965	0.02831545
46.73004150	0.06292578
46.75388336	0.13087830
46.77772522	0.09444951
46.80156708	0.07191560
46.82540894	0.33182880
46.84925079	0.44079030
46.87309265	0.21448340
46.89693451	0.08689853
46.92077637	0.18472130
46.94461823	0.16491970
46.96846008	0.03542638
46.99230194	0.03182890
47.01614380	0.04823615
47.03998566	0.03138841
47.06382751	0.02080941
47.08766937	0.01580076
47.11151123	0.01481103
47.13535309	0.03034818
47.15919495	0.02654312
47.18303680	0.01220058
47.20687866	0.03127164
47.23072052	0.03828665
47.25456238	0.02708968
47.27840424	0.02636294
47.30224609	0.04544777
47.32608795	0.03971318
47.34992981	0.02884170
47.37377167	0.04092564
47.39761353	0.05172261
47.42145538	0.03773993
47.44529724	0.03401681
47.46913910	0.05161049
47.49298096	0.05117069
47.51682281	0.03550153
47.54066467	0.04066770
47.56450653	0.05548644
47.58834839	0.04569362
47.61219025	0.04017224
47.63603210	0.15988810
47.65987396	0.21709610
47.68371582	0.10050410
47.70755768	0.03787989
47.73139954	0.06033875
47.75524139	0.05777210
47.77908325	0.03630697
47.80292511	0.04275259
47.82676697	0.05901145
47.85060883	0.04520767
47.87445068	0.03207503
47.89829254	0.04607673
47.92213440	0.05223442
47.94597626	0.03210722
47.96981812	0.03161597
47.99365997	0.04571485
48.01750183	0.03889575
48.04134369	0.02117557
48.06518555	0.03197785
48.08902740	0.03907641
48.11286926	0.01918294
48.13671112	0.01779984
48.16055298	0.02909134
48.18439484	0.02634249
48.20823669	0.01031898
48.23207855	0.02069734
48.25592041	0.01990186
48.27976227	0.04420626
48.30360413	0.04730974
48.32744598	0.01469776
48.35128784	0.08793119
48.37512970	0.19454070
48.39897156	0.14144750
48.42281342	0.10816770
48.44665527	0.36554320
48.47049713	0.49533480
48.49433899	0.23499120
48.51818085	0.05047723
48.54202271	0.12460480
48.56586456	0.11511380
48.58970642	0.02847211
48.61354828	0.04699846
48.63739014	0.07571040
48.66123199	0.04442484
48.68507385	0.01150245
48.70891571	0.03910202
48.73275757	0.04322497
48.75659943	0.01421724
48.78044128	0.02002961
48.80428314	0.02523251
