Частота	A * B
(kГц)	(?)

0.00000000	0.36513390
0.02384186	0.15780960
0.04768372	0.02658469
0.07152557	0.01704747
0.09536743	0.02332138
0.11920929	0.00676850
0.14305115	0.00376277
0.16689301	0.02275793
0.19073486	0.02019315
0.21457672	0.00641875
0.23841858	0.00986598
0.26226044	0.02685846
0.28610229	0.01775888
0.30994415	0.00678951
0.33378601	0.01780490
0.35762787	0.02992195
0.38146973	0.01845465
0.40531158	0.00700156
0.42915344	0.02734951
0.45299530	0.03494040
0.47683716	0.02141116
0.50067902	0.01200191
0.52452087	0.04138321
0.54836273	0.04696531
0.57220459	0.02422660
0.59604645	0.02784581
0.61988831	0.07350634
0.64373016	0.07478663
0.66757202	0.02671260
0.69141388	0.09565666
0.71525574	0.21344140
0.73909760	0.17623890
0.76293945	0.06385123
0.78678131	0.25489670
0.81062317	0.46129050
0.83446503	0.29161620
0.85830688	0.05179004
0.88214874	0.09193156
0.90599060	0.12672400
0.92983246	0.06379874
0.95367432	0.01917459
0.97751617	0.07072545
1.00135803	0.07547332
1.02519989	0.03260978
1.04904175	0.02522356
1.07288361	0.06272051
1.09672546	0.05632785
1.12056732	0.02009009
1.14440918	0.03294012
1.16825104	0.06101255
1.19209290	0.04840362
1.21593475	0.01357985
1.23977661	0.04250683
1.26361847	0.06682799
1.28746033	0.04441292
1.31130219	0.01628003
1.33514404	0.06071784
1.35898590	0.08328500
1.38282776	0.04185062
1.40666962	0.03527315
1.43051147	0.11122410
1.45435333	0.12497100
1.47819519	0.04303573
1.50203705	0.19291190
1.52587891	0.48648860
1.54972076	0.42406160
1.57356262	0.11895380
1.59740448	0.11671430
1.62124634	0.21886840
1.64508820	0.15087610
1.66893005	0.03226124
1.69277191	0.05849371
1.71661377	0.08413732
1.74045563	0.04986269
1.76429749	0.01351172
1.78813934	0.04174541
1.81198120	0.05010850
1.83582306	0.02562413
1.85966492	0.01420573
1.88350677	0.03256571
1.90734863	0.03640192
1.93119049	0.01364005
1.95503235	0.01443849
1.97887421	0.02882578
2.00271606	0.02843126
2.02655792	0.00659981
2.05039978	0.01395855
2.07424164	0.02899541
2.09808350	0.02130955
2.12192535	0.00446569
2.14576721	0.01605333
2.16960907	0.03036063
2.19345093	0.01411713
2.21729279	0.00531726
2.24113464	0.02416697
2.26497650	0.03249364
2.28881836	0.01124589
2.31266022	0.09104039
2.33650208	0.23684360
2.36034393	0.22009890
2.38418579	0.07027007
2.40802765	0.00461785
2.43186951	0.01600608
2.45571136	0.00762152
2.47955322	0.00172005
2.50339508	0.01207287
2.52723694	0.02063132
2.55107880	0.00770787
2.57492065	0.00309428
2.59876251	0.01946468
2.62260437	0.02099297
2.64644623	0.00897608
2.67028809	0.00756851
2.69412994	0.02603028
2.71797180	0.02177969
2.74181366	0.01038302
2.76565552	0.01569110
2.78949738	0.03325753
2.81333923	0.02612773
2.83718109	0.01028109
2.86102295	0.02831831
2.88486481	0.04646715
2.90870667	0.03455913
2.93254852	0.01274374
2.95639038	0.05476491
2.98023224	0.07999074
3.00407410	0.04800497
3.02791595	0.04633945
3.05175781	0.17513020
3.07559967	0.21904970
3.09944153	0.09960953
3.12328339	0.12287780
3.14712524	0.36599770
3.17096710	0.35863710
3.19480896	0.11812390
3.21865082	0.05152968
3.24249268	0.12102600
3.26633453	0.09234745
3.29017639	0.02424634
3.31401825	0.04845896
3.33786011	0.08045052
3.36170197	0.05109293
3.38554382	0.01340118
3.40938568	0.04959413
3.43322754	0.06428100
3.45706940	0.03576493
3.48091125	0.01694279
3.50475311	0.05296909
3.52859497	0.05874449
3.55243683	0.02692658
3.57627869	0.02607176
3.60012054	0.06149197
3.62396240	0.06002658
3.64780426	0.01963308
3.67164612	0.04137611
3.69548798	0.08254996
3.71932983	0.06665263
3.74317169	0.01770698
3.76701355	0.08182342
3.79085541	0.13920690
3.81469727	0.08512795
3.83853912	0.09683218
3.86238098	0.43008380
3.88622284	0.57993970
3.91006470	0.27069080
3.93390656	0.07183412
3.95774841	0.18780590
3.98159027	0.19558710
4.00543213	0.07403719
4.02927399	0.03550218
4.05311584	0.08260178
4.07695770	0.07100621
4.10079956	0.02206275
4.12464142	0.03117109
4.14848328	0.05271102
4.17232513	0.04054138
4.19616699	0.01031061
4.22000885	0.02723508
4.24385071	0.04028523
4.26769257	0.02642270
4.29153442	0.00907527
4.31537628	0.02473174
4.33921814	0.03499309
4.36306000	0.01661720
4.38690186	0.01016546
4.41074371	0.02591486
4.43458557	0.03159788
4.45842743	0.00888511
4.48226929	0.01160812
4.50611115	0.03144377
4.52995300	0.02788536
4.55379486	0.00430812
4.57763672	0.01959750
4.60147858	0.04374032
4.62532043	0.02645497
4.64916229	0.03984922
4.67300415	0.18150170
4.69684601	0.25502820
4.72068787	0.13325690
4.74452972	0.01578363
4.76837158	0.00600761
4.79221344	0.00598615
4.81605530	0.00163863
4.83989716	0.00325217
4.86373901	0.01595777
4.88758087	0.01007077
4.91142273	0.00347719
4.93526459	0.00993465
4.95910645	0.02077277
4.98294830	0.01057997
5.00679016	0.00452138
5.03063202	0.01774506
5.05447388	0.02375886
5.07831573	0.01310503
5.10215759	0.00672128
5.12599945	0.02675485
5.14984131	0.02871270
5.17368317	0.01623460
5.19752502	0.01458419
5.22136688	0.04037286
5.24520874	0.04027369
5.26905060	0.01797195
5.29289246	0.03334242
5.31673431	0.07335649
5.34057617	0.06541963
5.36441803	0.02203772
5.38825989	0.11932570
5.41210175	0.22702330
5.43594360	0.16090370
5.45978546	0.05952199
5.48362732	0.23924740
5.50746918	0.36718120
5.53131104	0.19706350
5.55515289	0.03069183
5.57899475	0.09548935
5.60283661	0.11179990
5.62667847	0.04806491
5.65052032	0.02426455
5.67436218	0.07260526
5.69820404	0.06694471
5.72204590	0.02470131
5.74588776	0.03107198
5.76972961	0.06357598
5.79357147	0.05015970
5.81741333	0.01515393
5.84125519	0.03868257
5.86509705	0.06161195
5.88893890	0.04289207
5.91278076	0.01337549
5.93662262	0.04893303
5.96046448	0.06750642
5.98430634	0.03830457
6.00814819	0.02215309
6.03199005	0.07003262
6.05583191	0.08363331
6.07967377	0.03441939
6.10351563	0.04917097
6.12735748	0.12984350
6.15119934	0.12510490
6.17504120	0.04248275
6.19888306	0.31415860
6.22272491	0.66548070
6.24656677	0.49520620
6.27040863	0.11567210
6.29425049	0.13300610
6.31809235	0.21307250
6.34193420	0.12643920
6.36577606	0.02393716
6.38961792	0.06847032
6.41345978	0.08554029
6.43730164	0.04357519
6.46114349	0.01768013
6.48498535	0.04870028
6.50882721	0.05190797
6.53266907	0.02196192
6.55651093	0.01914963
6.58035278	0.03892405
6.60419464	0.03788149
6.62803650	0.01128234
6.65187836	0.01940469
6.67572021	0.03563836
6.69956207	0.02920743
6.72340393	0.00667045
6.74724579	0.02044033
6.77108765	0.03643939
6.79492950	0.02155512
6.81877136	0.00744086
6.84261322	0.02647040
6.86645508	0.03920539
6.89029694	0.01456014
6.91413879	0.01307764
6.93798065	0.04546223
6.96182251	0.04823101
6.98566437	0.01761443
7.00950623	0.11345870
7.03334808	0.24849880
7.05718994	0.19932580
7.08103180	0.05174765
7.10487366	0.00372638
7.12871552	0.00103790
7.15255737	0.00516677
7.17639923	0.00190303
7.20024109	0.00840885
7.22408295	0.01083364
7.24792480	0.00187436
7.27176666	0.00287383
7.29560852	0.01602415
7.31945038	0.01301363
7.34329224	0.00556219
7.36713409	0.00844006
7.39097595	0.02209337
7.41481781	0.01500327
7.43865967	0.00723331
7.46250153	0.01687149
7.48634338	0.02860781
7.51018524	0.02003382
7.53402710	0.00790629
7.55786896	0.02963281
7.58171082	0.04119876
7.60555267	0.02753844
7.62939453	0.01521986
7.65323639	0.05770285
7.67707825	0.07334673
7.70092010	0.03753415
7.72476196	0.06418978
7.74860382	0.19794820
7.77244568	0.21359700
7.79628754	0.08277915
7.82012939	0.12568600
7.84397125	0.31389720
7.86781311	0.26250560
7.89165497	0.07064331
7.91549683	0.05928705
7.93933868	0.11353800
7.96318054	0.07421662
7.98702240	0.01665549
8.01086426	0.05372822
8.03470612	0.07533134
8.05854797	0.04169575
8.08238983	0.01454218
8.10623169	0.05347476
8.13007355	0.06007127
8.15391541	0.02905693
8.17775726	0.02186815
8.20159912	0.05626107
8.22544098	0.05499103
8.24928284	0.02108235
8.27312469	0.03244222
8.29696655	0.06526900
8.32080841	0.05570504
8.34465027	0.01552624
8.36849213	0.05067369
8.39233398	0.08763487
8.41617584	0.06070026
8.44001770	0.02258041
8.46385956	0.10165180
8.48770142	0.14837600
8.51154327	0.07516430
8.53538513	0.18116020
8.55922699	0.64553090
8.58306885	0.74393980
8.60691071	0.29160480
8.63075256	0.08275197
8.65459442	0.19480110
8.67843628	0.17461020
8.70227814	0.05505579
8.72612000	0.04550063
8.74996185	0.08832846
8.77380371	0.06623534
8.79764557	0.01700424
8.82148743	0.03845286
8.84532928	0.05708697
8.86917114	0.03806390
8.89301300	0.01099120
8.91685486	0.03349324
8.94069672	0.04435432
8.96453857	0.02420072
8.98838043	0.01265553
9.01222229	0.03160410
9.03606415	0.03861868
9.05990601	0.01449855
9.08374786	0.01472874
9.10758972	0.03455822
9.13143158	0.03466820
9.15527344	0.00762158
9.17911530	0.01914928
9.20295715	0.04310462
9.22679901	0.03104044
9.25064087	0.00700846
9.27448273	0.03792390
9.29832458	0.06584948
9.32216644	0.03358971
9.34600830	0.05548641
9.36985016	0.20304990
9.39369202	0.24576050
9.41753387	0.10902490
9.44137573	0.00899454
9.46521759	0.00763082
9.48905945	0.00997125
9.51290131	0.00593741
9.53674316	0.00263622
9.56058502	0.00796808
9.58442688	0.00225393
9.60826874	0.00246636
9.63211060	0.00878641
9.65595245	0.01381854
9.67979431	0.00481539
9.70363617	0.00336029
9.72747803	0.01625375
9.75131989	0.01695513
9.77516174	0.00888847
9.79900360	0.00751958
9.82284546	0.02453111
9.84668732	0.02206957
9.87052917	0.01183091
9.89437103	0.01690554
9.91821289	0.03743176
9.94205475	0.03311759
9.96589661	0.01290159
9.98973846	0.03782918
10.01358032	0.07036771
10.03742218	0.05510487
10.06126404	0.02566698
10.08510590	0.14425630
10.10894775	0.23541240
10.13278961	0.14282850
10.15663147	0.05853445
10.18047333	0.22153900
10.20431519	0.28901360
10.22815704	0.13090240
10.25199890	0.02747590
10.27584076	0.09570570
10.29968262	0.09543636
10.32352448	0.03485038
10.34736633	0.03015727
10.37120819	0.07212467
10.39505005	0.05757659
10.41889191	0.01798906
10.44273376	0.03651157
10.46657562	0.06251532
10.49041748	0.04340443
10.51425934	0.01244682
10.53810120	0.04377420
10.56194305	0.06048790
10.58578491	0.03679048
10.60962677	0.01652593
10.63346863	0.05466055
10.65731049	0.06625504
10.68115234	0.03169347
10.70499420	0.02966627
10.72883606	0.07842584
10.75267792	0.08149673
10.77651978	0.02697189
10.80036163	0.06576827
10.82420349	0.14707740
10.84804535	0.12139440
10.87188721	0.07465269
10.89572906	0.52616370
10.91957092	0.94337600
10.94341278	0.59813100
10.96725464	0.11559000
10.99109650	0.14740220
11.01493835	0.20206520
11.03878021	0.10291920
11.06262207	0.02389116
11.08646393	0.07740095
11.11030579	0.08417839
11.13414764	0.03649561
11.15798950	0.02379528
11.18183136	0.05498173
11.20567322	0.05181469
11.22951508	0.01785703
11.25335693	0.02480540
11.27719879	0.04474784
11.30104065	0.03768160
11.32488251	0.00960874
11.34872437	0.02522980
11.37256622	0.04171732
11.39640808	0.02841501
11.42024994	0.00872706
11.44409180	0.02820886
11.46793365	0.04277821
11.49177551	0.02034353
11.51561737	0.01216619
11.53945923	0.03857985
11.56330109	0.04650003
11.58714294	0.01364708
11.61098480	0.02579053
11.63482666	0.07112020
11.65866852	0.06223114
11.68251038	0.02470408
11.70635223	0.13668220
11.73019409	0.25430360
11.75403595	0.17577530
11.77787781	0.03591821
11.80171967	0.01274980
11.82556152	0.01524062
11.84940338	0.01284903
11.87324524	0.00283906
11.89708710	0.00350712
11.92092896	0.00331217
11.94477081	0.00302244
11.96861267	0.00292552
11.99245453	0.01115472
12.01629639	0.00565629
12.04013824	0.00361625
12.06398010	0.00856659
12.08782196	0.01686393
12.11166382	0.00897381
12.13550568	0.00501523
12.15934753	0.01682011
12.18318939	0.02275018
12.20703125	0.01463163
12.23087311	0.00748659
12.25471497	0.02924745
12.27855682	0.03466724
12.30239868	0.02100801
12.32624054	0.01898298
12.35008240	0.05816577
12.37392426	0.06465824
12.39776611	0.02778495
12.42160797	0.08496017
12.44544983	0.21802200
12.46929169	0.20288350
12.49313354	0.06723964
12.51697540	0.12611240
12.54081726	0.26504830
12.56465912	0.18873310
12.58850098	0.04072259
12.61234283	0.06476834
12.63618469	0.10303140
12.66002655	0.05763592
12.68386841	0.01380832
12.70771027	0.05726318
12.73155212	0.06830910
12.75539398	0.03294740
12.77923584	0.01837524
12.80307770	0.05575008
12.82691956	0.05452909
12.85076141	0.02270031
12.87460327	0.02722024
12.89844513	0.05801864
12.92228699	0.05003744
12.94612885	0.01606278
12.96997070	0.03876649
12.99381256	0.06736067
13.01765442	0.05006664
13.04149628	0.01489987
13.06533813	0.06009334
13.08917999	0.09031919
13.11302185	0.05329669
13.13686371	0.03276605
13.16070557	0.12253880
13.18454742	0.15357920
13.20838928	0.06303228
13.23223114	0.35107760
13.25607300	1.02632300
13.27991486	1.01215600
13.30375671	0.33038090
13.32759857	0.09537833
13.35144043	0.19674130
13.37528229	0.15176710
13.39912415	0.03929601
13.42296600	0.05554876
13.44680786	0.09157230
13.47064972	0.05969896
13.49449158	0.01439336
13.51833344	0.04572368
13.54217529	0.05977464
13.56601715	0.03426985
13.58985901	0.01429132
13.61370087	0.03987916
13.63754272	0.04686710
13.66138458	0.02101113
13.68522644	0.01731041
13.70906830	0.03864378
13.73291016	0.04057295
13.75675201	0.01196031
13.78059387	0.02057432
13.80443573	0.04312371
13.82827759	0.03590483
13.85211945	0.00745284
13.87596130	0.02906059
13.89980316	0.05439682
13.92364502	0.03209901
13.94748688	0.01370681
13.97132874	0.06236859
13.99517059	0.08849488
14.01901245	0.03835597
14.04285431	0.07338230
14.06669617	0.22118260
14.09053802	0.23100350
14.11437988	0.08610515
14.13822174	0.01142836
14.16206360	0.02052478
14.18590546	0.02081709
14.20974731	0.00757894
14.23358917	0.00404443
14.25743103	0.00163816
14.28127289	0.00569493
14.30511475	0.00244363
14.32895660	0.00629532
14.35279846	0.00674634
14.37664032	0.00179165
14.40048218	0.00310042
14.42432404	0.01328402
14.44816589	0.01001530
14.47200775	0.00586683
14.49584961	0.00829778
14.51969147	0.02071221
14.54353333	0.01551069
14.56737518	0.00828600
14.59121704	0.01828030
14.61505890	0.03264376
14.63890076	0.02597999
14.66274261	0.00987534
14.68658447	0.04065355
14.71042633	0.06458236
14.73426819	0.04443452
14.75811005	0.03694792
14.78195190	0.16942680
14.80579376	0.23801600
14.82963562	0.12315650
14.85347748	0.05956727
14.87731934	0.20093200
14.90116119	0.22297570
14.92500305	0.08451301
14.94884491	0.03217822
14.97268677	0.09259508
14.99652863	0.07866217
15.02037048	0.02419412
15.04421234	0.03556858
15.06805420	0.06929011
15.09189606	0.04798764
15.11573792	0.01307851
15.13957977	0.04107597
15.16342163	0.05961330
15.18726349	0.03646198
15.21110535	0.01310027
15.23494720	0.04786124
15.25878906	0.05772375
15.28263092	0.03045350
15.30647278	0.02152983
15.33031464	0.05930759
15.35415649	0.06315372
15.37799835	0.02508916
15.40184021	0.03811552
15.42568207	0.08526058
15.44952393	0.07709554
15.47336578	0.02124115
15.49720764	0.08489697
15.52104950	0.16173870
15.54489136	0.11383760
15.56873322	0.17831680
15.59257507	0.96551630
15.61641693	1.47285900
15.64025879	0.79297320
15.66410065	0.12368680
15.68794250	0.15894100
15.71178436	0.18655870
15.73562622	0.08121366
15.75946808	0.03019365
15.78330994	0.08477387
15.80715179	0.08023467
15.83099365	0.02922415
15.85483551	0.03082975
15.87867737	0.06014466
15.90251923	0.04993984
15.92636108	0.01409780
15.95020294	0.03094980
15.97404480	0.04960170
15.99788666	0.03592129
16.02172852	0.01003049
16.04557037	0.03175097
16.06941223	0.04661499
16.09325409	0.02623627
16.11709595	0.01258297
16.14093781	0.03690950
16.16477966	0.04755030
16.18862152	0.01796411
16.21246338	0.01889442
16.23630524	0.05181376
16.26014709	0.05172234
16.28398895	0.01220903
16.30783081	0.04471118
16.33167267	0.10053670
16.35551453	0.07367884
16.37935638	0.03354063
16.40319824	0.15964660
16.42704010	0.25387670
16.45088196	0.15076360
16.47472382	0.02347904
16.49856567	0.02316443
16.52240753	0.02806390
16.54624939	0.01703043
16.57009125	0.00474700
16.59393311	0.00429800
16.61777496	0.00833804
16.64161682	0.00514801
16.66545868	0.00296030
16.68930054	0.00526273
16.71314240	0.00173372
16.73698425	0.00276513
16.76082611	0.00759339
16.78466797	0.01075986
16.80850983	0.00423010
16.83235168	0.00380982
16.85619354	0.01530753
16.88003540	0.01609600
16.90387726	0.01015667
16.92771912	0.00831176
16.95156097	0.02695679
16.97540283	0.02735242
16.99924469	0.01522172
17.02308655	0.02248860
17.04692841	0.05577946
17.07077026	0.05453271
17.09461212	0.02047153
17.11845398	0.10805690
17.14229584	0.23410980
17.16613770	0.18763720
17.18997955	0.05387214
17.21382141	0.12330560
17.23766327	0.21873720
17.26150513	0.13209170
17.28534698	0.02339430
17.30918884	0.06760675
17.33303070	0.09024500
17.35687256	0.04316142
17.38071442	0.01564153
17.40455627	0.05877573
17.42839813	0.05990433
17.45223999	0.02513662
17.47608185	0.02305625
17.49992371	0.05621340
17.52376556	0.04807218
17.54760742	0.01704418
17.57144928	0.03236162
17.59529114	0.05808555
17.61913300	0.04423236
17.64297485	0.01305589
17.66681671	0.04465005
17.69065857	0.06760006
17.71450043	0.04347371
17.73834229	0.01848951
17.76218414	0.06914466
17.78602600	0.09034963
17.80986786	0.04499825
17.83370972	0.04654831
17.85755157	0.14355280
17.88139343	0.15444700
17.90523529	0.07036884
17.92907715	0.78796310
17.95291901	1.91886900
17.97676086	1.61945500
18.00060272	0.43459490
18.02444458	0.10846030
18.04828644	0.19355710
18.07212830	0.12827760
18.09597015	0.02790653
18.11981201	0.06497610
18.14365387	0.09214976
18.16749573	0.05194864
18.19133759	0.01589486
18.21517944	0.05260725
18.23902130	0.06059100
18.26286316	0.02955114
18.28670502	0.01923413
18.31054688	0.04601352
18.33438873	0.04767809
18.35823059	0.01729980
18.38207245	0.02281869
18.40591431	0.04536467
18.42975616	0.04077814
18.45359802	0.00995262
18.47743988	0.02770614
18.50128174	0.05101448
18.52512360	0.03530329
18.54896545	0.01001167
18.57280731	0.04118987
18.59664917	0.06452978
18.62049103	0.03110503
18.64433289	0.02544156
18.66817474	0.09333932
18.69201660	0.11047450
18.71585846	0.04106735
18.73970032	0.09316333
18.76354218	0.23476500
18.78738403	0.21171440
18.81122589	0.06526171
18.83506775	0.01955817
18.85890961	0.03322367
18.88275146	0.02816813
18.90659332	0.00754196
18.93043518	0.00794049
18.95427704	0.00971959
18.97811890	0.01015866
19.00196075	0.00295309
19.02580261	0.00262521
19.04964447	0.00351920
19.07348633	0.00349224
19.09732819	0.00312507
19.12117004	0.00895730
19.14501190	0.00349209
19.16885376	0.00393781
19.19269562	0.00833856
19.21653748	0.01549386
19.24037933	0.00954144
19.26422119	0.00572625
19.28806305	0.01824008
19.31190491	0.02626358
19.33574677	0.01929043
19.35958862	0.00959139
19.38343048	0.04120348
19.40727234	0.05628674
19.43111420	0.03393401
19.45495605	0.05288985
19.47879791	0.19362470
19.50263977	0.23463400
19.52648163	0.10303150
19.55032349	0.06093815
19.57416534	0.17742730
19.59800720	0.16728940
19.62184906	0.05243665
19.64569092	0.03746729
19.66953278	0.08636854
19.69337463	0.06243771
19.71721649	0.01611224
19.74105835	0.03986879
19.76490021	0.06428862
19.78874207	0.03874178
19.81258392	0.01108435
19.83642578	0.04437391
19.86026764	0.05510737
19.88410950	0.02966069
19.90795135	0.01636306
19.93179321	0.05063519
19.95563507	0.05352858
19.97947693	0.02424058
20.00331879	0.02713173
20.02716064	0.06258123
20.05100250	0.05834762
20.07484436	0.01928549
20.09868622	0.04716980
20.12252808	0.08981808
20.14636993	0.07102607
20.17021179	0.02047509
20.19405365	0.10642390
20.21789551	0.17242920
20.24173737	0.10122930
20.26557922	0.56307390
20.28942108	2.38982900
20.31326294	3.11249400
20.33710480	1.41561900
20.36094666	0.16255490
20.38478851	0.16711720
20.40863037	0.16727870
20.43247223	0.06218595
20.45631409	0.03854413
20.48015594	0.09029675
20.50399780	0.07395935
20.52783966	0.02249263
20.55168152	0.03829950
20.57552338	0.06374590
20.59936523	0.04656496
20.62320709	0.01202696
20.64704895	0.03734427
20.67089081	0.05311341
20.69473267	0.03283431
20.71857452	0.01302471
20.74241638	0.03866941
20.76625824	0.04999111
20.79010010	0.02295740
20.81394196	0.01782468
20.83778381	0.04606213
20.86162567	0.05042148
20.88546753	0.01492856
20.90930939	0.02788525
20.93315125	0.06543939
20.95699310	0.05452451
20.98083496	0.01300012
21.00467682	0.07118873
21.02851868	0.13283960
21.05236053	0.08201376
21.07620239	0.04477325
21.10004425	0.18114120
21.12388611	0.24725960
21.14772797	0.12555040
21.17156982	0.01670529
21.19541168	0.03438209
21.21925354	0.03815330
21.24309540	0.01823214
21.26693726	0.00798582
21.29077911	0.01148878
21.31462097	0.01494755
21.33846283	0.00590147
21.36230469	0.00370965
21.38614655	0.00274759
21.40998840	0.00626923
21.43383026	0.00253456
21.45767212	0.00533205
21.48151398	0.00469027
21.50535583	0.00237777
21.52919769	0.00344785
21.55303955	0.01224364
21.57688141	0.00913078
21.60072327	0.00671418
21.62456512	0.00912397
21.64840698	0.02270495
21.67224884	0.01980600
21.69609070	0.01041333
21.71993256	0.02475850
21.74377441	0.05037016
21.76761627	0.04365707
21.79145813	0.01978743
21.81529999	0.13276860
21.83914185	0.24516040
21.86298370	0.16886150
21.88682556	0.04332128
21.91066742	0.11680840
21.93450928	0.17521770
21.95835114	0.08918317
21.98219299	0.01680856
22.00603485	0.06764565
22.02987671	0.07605293
22.05371857	0.03108753
22.07756042	0.01948045
22.10140228	0.05811892
22.12524414	0.05071050
22.14908600	0.01845822
22.17292786	0.02758649
22.19676971	0.05476805
22.22061157	0.04118072
22.24445343	0.01262848
22.26829529	0.03683940
22.29213715	0.05644280
22.31597900	0.03794093
22.33982086	0.01349238
22.36366272	0.04961146
22.38750458	0.06608338
22.41134644	0.03616647
22.43518829	0.02453632
22.45903015	0.07752620
22.48287201	0.08732869
22.50671387	0.03715429
22.53055573	0.06288098
22.55439758	0.16425470
22.57823944	0.15076240
22.60208130	0.39726750
22.62592316	3.59879900
22.64976501	7.37428800
22.67360687	5.31968900
22.69744873	1.14873700
22.72129059	0.12177630
22.74513245	0.18627550
22.76897430	0.10485880
22.79281616	0.02406646
22.81665802	0.07281137
22.84049988	0.09038372
22.86434174	0.04332387
22.88818359	0.02055975
22.91202545	0.05884167
22.93586731	0.05940413
22.95970917	0.02444593
22.98355103	0.02504741
23.00739288	0.05149279
23.03123474	0.04677473
23.05507660	0.01373629
23.07891846	0.02907489
23.10276031	0.05123737
23.12660217	0.03933184
23.15044403	0.01006516
23.17428589	0.03596205
23.19812775	0.05767446
23.22196960	0.03299174
23.24581146	0.01540639
23.26965332	0.05515589
23.29349518	0.07278769
23.31733704	0.02828010
23.34117889	0.04370896
23.36502075	0.13101500
23.38886261	0.13061760
23.41270447	0.04252604
23.43654633	0.11416450
23.46038818	0.24292010
23.48423004	0.18908330
23.50807190	0.04709756
23.53191376	0.02924620
23.55575562	0.04471431
23.57959747	0.03206178
23.60343933	0.00727421
23.62728119	0.01339466
23.65112305	0.01781805
23.67496490	0.01272797
23.69880676	0.00426467
23.72264862	0.00324834
23.74649048	0.00877858
23.77033234	0.00491903
23.79417419	0.00305413
23.81801605	0.00384703
23.84185791	0.00266208
23.86569977	0.00287951
23.88954163	0.00722670
23.91338348	0.00924912
23.93722534	0.00477158
23.96106720	0.00427776
23.98490906	0.01648288
24.00875092	0.01866720
24.03259277	0.01343038
24.05643463	0.01101620
24.08027649	0.03888152
24.10411835	0.04606239
24.12796021	0.02403593
24.15180206	0.07209021
24.17564392	0.21553390
24.19948578	0.22548630
24.22332764	0.08348350
24.24716949	0.06130754
24.27101135	0.15146840
24.29485321	0.12115680
24.31869507	0.03074684
24.34253693	0.04114695
24.36637878	0.07758883
24.39022064	0.04743293
24.41406250	0.01117678
24.43790436	0.04249770
24.46174622	0.05763383
24.48558807	0.03006852
24.50942993	0.01211709
24.53327179	0.04657907
24.55711365	0.04879907
24.58095551	0.02390564
24.60479736	0.02061719
24.62863922	0.05165803
24.65248108	0.04834838
24.67632294	0.01818149
24.70016479	0.03417984
24.72400665	0.06229322
24.74784851	0.05478735
24.77169037	0.01458009
24.79553223	0.05224976
24.81937408	0.09738395
24.84321594	0.05575811
24.86705780	0.03928875
24.89089966	0.12254610
24.91474152	0.19239400
24.93858337	0.22261390
24.96242523	5.44155900
24.98626709	18.67806000
25.01010895	20.81147000
25.03395081	7.93575200
25.05779266	0.51882860
25.08163452	0.16244920
25.10547638	0.15698350
25.12931824	0.04094517
25.15316010	0.05683542
25.17700195	0.08765078
25.20084381	0.07042528
25.22468567	0.01601005
25.24852753	0.04303243
25.27236938	0.06758332
25.29621124	0.04046705
25.32005310	0.01414620
25.34389496	0.04360085
25.36773682	0.05522172
25.39157867	0.02863759
25.41542053	0.01711133
25.43926239	0.04615697
25.46310425	0.05113674
25.48694611	0.01938448
25.51078796	0.02451353
25.53462982	0.05493237
25.55847168	0.05136305
25.58231354	0.01206233
25.60615540	0.03940278
25.62999725	0.07848248
25.65383911	0.05485594
25.67768097	0.02043101
25.70152283	0.10646640
25.72536469	0.16709970
25.74920654	0.08687506
25.77304840	0.05857521
25.79689026	0.19990850
25.82073212	0.23491420
25.84457397	0.10123520
25.86841583	0.01886594
25.89225769	0.04567517
25.91609955	0.04520442
25.93994141	0.01716051
25.96378326	0.01234383
25.98762512	0.01937617
26.01146698	0.01985692
26.03530884	0.00584825
26.05915070	0.00608542
26.08299255	0.00930464
26.10683441	0.00978991
26.13067627	0.00281234
26.15451813	0.00178124
26.17835999	0.00457514
26.20220184	0.00383098
26.22604370	0.00333449
26.24988556	0.00775699
26.27372742	0.00236132
26.29756927	0.00427318
26.32141113	0.00901604
26.34525299	0.01664301
26.36909485	0.01258402
26.39293671	0.00692697
26.41677856	0.02504152
26.44062042	0.04198145
26.46446228	0.03273643
26.48830414	0.02781283
26.51214600	0.15816620
26.53598785	0.25041490
26.55982971	0.14773700
26.58367157	0.03574126
26.60751343	0.10660290
26.63135529	0.13511560
26.65519714	0.05751620
26.67903900	0.01767073
26.70288086	0.06483792
26.72672272	0.06142453
26.75056458	0.02142054
26.77440643	0.02341344
26.79824829	0.05525093
26.82209015	0.04140505
26.84593201	0.01303464
26.86977386	0.03126210
26.89361572	0.05164684
26.91745758	0.03411036
26.94129944	0.01067508
26.96514130	0.04033007
26.98898315	0.05315062
27.01282501	0.03153902
27.03666687	0.01646419
27.06050873	0.05378823
27.08435059	0.06222998
27.10819244	0.02946689
27.13203430	0.03256929
27.15587616	0.08312695
27.17971802	0.08351409
27.20355988	0.02705144
27.22740173	0.08347666
27.25124359	0.17968590
27.27508545	0.14392300
27.29892731	0.40115500
27.32276917	2.58786800
27.34661102	4.49231500
27.37045288	2.76309600
27.39429474	0.46224000
27.41813660	0.12880960
27.44197845	0.17135960
27.46582031	0.08473392
27.48966217	0.02395836
27.51350403	0.08090457
27.53734589	0.08480303
27.56118774	0.03557728
27.58502960	0.02750065
27.60887146	0.06322461
27.63271332	0.05693600
27.65655518	0.01899191
27.68039703	0.03134928
27.70423889	0.05587214
27.72808075	0.04434806
27.75192261	0.01167212
27.77576447	0.03568396
27.79960632	0.05600471
27.82344818	0.03626176
27.84729004	0.01314145
27.87113190	0.04511265
27.89497375	0.06255600
27.91881561	0.02931924
27.94265747	0.02318333
27.96649933	0.07042032
27.99034119	0.07853022
28.01418304	0.02431060
28.03802490	0.07064897
28.06186676	0.17526700
28.08570862	0.14801360
28.10955048	0.04396145
28.13339233	0.13548270
28.15723419	0.24510080
28.18107605	0.16443290
28.20491791	0.03231512
28.22875977	0.03972838
28.25260162	0.05418003
28.27644348	0.03295461
28.30028534	0.00854761
28.32412720	0.01987790
28.34796906	0.02483078
28.37181091	0.01348587
28.39565277	0.00649214
28.41949463	0.00916777
28.44333649	0.01421013
28.46717834	0.00536713
28.49102020	0.00338986
28.51486206	0.00418880
28.53870392	0.00720821
28.56254578	0.00239726
28.58638763	0.00469102
28.61022949	0.00339490
28.63407135	0.00280407
28.65791321	0.00382061
28.68175507	0.01274296
28.70559692	0.01046758
28.72943878	0.00849933
28.75328064	0.01218888
28.77712250	0.03345469
28.80096436	0.03444801
28.82480621	0.01594295
28.84864807	0.09385873
28.87248993	0.23386610
28.89633179	0.21116250
28.92017365	0.06538100
28.94401550	0.05938049
28.96785736	0.12430910
28.99169922	0.08357360
29.01554108	0.01717632
29.03938293	0.04289225
29.06322479	0.06657588
29.08706665	0.03456970
29.11090851	0.00955055
29.13475037	0.04355712
29.15859222	0.04943795
29.18243408	0.02280587
29.20627594	0.01532235
29.23011780	0.04629513
29.25395966	0.04252085
29.27780151	0.01780485
29.30164337	0.02488637
29.32548523	0.05128497
29.34932709	0.04222769
29.37316895	0.01379738
29.39701080	0.03829615
29.42085266	0.06319256
29.44469452	0.04616732
29.46853638	0.01549974
29.49237823	0.06335346
29.51622009	0.09315088
29.54006195	0.05199546
29.56390381	0.04285464
29.58774567	0.14965570
29.61158752	0.18437260
29.63542938	0.10032460
29.65927124	0.79171380
29.68311310	2.24195100
29.70695496	2.13880400
29.73079681	0.67605240
29.75463867	0.07427686
29.77848053	0.16671430
29.80232239	0.12659310
29.82616425	0.03042531
29.85000610	0.05869165
29.87384796	0.09180690
29.89768982	0.05855907
29.92153168	0.01487475
29.94537354	0.05164090
29.96921539	0.06622343
29.99305725	0.03597385
30.01689911	0.01741016
30.04074097	0.04957802
30.06458282	0.05529802
30.08842468	0.02396281
30.11226654	0.02329763
30.13610840	0.05234129
30.15995026	0.05120780
30.18379211	0.01520702
30.20763397	0.03200101
30.23147583	0.06330674
30.25531769	0.05000479
30.27915955	0.01214938
30.30300140	0.05305636
30.32684326	0.09038401
30.35068512	0.05248223
30.37452698	0.03589178
30.39836884	0.15231380
30.42221069	0.20190820
30.44605255	0.08864956
30.46989441	0.07462973
30.49373627	0.21479190
30.51757813	0.21765720
30.54141998	0.07870943
30.56526184	0.02672020
30.58910370	0.05645165
30.61294556	0.04897922
30.63678741	0.01481568
30.66062927	0.01777216
30.68447113	0.02708454
30.70831299	0.02286393
30.73215485	0.00578102
30.75599670	0.01001695
30.77983856	0.01607019
30.80368042	0.01181913
30.82752228	0.00387539
30.85136414	0.00339979
30.87520599	0.01020863
30.89904785	0.00496723
30.92288971	0.00296299
30.94673157	0.00292633
30.97057343	0.00378052
30.99441528	0.00274196
31.01825714	0.00749612
31.04209900	0.00910960
31.06594086	0.00641709
31.08978271	0.00509801
31.11362457	0.02258323
31.13746643	0.03100715
31.16130829	0.02229032
31.18515015	0.04138724
31.20899200	0.18309340
31.23283386	0.24951020
31.25667572	0.12547710
31.28051758	0.03062065
31.30435944	0.09292959
31.32820129	0.09927613
31.35204315	0.03489668
31.37588501	0.02035389
31.39972687	0.05940980
31.42356873	0.04718210
31.44741058	0.01408883
31.47125244	0.02646664
31.49509430	0.05042535
31.51893616	0.03247117
31.54277802	0.00936853
31.56661987	0.03388503
31.59046173	0.04683686
31.61430359	0.02749916
31.63814545	0.01148995
31.66198730	0.04245119
31.68582916	0.04852965
31.70967102	0.02529663
31.73351288	0.02106114
31.75735474	0.05608647
31.78119659	0.05732884
31.80503845	0.02254146
31.82888031	0.04035662
31.85272217	0.08764580
31.87656403	0.07621291
31.90040588	0.02287792
31.92424774	0.10488700
31.94808960	0.19414820
31.97193146	0.13296470
31.99577332	0.23043220
32.01961517	1.15037800
32.04345703	1.69954800
32.06729889	0.88771720
32.09114075	0.11045300
32.11498260	0.13643830
32.13882446	0.15568500
32.16266632	0.06515222
32.18650818	0.03144123
32.21035004	0.08536063
32.23419189	0.07827619
32.25803375	0.02742070
32.28187561	0.03436549
32.30571747	0.06657073
32.32955933	0.05259049
32.35340118	0.01480215
32.37724304	0.03774874
32.40108490	0.05888815
32.42492676	0.04054767
32.44876862	0.01247029
32.47261047	0.04267234
32.49645233	0.05905144
32.52029419	0.03208885
32.54413605	0.01844682
32.56797791	0.05459623
32.59181976	0.06538903
32.61566162	0.02462577
32.63950348	0.03339425
32.66334534	0.08612613
32.68718719	0.08141825
32.71102905	0.02155878
32.73487091	0.10877060
32.75871277	0.22602040
32.78255463	0.16188960
32.80639648	0.04706158
32.83023834	0.15600750
32.85408020	0.24118850
32.87792206	0.13905640
32.90176392	0.02268150
32.92560577	0.05050043
32.94944763	0.06112273
32.97328949	0.03135011
32.99713135	0.01200870
33.02097321	0.02703047
33.04481506	0.03025725
33.06865692	0.01283299
33.09249878	0.00959890
33.11634064	0.01583305
33.14018250	0.01837635
33.16402435	0.00517596
33.18786621	0.00527593
33.21170807	0.01061928
33.23554993	0.01051990
33.25939178	0.00256300
33.28323364	0.00065507
33.30707550	0.00634902
33.33091736	0.00415589
33.35475922	0.00345612
33.37860107	0.00719202
33.40244293	0.00219893
33.42628479	0.00472245
33.45012665	0.01188853
33.47396851	0.02461085
33.49781036	0.02241428
33.52165222	0.01315526
33.54549408	0.11757250
33.56933594	0.24745940
33.59317780	0.19260800
33.61701965	0.04929209
33.64086151	0.05482503
33.66470337	0.09682830
33.68854523	0.05417385
33.71238708	0.00985766
33.73622894	0.04228571
33.76007080	0.05438231
33.78391266	0.02389915
33.80775452	0.01093674
33.83159637	0.04256159
33.85543823	0.04062709
33.87928009	0.01661389
33.90312195	0.01859552
33.92696381	0.04451697
33.95080566	0.03552099
33.97464752	0.01301792
33.99848938	0.02856397
34.02233124	0.04907604
34.04617310	0.03585990
34.07001495	0.01137847
34.09385681	0.04251381
34.11769867	0.06096168
34.14154053	0.03880730
34.16538239	0.01963436
34.18922424	0.07065924
34.21306610	0.09000287
34.23690796	0.04256066
34.26074982	0.05881879
34.28459167	0.17189190
34.30843353	0.18121600
34.33227539	0.08721309
34.35611725	0.52474890
34.37995911	1.24124500
34.40380096	1.01344600
34.42764282	0.26091400
34.45148468	0.08817776
34.47532654	0.16103890
34.49916840	0.10453620
34.52301025	0.02158819
34.54685211	0.06612823
34.57069397	0.08944236
34.59453583	0.04923759
34.61837769	0.01726429
34.64221954	0.05753614
34.66606140	0.06435811
34.68990326	0.02999782
34.71374512	0.02285557
34.73758698	0.05470945
34.76142883	0.05380563
34.78527069	0.01909830
34.80911255	0.02970177
34.83295441	0.05801214
34.85679626	0.04918407
34.88063812	0.01255779
34.90447998	0.04063413
34.92832184	0.07023421
34.95216370	0.04682082
34.97600555	0.01647129
34.99984741	0.06881021
35.02368927	0.10003610
35.04753113	0.04781829
35.07137299	0.06122121
35.09521484	0.21003300
35.11905670	0.23657550
35.14289856	0.08755185
35.16674042	0.09240263
35.19058228	0.22480560
35.21442413	0.19660360
35.23826599	0.05864143
35.26210785	0.03658603
35.28594971	0.06582583
35.30979156	0.04978791
35.33363342	0.01222468
35.35747528	0.02401512
35.38131714	0.03410265
35.40515900	0.02392975
35.42900085	0.00689383
35.45284271	0.01517212
35.47668457	0.02216244
35.50052643	0.01240418
35.52436829	0.00570705
35.54821014	0.00934474
35.57205200	0.01548900
35.59589386	0.00525272
35.61973572	0.00302057
35.64357758	0.00643373
35.66741943	0.00880852
35.69126129	0.00200098
35.71510315	0.00413581
35.73894501	0.00267990
35.76278687	0.00308274
35.78662872	0.00450918
35.81047058	0.01683533
35.83431244	0.01799462
35.85815430	0.01276199
35.88199615	0.05842104
35.90583801	0.20627280
35.92967987	0.24248300
35.95352173	0.10325030
35.97736359	0.02668080
36.00120544	0.07648861
36.02504730	0.06830084
36.04888916	0.01952610
36.07273102	0.02220666
36.09657288	0.05169865
36.12041473	0.03412970
36.14425659	0.00888747
36.16809845	0.02823711
36.19194031	0.04393739
36.21578217	0.02443319
36.23962402	0.00808875
36.26346588	0.03504753
36.28730774	0.04082561
36.31114960	0.02147037
36.33499146	0.01415174
36.35883331	0.04300680
36.38267517	0.04288935
36.40651703	0.01950763
36.43035889	0.02578304
36.45420074	0.05666748
36.47804260	0.05119188
36.50188446	0.01686140
36.52572632	0.04808643
36.54956818	0.08951200
36.57341003	0.06749400
36.59725189	0.02560599
36.62109375	0.12811220
36.64493561	0.20385240
36.66877747	0.11958790
36.69261932	0.19734030
36.71646118	0.79483770
36.74030304	1.00235300
36.76414490	0.44196570
36.78798676	0.05186967
36.81182861	0.13999050
36.83567047	0.13723060
36.85951233	0.04833833
36.88335419	0.03969171
36.90719604	0.08764520
36.93103790	0.07005260
36.95487976	0.02038645
36.97872162	0.04123730
37.00256348	0.06803679
37.02640533	0.04715240
37.05024719	0.01298990
37.07408905	0.04395965
37.09793091	0.06027636
37.12177277	0.03573128
37.14561462	0.01618686
37.16945648	0.04953425
37.19329834	0.06028536
37.21714020	0.02708371
37.24098206	0.02522876
37.26482391	0.06389712
37.28866577	0.06594964
37.31250763	0.01969140
37.33634949	0.04608667
37.36019135	0.10138270
37.38403320	0.08123086
37.40787506	0.02670612
37.43171692	0.16143670
37.45555878	0.28320830
37.47940063	0.17197330
37.50324249	0.05314963
37.52708435	0.17455480
37.55092621	0.23146710
37.57476807	0.11414010
37.59860992	0.02139549
37.62245178	0.06104415
37.64629364	0.06520769
37.67013550	0.02791977
37.69397736	0.01705412
37.71781921	0.03435259
37.74166107	0.03383538
37.76550293	0.01125860
37.78934479	0.01358856
37.81318665	0.02264369
37.83702850	0.02100617
37.86087036	0.00508531
37.88471222	0.00893951
37.90855408	0.01731602
37.93239594	0.01241286
37.95623779	0.00349514
37.98007965	0.00493282
38.00392151	0.01291270
38.02776337	0.00541188
38.05160522	0.00264588
38.07544708	0.00312998
38.09928894	0.00560029
38.12313080	0.00214778
38.14697266	0.00911201
38.17081451	0.01253352
38.19465637	0.01086335
38.21849823	0.01934323
38.24234009	0.14239940
38.26618195	0.25542170
38.29002380	0.17097710
38.31386566	0.03550404
38.33770752	0.04738374
38.36154938	0.07031707
38.38539124	0.03208784
38.40923309	0.00781380
38.43307495	0.03935012
38.45691681	0.04176247
38.48075867	0.01560939
38.50460052	0.01309390
38.52844238	0.03960916
38.55228424	0.03171496
38.57612610	0.01165012
38.59996796	0.02130950
38.62380981	0.04102652
38.64765167	0.02861124
38.67149353	0.00957206
38.69533539	0.03124320
38.71917725	0.04528723
38.74301910	0.02952581
38.76686096	0.01201717
38.79070282	0.04548919
38.81454468	0.05696364
38.83838654	0.03144278
38.86222839	0.02567443
38.88607025	0.07617376
38.90991211	0.08451578
38.93375397	0.03311022
38.95759583	0.07802832
38.98143768	0.19188590
39.00527954	0.17364580
39.02912140	0.07992031
39.05296326	0.42898280
39.07680511	0.85461030
39.10064697	0.59621150
39.12448883	0.12179750
39.14833069	0.09921088
39.17217255	0.15096190
39.19601440	0.08393360
39.21985626	0.01911468
39.24369812	0.07228182
39.26753998	0.08449881
39.29138184	0.04007932
39.31522369	0.02240695
39.33906555	0.06206450
39.36290741	0.06084069
39.38674927	0.02393519
39.41059113	0.02894333
39.43443298	0.05868253
39.45827484	0.05076520
39.48211670	0.01490150
39.50595856	0.03647476
39.52980042	0.06239074
39.55364227	0.04556818
39.57748413	0.01308401
39.60132599	0.04998654
39.62516785	0.07530329
39.64900970	0.04200401
39.67285156	0.02451508
39.69669342	0.08600958
39.72053528	0.10683260
39.74437714	0.04126755
39.76821899	0.09984202
39.79206085	0.28182880
39.81590271	0.27043790
39.83974457	0.08448847
39.86358643	0.11106220
39.88742828	0.22928310
39.91127014	0.17302450
39.93511200	0.04165847
39.95895386	0.04710616
39.98279572	0.07318565
40.00663757	0.04797182
40.03047943	0.01118974
40.05432129	0.03087360
40.07816315	0.03990072
40.10200500	0.02327009
40.12584686	0.00952601
40.14968872	0.02119496
40.17353058	0.02710491
40.19737244	0.01179213
40.22121429	0.00837810
40.24505615	0.01606532
40.26889801	0.01960846
40.29273987	0.00494577
40.31658173	0.00523837
40.34042358	0.01380294
40.36426544	0.01249573
40.38810730	0.00209562
40.41194916	0.00133972
40.43579102	0.00983587
40.45963287	0.00495086
40.48347473	0.00357245
40.50731659	0.00752523
40.53115845	0.00379830
40.55500031	0.00478602
40.57884216	0.07817402
40.60268402	0.22638360
40.62652588	0.22979500
40.65036774	0.08204545
40.67420959	0.02252820
40.69805145	0.05818188
40.72189331	0.04261756
40.74573517	0.00975554
40.76957703	0.02247758
40.79341888	0.04226260
40.81726074	0.02284756
40.84110260	0.00583748
40.86494446	0.02843397
40.88878632	0.03626601
40.91262817	0.01761230
40.93647003	0.00902634
40.96031189	0.03457634
40.98415375	0.03404627
41.00799561	0.01620777
41.03183746	0.01722325
41.05567932	0.04186920
41.07952118	0.03664907
41.10336304	0.01447638
41.12720490	0.03001728
41.15104675	0.05537103
41.17488861	0.04429398
41.19873047	0.01378679
41.22257233	0.05512789
41.24641418	0.08863124
41.27025604	0.05771489
41.29409790	0.03577797
41.31793976	0.15208650
41.34178162	0.20839770
41.36562347	0.10473660
41.38946533	0.18735020
41.41330719	0.62085080
41.43714905	0.66936300
41.46099091	0.24697210
41.48483276	0.05256683
41.50867462	0.13949160
41.53251648	0.11747180
41.55635834	0.03435065
41.58020020	0.04768478
41.60404205	0.08739494
41.62788391	0.06086156
41.65172577	0.01543397
41.67556763	0.04759405
41.69940948	0.06757739
41.72325134	0.04096092
41.74709320	0.01472369
41.77093506	0.04962980
41.79477692	0.05994163
41.81861877	0.03025522
41.84246063	0.02158733
41.86630249	0.05586651
41.89014435	0.05962035
41.91398621	0.02176637
41.93782806	0.03313806
41.96166992	0.07239103
41.98551178	0.06423435
42.00935364	0.01613452
42.03319550	0.06123258
42.05703735	0.11520840
42.08087921	0.07797011
42.10472107	0.04578297
42.12856293	0.23321520
42.15240479	0.34736810
42.17624664	0.17842600
42.20008850	0.06266794
42.22393036	0.18995880
42.24777222	0.21661210
42.27161407	0.09066354
42.29545593	0.02766050
42.31929779	0.07072911
42.34313965	0.06637794
42.36698151	0.02336930
42.39082336	0.02313163
42.41466522	0.04132417
42.43850708	0.03546491
42.46234894	0.00954922
42.48619080	0.01844467
42.51003265	0.02908798
42.53387451	0.02204364
42.55771637	0.00602423
42.58155823	0.01402124
42.60540009	0.02348538
42.62924194	0.01293805
42.65308380	0.00528921
42.67692566	0.01179429
42.70076752	0.01890197
42.72460938	0.00577439
42.74845123	0.00295842
42.77229309	0.01086058
42.79613495	0.01228721
42.81997681	0.00100047
42.84381866	0.00302618
42.86766052	0.00366808
42.89150238	0.00323549
42.91534424	0.03086284
42.93918610	0.16728820
42.96302795	0.25721310
42.98686981	0.14753620
43.01071167	0.02396262
43.03455353	0.03722050
43.05839539	0.04591485
43.08223724	0.01639939
43.10607910	0.00813547
43.12992096	0.03422516
43.15376282	0.02952291
43.17760468	0.00959437
43.20144653	0.01477091
43.22528839	0.03486979
43.24913025	0.02327317
43.27297211	0.00791941
43.29681396	0.02301013
43.32065582	0.03604041
43.34449768	0.02220680
43.36833954	0.00813902
43.39218140	0.03260539
43.41602325	0.04019236
43.43986511	0.02352455
43.46370697	0.01480142
43.48754883	0.04687370
43.51139069	0.05152907
43.53523254	0.02440395
43.55907440	0.03227027
43.58291626	0.07946077
43.60675812	0.07696369
43.63059998	0.02532224
43.65444183	0.09978890
43.67828369	0.20856070
43.70212555	0.16196310
43.72596741	0.07693056
43.74980927	0.37605860
43.77365112	0.63453100
43.79749298	0.37712330
43.82133484	0.06018076
43.84517670	0.10647450
43.86901855	0.13739820
43.89286041	0.06531233
43.91670227	0.02283894
43.94054413	0.07654461
43.96438599	0.07749616
43.98822784	0.03142534
44.01206970	0.02858712
44.03591156	0.06495696
44.05975342	0.05591786
44.08359528	0.01834937
44.10743713	0.03515523
44.13127899	0.06119890
44.15512085	0.04642466
44.17896271	0.01279591
44.20280457	0.04333868
44.22664642	0.06512713
44.25048828	0.04066987
44.27433014	0.01720554
44.29817200	0.05962398
44.32201385	0.07814389
44.34585571	0.03595164
44.36969757	0.03546247
44.39353943	0.10384520
44.41738129	0.11029650
44.44122314	0.03463935
44.46506500	0.15756600
44.48890686	0.37109500
44.51274872	0.30361960
44.53659058	0.08066542
44.56043243	0.12961070
44.58427429	0.22792880
44.60811615	0.14823420
44.63195801	0.02886125
44.65579987	0.05769568
44.67964172	0.07804904
44.70348358	0.04404885
44.72732544	0.01331333
44.75116730	0.03802614
44.77500916	0.04409093
44.79885101	0.02121142
44.82269287	0.01335320
44.84653473	0.02768099
44.87037659	0.03058176
44.89421844	0.01037204
44.91806030	0.01198898
44.94190216	0.02308635
44.96574402	0.02227624
44.98958588	0.00471348
45.01342773	0.00966794
45.03726959	0.02145762
45.06111145	0.01469335
45.08495331	0.00320229
45.10879517	0.00885088
45.13263702	0.01887236
45.15647888	0.00715416
45.18032074	0.00163931
45.20416260	0.00727780
45.22800446	0.01088722
45.25184631	0.00615496
45.27568817	0.10010970
45.29953003	0.24219890
45.32337189	0.21227120
45.34721375	0.06261618
45.37105560	0.01713553
45.39489746	0.03908770
45.41873932	0.02234870
45.44258118	0.00417352
45.46642303	0.02092094
45.49026489	0.03179107
45.51410675	0.01371830
45.53794861	0.00500125
45.56179047	0.02691385
45.58563232	0.02796840
45.60947418	0.01217221
45.63331604	0.01078864
45.65715790	0.03241237
45.68099976	0.02699543
45.70484161	0.01180203
45.72868347	0.01986814
45.75252533	0.03904606
45.77636719	0.03024195
45.80020905	0.01070120
45.82405090	0.03329229
45.84789276	0.05222814
45.87173462	0.03706636
45.89557648	0.01467871
45.91941833	0.06089550
45.94326019	0.08502145
45.96710205	0.04738735
45.99094391	0.05085377
46.01478577	0.17567450
46.03862762	0.20748960
46.06246948	0.08952770
46.08631134	0.18406060
46.11015320	0.50740180
46.13399506	0.46782540
46.15783691	0.14255550
46.18167877	0.06287421
46.20552063	0.13495140
46.22936249	0.09758295
46.25320435	0.02353622
46.27704620	0.05475299
46.30088806	0.08460040
46.32472992	0.05131231
46.34857178	0.01420417
46.37241364	0.05301647
46.39625549	0.06524582
46.42009735	0.03439455
46.44393921	0.01905899
46.46778107	0.05439733
46.49162292	0.05792553
46.51546478	0.02452429
46.53930664	0.02781549
46.56314850	0.06123691
46.58699036	0.05712832
46.61083221	0.01695169
46.63467407	0.04193273
46.65851593	0.07946865
46.68235779	0.06040296
46.70619965	0.01696339
46.73004150	0.07857348
46.75388336	0.12666480
46.77772522	0.07176761
46.80156708	0.08175273
46.82540894	0.33116270
46.84925079	0.42041940
46.87309265	0.18197020
46.89693451	0.07512351
46.92077637	0.20119540
46.94461823	0.19761400
46.96846008	0.06937458
46.99230194	0.03707475
47.01614380	0.07891209
47.03998566	0.06481531
47.06382751	0.01853352
47.08766937	0.02990076
47.11151123	0.04743279
47.13535309	0.03521391
47.15919495	0.00897810
47.18303680	0.02406671
47.20687866	0.03468940
47.23072052	0.02158875
47.25456238	0.00834133
47.27840424	0.02016934
47.30224609	0.02863897
47.32608795	0.01228520
47.34992981	0.00811155
47.37377167	0.01962769
47.39761353	0.02368157
47.42145538	0.00541917
47.44529724	0.00696240
47.46913910	0.02104942
47.49298096	0.01748683
47.51682281	0.00159436
47.54066467	0.00732397
47.56450653	0.02035978
47.58834839	0.01007796
47.61219025	0.04545439
47.63603210	0.19101370
47.65987396	0.25270610
47.68371582	0.12353790
47.70755768	0.01429775
47.73139954	0.02481117
47.75524139	0.02458669
47.77908325	0.00615038
47.80292511	0.00819542
47.82676697	0.02723305
47.85060883	0.01837012
47.87445068	0.00558137
47.89829254	0.01540320
47.92213440	0.02866700
47.94597626	0.01579387
47.96981812	0.00554708
47.99365997	0.02339304
48.01750183	0.02991073
48.04134369	0.01660968
48.06518555	0.00878633
48.08902740	0.03242273
48.11286926	0.03417270
48.13671112	0.01807845
48.16055298	0.01818963
48.18439484	0.04643804
48.20823669	0.04506400
48.23207855	0.01812084
48.25592041	0.03861038
48.27976227	0.08015047
48.30360413	0.06783525
48.32744598	0.02279177
48.35128784	0.12346850
48.37512970	0.22085360
48.39897156	0.14694800
48.42281342	0.07760476
48.44665527	0.33752690
48.47049713	0.48418220
48.49433899	0.24403670
48.51818085	0.03578381
48.54202271	0.11018660
48.56586456	0.12133390
48.58970642	0.04908817
48.61354828	0.02922592
48.63739014	0.07855942
48.66123199	0.06899867
48.68507385	0.02363819
48.70891571	0.03486345
48.73275757	0.06600500
48.75659943	0.04995010
48.78044128	0.01414965
48.80428314	0.04110361
