Частота	A * B
(kГц)	(?)

0.00000000	3.41814200
0.02384186	1.44422800
0.04768372	0.27219150
0.07152557	0.13494840
0.09536743	0.14729520
0.11920929	0.09826840
0.14305115	0.11149370
0.16689301	0.16059400
0.19073486	0.29691670
0.21457672	0.21995660
0.23841858	0.04107890
0.26226044	0.06377643
0.28610229	0.28936230
0.30994415	0.44444940
0.33378601	0.27657030
0.35762787	0.10655430
0.38146973	0.09961471
0.40531158	0.25270710
0.42915344	0.26035910
0.45299530	0.11065710
0.47683716	0.07603344
0.50067902	0.04478994
0.52452087	0.03782352
0.54836273	0.03719506
0.57220459	0.16534200
0.59604645	0.75221640
0.61988831	0.98820080
0.64373016	0.46758060
0.66757202	0.10146150
0.69141388	0.17459170
0.71525574	0.15503600
0.73909760	0.07325568
0.76293945	0.06088743
0.78678131	0.05549937
0.81062317	0.05644982
0.83446503	0.02881302
0.85830688	0.03235726
0.88214874	0.09307725
0.90599060	0.20697390
0.92983246	0.13925700
0.95367432	0.02871599
0.97751617	0.07836202
1.00135803	0.07998338
1.02519989	0.13456900
1.04904175	0.10417540
1.07288361	0.03419796
1.09672546	0.00631982
1.12056732	0.04051194
1.14440918	0.06280085
1.16825104	0.06560625
1.19209290	0.28343570
1.21593475	0.76462380
1.23977661	0.73771820
1.26361847	0.24625530
1.28746033	0.06462062
1.31130219	0.10537940
1.33514404	0.07474978
1.35898590	0.01542483
1.38282776	0.05183752
1.40666962	0.23219490
1.43051147	0.31448670
1.45435333	0.15686590
1.47819519	0.06977633
1.50203705	0.22300760
1.52587891	0.38278240
1.54972076	0.22364980
1.57356262	0.04659711
1.59740448	0.04500134
1.62124634	0.04488734
1.64508820	0.04170469
1.66893005	0.01174077
1.69277191	0.02729243
1.71661377	0.04542553
1.74045563	0.05910446
1.76429749	0.06321320
1.78813934	0.07010610
1.81198120	0.28683510
1.83582306	0.56741730
1.85966492	0.39738360
1.88350677	0.07769758
1.90734863	0.04508254
1.93119049	0.07866057
1.95503235	0.05438316
1.97887421	0.02248811
2.00271606	0.24104780
2.02655792	0.77292540
2.05039978	0.80268410
2.07424164	0.28257990
2.09808350	0.09759107
2.12192535	0.25430150
2.14576721	0.29783350
2.16960907	0.14674590
2.19345093	0.04564472
2.21729279	0.03996584
2.24113464	0.03842236
2.26497650	0.02077466
2.28881836	0.02481236
2.31266022	0.05864727
2.33650208	0.05659068
2.36034393	0.06982101
2.38418579	0.07311500
2.40802765	0.05623454
2.43186951	0.15148260
2.45571136	0.25387540
2.47955322	0.13700670
2.50339508	0.02819726
2.52723694	0.02114401
2.55107880	0.03738755
2.57492065	0.04042340
2.59876251	0.17493100
2.62260437	1.82119800
2.64644623	4.26975600
2.67028809	3.48201400
2.69412994	0.89102970
2.71797180	0.08913637
2.74181366	0.11982980
2.76565552	0.07389098
2.78949738	0.02731836
2.81333923	0.01615428
2.83718109	0.03251164
2.86102295	0.09089322
2.88486481	0.10242060
2.90870667	0.08370580
2.93254852	0.11393500
2.95639038	0.09272975
2.98023224	0.10158010
3.00407410	0.07903152
3.02791595	0.06856927
3.05175781	0.04973201
3.07559967	0.01184190
3.09944153	0.02856711
3.12328339	0.11667160
3.14712524	0.30217760
3.17096710	0.27704910
3.19480896	0.10860570
3.21865082	0.11370490
3.24249268	0.51434550
3.26633453	0.94847220
3.29017639	0.60884880
3.31401825	0.12764020
3.33786011	0.03726426
3.36170197	0.07124235
3.38554382	0.08510244
3.40938568	0.07487749
3.43322754	0.09103379
3.45706940	0.08812726
3.48091125	0.14864560
3.50475311	0.13374150
3.52859497	0.09606447
3.55243683	0.11617650
3.57627869	0.06088904
3.60012054	0.04483628
3.62396240	0.03379933
3.64780426	0.04097050
3.67164612	0.14660290
3.69548798	0.14662130
3.71932983	0.09407960
3.74317169	0.35017770
3.76701355	0.70186550
3.79085541	0.50722230
3.81469727	0.12202750
3.83853912	0.06541809
3.86238098	0.12422390
3.88622284	0.19312220
3.91006470	0.11059670
3.93390656	0.08742984
3.95774841	0.19740660
3.98159027	0.19898300
4.00543213	0.10833170
4.02927399	0.10249640
4.05311584	0.11655860
4.07695770	0.08408629
4.10079956	0.10544640
4.12464142	0.08104649
4.14848328	0.04481822
4.17232513	0.01780446
4.19616699	0.02604167
4.22000885	0.05338220
4.24385071	0.07676268
4.26769257	0.13185340
4.29153442	0.25929220
4.31537628	0.20234980
4.33921814	0.11491160
4.36306000	0.54548890
4.38690186	0.86717130
4.41074371	0.49015360
4.43458557	0.06422217
4.45842743	0.04197179
4.48226929	0.17690780
4.50611115	0.19838980
4.52995300	0.09861518
4.55379486	0.15266070
4.57763672	0.34591800
4.60147858	0.28054630
4.62532043	0.07370726
4.64916229	0.06581073
4.67300415	0.06319115
4.69684601	0.02531565
4.72068787	0.00985638
4.74452972	0.03523234
4.76837158	0.07978023
4.79221344	0.08079921
4.81605530	0.06659231
4.83989716	0.07848369
4.86373901	0.11790640
4.88758087	0.26537150
4.91142273	0.30276360
4.93526459	0.13434030
4.95910645	0.81404140
4.98294830	3.41011900
5.00679016	4.30291700
5.03063202	1.89983600
5.05447388	0.20914000
5.07831573	0.09251064
5.10215759	0.21923870
5.12599945	0.19013360
5.14984131	0.05723520
5.17368317	0.22376150
5.19752502	0.43893650
5.22136688	0.30838560
5.24520874	0.07374720
5.26905060	0.01295399
5.29289246	0.03142602
5.31673431	0.04582387
5.34057617	0.04431490
5.36441803	0.06037578
5.38825989	0.11548590
5.41210175	0.09292691
5.43594360	0.07001588
5.45978546	0.05568748
5.48362732	0.08850720
5.50746918	0.22069380
5.53131104	0.17478740
5.55515289	0.03171992
5.57899475	0.14783450
5.60283661	0.39689400
5.62667847	0.38285350
5.65052032	0.11571690
5.67436218	0.04722767
5.69820404	0.09591462
5.72204590	0.17045100
5.74588776	0.11455300
5.76972961	0.06556226
5.79357147	0.23903150
5.81741333	0.33019400
5.84125519	0.17359520
5.86509705	0.02220304
5.88893890	0.02947582
5.91278076	0.03891369
5.93662262	0.05088093
5.96046448	0.04788352
5.98430634	0.10025640
6.00814819	0.15458740
6.03199005	0.09771604
6.05583191	0.06198764
6.07967377	0.03846708
6.10351563	0.08142963
6.12735748	0.08882395
6.15119934	0.03616604
6.17504120	0.02277656
6.19888306	0.16396500
6.22272491	0.35304820
6.24656677	0.27294300
6.27040863	0.08128927
6.29425049	0.07359196
6.31809235	0.11396010
6.34193420	0.16312620
6.36577606	0.09120139
6.38961792	0.04287390
6.41345978	0.07988752
6.43730164	0.11004980
6.46114349	0.06002112
6.48498535	0.05537017
6.50882721	0.09187436
6.53266907	0.07776695
6.55651093	0.09606344
6.58035278	0.08786812
6.60419464	0.16144530
6.62803650	0.19125910
6.65187836	0.08742680
6.67572021	0.04463313
6.69956207	0.12581560
6.72340393	0.36375590
6.74724579	0.35888250
6.77108765	0.10459780
6.79492950	0.07128313
6.81877136	0.25886480
6.84261322	0.44361730
6.86645508	0.27989720
6.89029694	0.09156828
6.91413879	0.06643698
6.93798065	0.05901999
6.96182251	0.08076368
6.98566437	0.09935282
7.00950623	0.64585060
7.03334808	1.46010000
7.05718994	1.17428000
7.08103180	0.32648970
7.10487366	0.13113560
7.12871552	0.16273010
7.15255737	0.09375688
7.17639923	0.08938029
7.20024109	0.07208096
7.22408295	0.09545917
7.24792480	0.07990124
7.27176666	0.01722811
7.29560852	0.02484343
7.31945038	0.53027280
7.34329224	1.18674100
7.36713409	0.88793380
7.39097595	0.18468870
7.41481781	0.09070497
7.43865967	0.20084360
7.46250153	0.28020250
7.48634338	0.14556100
7.51018524	0.04526557
7.53402710	0.00468154
7.55786896	0.06225754
7.58171082	0.07715528
7.60555267	0.65503370
7.62939453	4.25720800
7.65323639	7.31843500
7.67707825	4.45757500
7.70092010	0.74396650
7.72476196	0.11624330
7.74860382	0.11923400
7.77244568	0.04411726
7.79628754	0.04162565
7.82012939	0.10951920
7.84397125	0.21139300
7.86781311	0.15955300
7.89165497	0.07522168
7.91549683	0.12599220
7.93933868	0.44647400
7.96318054	0.53794380
7.98702240	0.19110200
8.01086426	0.04263990
8.03470612	0.03012089
8.05854797	0.03463719
8.08238983	0.05809424
8.10623169	0.05761081
8.13007355	0.06884964
8.15391541	0.07634320
8.17775726	0.13708090
8.20159912	0.11427350
8.22544098	0.26645120
8.24928284	0.98471060
8.27312469	1.26732000
8.29696655	0.58683250
8.32080841	0.08518023
8.34465027	0.02603655
8.36849213	0.00477366
8.39233398	0.03449597
8.41617584	0.06281809
8.44001770	0.26532530
8.46385956	0.45755340
8.48770142	0.28560850
8.51154327	0.09422301
8.53538513	0.14272420
8.55922699	0.38618410
8.58306885	0.35512460
8.60691071	0.09987205
8.63075256	0.00541370
8.65459442	0.04736288
8.67843628	0.10518900
8.70227814	0.09209809
8.72612000	0.06229133
8.74996185	0.08532681
8.77380371	0.08905821
8.79764557	0.11367900
8.82148743	0.07204297
8.84532928	0.14132890
8.86917114	0.37037980
8.89301300	0.34296720
8.91685486	0.10063460
8.94069672	0.04960520
8.96453857	0.10337510
8.98838043	0.07997774
9.01222229	0.06534279
9.03606415	0.10664210
9.05990601	0.42430580
9.08374786	0.57297690
9.10758972	0.27815680
9.13143158	0.06515123
9.15527344	0.11313330
9.17911530	0.19556220
9.20295715	0.14556510
9.22679901	0.04144793
9.25064087	0.03873569
9.27448273	0.08346350
9.29832458	0.12448760
9.32216644	0.07959327
9.34600830	0.06165329
9.36985016	0.07148324
9.39369202	0.06080068
9.41753387	0.06057103
9.44137573	0.02478945
9.46521759	0.04549504
9.48905945	0.06339963
9.51290131	0.04330870
9.53674316	0.02404967
9.56058502	0.09587879
9.58442688	0.15536360
9.60826874	0.09688632
9.63211060	0.05764561
9.65595245	0.40705100
9.67979431	1.32211400
9.70363617	1.40700400
9.72747803	0.51231930
9.75131989	0.02982273
9.77516174	0.07003117
9.79900360	0.11571220
9.82284546	0.04868682
9.84668732	0.03940313
9.87052917	0.06021873
9.89437103	0.09788010
9.91821289	0.12837560
9.94205475	0.07242418
9.96589661	0.05602566
9.98973846	0.03991671
10.01358032	0.07728057
10.03742218	0.04730062
10.06126404	0.04399611
10.08510590	0.20795380
10.10894775	0.28707830
10.13278961	0.14469000
10.15663147	0.08136264
10.18047333	0.24606350
10.20431519	0.29633870
10.22815704	0.12976570
10.25199890	0.08067223
10.27584076	0.40242450
10.29968262	0.96955640
10.32352448	0.81088420
10.34736633	0.22589950
10.37120819	0.10855130
10.39505005	0.24156280
10.41889191	0.21936400
10.44273376	0.11860000
10.46657562	0.09395444
10.49041748	0.08667874
10.51425934	0.10899190
10.53810120	0.12015360
10.56194305	0.06350169
10.58578491	0.04559986
10.60962677	0.01776239
10.63346863	0.02739239
10.65731049	0.04803829
10.68115234	0.06042975
10.70499420	0.25194340
10.72883606	0.31294140
10.75267792	0.14570870
10.77651978	0.15737430
10.80036163	0.36296900
10.82420349	0.33721140
10.84804535	0.09625538
10.87188721	0.00870599
10.89572906	0.18401040
10.91957092	0.36218020
10.94341278	0.25636920
10.96725464	0.09249086
10.99109650	0.20980130
11.01493835	0.29469920
11.03878021	0.16170320
11.06262207	0.09474421
11.08646393	0.08662859
11.11030579	0.05942516
11.13414764	0.04158019
11.15798950	0.04869340
11.18183136	0.05279220
11.20567322	0.06717662
11.22951508	0.06585198
11.25335693	0.10549140
11.27719879	0.10484970
11.30104065	0.12503180
11.32488251	0.25600070
11.34872437	0.25423900
11.37256622	0.11017420
11.39640808	0.11507210
11.42024994	0.17845510
11.44409180	0.11804060
11.46793365	0.00867329
11.49177551	0.07937993
11.51561737	0.36270250
11.53945923	0.52547420
11.56330109	0.28138790
11.58714294	0.09801108
11.61098480	0.23429370
11.63482666	0.25610540
11.65866852	0.08278568
11.68251038	0.03055827
11.70635223	0.02080858
11.73019409	0.03433618
11.75403595	0.08724042
11.77787781	0.08242791
11.80171967	0.11771060
11.82556152	0.13756080
11.84940338	0.08465673
11.87324524	0.09549989
11.89708710	0.09714883
11.92092896	0.15075860
11.94477081	0.19704090
11.96861267	0.11307260
11.99245453	0.13062300
12.01629639	0.62888650
12.04013824	1.02483500
12.06398010	0.59108080
12.08782196	0.12416540
12.11166382	0.09770112
12.13550568	0.26867940
12.15934753	0.30731660
12.18318939	0.12792660
12.20703125	0.05847614
12.23087311	0.14900620
12.25471497	0.15716250
12.27855682	0.06447095
12.30239868	0.05177565
12.32624054	0.07387097
12.35008240	0.08498500
12.37392426	0.10609660
12.39776611	0.07919009
12.42160797	0.11632890
12.44544983	0.11082170
12.46929169	0.05212069
12.49313354	0.03669987
12.51697540	0.01478130
12.54081726	0.04890454
12.56465912	0.03872189
12.58850098	0.04031608
12.61234283	0.85902180
12.63618469	3.56204500
12.66002655	4.56676800
12.68386841	2.04657000
12.70771027	0.19546540
12.73155212	0.07156862
12.75539398	0.11625470
12.77923584	0.09826149
12.80307770	0.02236724
12.82691956	0.04251992
12.85076141	0.08069964
12.87460327	0.03770979
12.89844513	0.03546048
12.92228699	0.07126924
12.94612885	0.08562699
12.96997070	0.06770372
12.99381256	0.06851718
13.01765442	0.04650605
13.04149628	0.07979012
13.06533813	0.07005141
13.08917999	0.03416680
13.11302185	0.01787592
13.13686371	0.12338980
13.16070557	0.24231040
13.18454742	0.19963460
13.20838928	0.08204937
13.23223114	0.22635050
13.25607300	0.64439050
13.27991486	0.64074150
13.30375671	0.20975420
13.32759857	0.05055615
13.35144043	0.05692331
13.37528229	0.07216315
13.39912415	0.03665296
13.42296600	0.06696814
13.44680786	0.35286520
13.47064972	0.52309910
13.49449158	0.27678350
13.51833344	0.07868063
13.54217529	0.09356234
13.56601715	0.09195239
13.58985901	0.07728104
13.61370087	0.05767747
13.63754272	0.04157998
13.66138458	0.06537977
13.68522644	0.05175996
13.70906830	0.02245799
13.73291016	0.04282501
13.75675201	0.26133670
13.78059387	0.41801130
13.80443573	0.23059720
13.82827759	0.07461363
13.85211945	0.18774200
13.87596130	0.41967190
13.89980316	0.33381820
13.92364502	0.08859770
13.94748688	0.02415384
13.97132874	0.03497572
13.99517059	0.04120935
14.01901245	0.03892932
14.04285431	0.31392740
14.06669617	0.97176250
14.09053802	1.03759900
14.11437988	0.39445110
14.13822174	0.09812159
14.16206360	0.10724650
14.18590546	0.07243514
14.20974731	0.03419498
14.23358917	0.03119306
14.25743103	0.06480234
14.28127289	0.08857661
14.30511475	0.06041085
14.32895660	0.07665282
14.35279846	0.04257331
14.37664032	0.29210250
14.40048218	0.37926970
14.42432404	0.16369680
14.44816589	0.06683894
14.47200775	0.06989454
14.49584961	0.13325110
14.51969147	0.09399323
14.54353333	0.04815402
14.56737518	0.05044311
14.59121704	0.13108620
14.61505890	0.15907710
14.63890076	0.13144550
14.66274261	1.17354700
14.68658447	2.69215200
14.71042633	2.16068500
14.73426819	0.53244700
14.75811005	0.05432261
14.78195190	0.04006991
14.80579376	0.01548962
14.82963562	0.05046528
14.85347748	0.10571630
14.87731934	0.26286960
14.90116119	0.26946070
14.92500305	0.11229200
14.94884491	0.39168870
14.97268677	2.71795700
14.99652863	5.44768200
15.02037048	3.90384200
15.04421234	0.85976670
15.06805420	0.00735537
15.09189606	0.11660700
15.11573792	0.18492740
15.13957977	0.11324410
15.16342163	0.08957292
15.18726349	0.08747556
15.21110535	0.15493910
15.23494720	0.14611450
15.25878906	0.18938940
15.28263092	0.92937760
15.30647278	1.60807100
15.33031464	0.99505750
15.35415649	0.20172710
15.37799835	0.10427960
15.40184021	0.11436740
15.42568207	0.07575212
15.44952393	0.09543616
15.47336578	0.17747400
15.49720764	0.37867280
15.52104950	0.30302340
15.54489136	0.08393548
15.56873322	0.02801731
15.59257507	0.23938570
15.61641693	0.37237830
15.64025879	0.21061470
15.66410065	0.07111638
15.68794250	0.07587746
15.71178436	0.20566640
15.73562622	0.22936690
15.75946808	0.10743190
15.78330994	0.08433220
15.80715179	0.06034807
15.83099365	0.07494354
15.85483551	0.05820533
15.87867737	0.02274771
15.90251923	0.14919360
15.92636108	0.22355620
15.95020294	0.13185950
15.97404480	0.08006314
15.99788666	0.16641750
16.02172852	0.15268340
16.04557037	0.08147207
16.06941223	0.07337215
16.09325409	0.13906320
16.11709595	0.23374190
16.14093781	0.15241640
16.16477966	0.01882579
16.18862152	0.04549909
16.21246338	0.08608360
16.23630524	0.06125030
16.26014709	0.03898665
16.28398895	0.07071404
16.30783081	0.08244073
16.33167267	0.14833010
16.35551453	0.11663930
16.37935638	0.04060444
16.40319824	0.03826622
16.42704010	0.03147812
16.45088196	0.01411782
16.47472382	0.03179407
16.49856567	0.17477390
16.52240753	0.46955400
16.54624939	0.46357560
16.57009125	0.16571070
16.59393311	0.07973066
16.61777496	0.15150630
16.64161682	0.11618600
16.66545868	0.04391214
16.68930054	0.00620432
16.71314240	0.12989990
16.73698425	0.20122130
16.76082611	0.11622910
16.78466797	0.04554021
16.80850983	0.17255240
16.83235168	0.30237550
16.85619354	0.17546730
16.88003540	0.05241811
16.90387726	0.05842358
16.92771912	0.06587629
16.95156097	0.09387141
16.97540283	0.05828226
16.99924469	0.02094660
17.02308655	0.03166080
17.04692841	0.04310608
17.07077026	0.03854711
17.09461212	0.05307709
17.11845398	0.25835200
17.14229584	0.51312260
17.16613770	0.36749100
17.18997955	0.07581324
17.21382141	0.10920420
17.23766327	0.17294420
17.26150513	0.10007230
17.28534698	0.02017538
17.30918884	0.26335400
17.33303070	0.90800780
17.35687256	0.99727760
17.38071442	0.37780580
17.40455627	0.11008250
17.42839813	0.26663340
17.45223999	0.31272940
17.47608185	0.16042240
17.49992371	0.07081772
17.52376556	0.05889971
17.54760742	0.04520217
17.57144928	0.04664185
17.59529114	0.02281020
17.61913300	0.02551076
17.64297485	0.02765573
17.66681671	0.05682012
17.69065857	0.07260786
17.71450043	0.06320343
17.73834229	0.19249270
17.76218414	0.33986180
17.78602600	0.19735450
17.80986786	0.05607523
17.83370972	0.08835571
17.85755157	0.09298109
17.88139343	0.03754882
17.90523529	0.04746475
17.92907715	0.55320040
17.95291901	1.38199900
17.97676086	1.18336100
18.00060272	0.33462240
18.02444458	0.13101090
18.04828644	0.21501990
18.07212830	0.15124170
18.09597015	0.06956575
18.11981201	0.04471550
18.14365387	0.01682493
18.16749573	0.04047271
18.19133759	0.06069373
18.21517944	0.07329822
18.23902130	0.11676960
18.26286316	0.09546449
18.28670502	0.11309560
18.31054688	0.10308050
18.33438873	0.08869787
18.35823059	0.10319530
18.38207245	0.14191290
18.40591431	0.07826731
18.42975616	0.09346651
18.45359802	0.23742370
18.47743988	0.22217380
18.50128174	0.08493169
18.52512360	0.09410863
18.54896545	0.42330920
18.57280731	0.81735340
18.59664917	0.55585580
18.62049103	0.13624810
18.64433289	0.06824958
18.66817474	0.06334464
18.69201660	0.03985813
18.71585846	0.04483786
18.73970032	0.06893127
18.76354218	0.06316062
18.78738403	0.12345810
18.81122589	0.12623140
18.83506775	0.11139440
18.85890961	0.14588100
18.88275146	0.09024668
18.90659332	0.07363061
18.93043518	0.05608866
18.95427704	0.04928298
18.97811890	0.03380423
19.00196075	0.03690054
19.02580261	0.06913999
19.04964447	0.39063790
19.07348633	0.84688780
19.09732819	0.64264730
19.12117004	0.16704230
19.14501190	0.09064470
19.16885376	0.19312470
19.19269562	0.30274240
19.21653748	0.17217990
19.24037933	0.07287502
19.26422119	0.10070600
19.28806305	0.09041037
19.31190491	0.07081027
19.33574677	0.08001452
19.35958862	0.10499730
19.38343048	0.08117056
19.40727234	0.11736300
19.43111420	0.09089848
19.45495605	0.06938183
19.47879791	0.06730454
19.50263977	0.02582552
19.52648163	0.01825618
19.55032349	0.04152583
19.57416534	0.08599339
19.59800720	0.18254760
19.62184906	0.15448590
19.64569092	0.18805550
19.66953278	1.16949000
19.69337463	1.96199700
19.71721649	1.16994800
19.74105835	0.18954120
19.76490021	0.02578530
19.78874207	0.04002341
19.81258392	0.04754158
19.83642578	0.03872443
19.86026764	0.12864480
19.88410950	0.30829020
19.90795135	0.25738750
19.93179321	0.07120241
19.95563507	0.06788915
19.97947693	0.10262990
20.00331879	0.07874187
20.02716064	0.02203571
20.05100250	0.01045260
20.07484436	0.02203772
20.09868622	0.03631856
20.12252808	0.04720587
20.14636993	0.05694687
20.17021179	0.11421280
20.19405365	0.27108760
20.21789551	0.31629850
20.24173737	0.15003710
20.26557922	0.20615530
20.28942108	0.76663640
20.31326294	0.99468990
20.33710480	0.44605140
20.36094666	0.02617488
20.38478851	0.06293632
20.40863037	0.13339300
20.43247223	0.10921020
20.45631409	0.04959753
20.48015594	0.27455190
20.50399780	0.54142620
20.52783966	0.38203740
20.55168152	0.09281005
20.57552338	0.04376661
20.59936523	0.05688733
20.62320709	0.04292813
20.64704895	0.02565968
20.67089081	0.01461833
20.69473267	0.06467499
20.71857452	0.06507364
20.74241638	0.05847818
20.76625824	0.05260487
20.79010010	0.12690920
20.81394196	0.31584580
20.83778381	0.25429560
20.86162567	0.05761675
20.88546753	0.07031141
20.90930939	0.17884480
20.93315125	0.17723770
20.95699310	0.04467366
20.98083496	0.03442929
21.00467682	0.07667247
21.02851868	0.14465180
21.05236053	0.10474440
21.07620239	0.10428700
21.10004425	0.44876900
21.12388611	0.63340400
21.14772797	0.33048530
21.17156982	0.06865109
21.19541168	0.03367573
21.21925354	0.03720033
21.24309540	0.02883089
21.26693726	0.03478647
21.29077911	0.09706961
21.31462097	0.15670420
21.33846283	0.10083540
21.36230469	0.07308754
21.38614655	0.05075459
21.40998840	0.03571734
21.43383026	0.11340000
21.45767212	0.07836731
21.48151398	0.02572160
21.50535583	0.06771667
21.52919769	0.15903850
21.55303955	0.13500850
21.57688141	0.06332456
21.60072327	0.07331024
21.62456512	0.12308840
21.64840698	0.19002550
21.67224884	0.11786100
21.69609070	0.14638480
21.71993256	0.38688590
21.74377441	0.38605250
21.76761627	0.12005720
21.79145813	0.03579118
21.81529999	0.06761902
21.83914185	0.05683511
21.86298370	0.08881110
21.88682556	0.09391762
21.91066742	0.20198690
21.93450928	0.26149370
21.95835114	0.12804920
21.98219299	0.07012568
22.00603485	0.15501880
22.02987671	0.33868200
22.05371857	0.28992840
22.07756042	0.05662169
22.10140228	0.05193164
22.12524414	0.20055440
22.14908600	0.36665260
22.17292786	0.24831660
22.19676971	0.10598750
22.22061157	0.09456065
22.24445343	0.10313910
22.26829529	0.13053510
22.29213715	0.11690110
22.31597900	0.66453200
22.33982086	1.55636500
22.36366272	1.28877900
22.38750458	0.36614840
22.41134644	0.13464420
22.43518829	0.17547170
22.45903015	0.10551140
22.48287201	0.11128870
22.50671387	0.10780380
22.53055573	0.19418790
22.55439758	0.19286300
22.57823944	0.06024776
22.60208130	0.10317500
22.62592316	0.74121000
22.64976501	1.45536700
22.67360687	1.04905500
22.69744873	0.28870560
22.72129059	0.09665505
22.74513245	0.21560710
22.76897430	0.30822680
22.79281616	0.16771390
22.81665802	0.06495923
22.84049988	0.03400982
22.86434174	0.01311771
22.88818359	0.04033146
22.91202545	0.15738720
22.93586731	1.10780400
22.95970917	1.98931800
22.98355103	1.26991600
23.00739288	0.23239850
23.03123474	0.15010800
23.05507660	0.16411830
23.07891846	0.06544656
23.10276031	0.04431260
23.12660217	0.05540355
23.15044403	0.08881623
23.17428589	0.05962715
23.19812775	0.04743252
23.22196960	0.09468172
23.24581146	0.27884850
23.26965332	0.30369080
23.29349518	0.07479686
23.31733704	0.06176334
23.34117889	0.06331240
23.36502075	0.08708191
23.38886261	0.09648488
23.41270447	0.05049289
23.43654633	0.02977228
23.46038818	0.04079684
23.48423004	0.09693789
23.50807190	0.08948673
23.53191376	0.20766790
23.55575562	0.76637200
23.57959747	1.01346700
23.60343933	0.48165250
23.62728119	0.06962754
23.65112305	0.06551094
23.67496490	0.06442980
23.69880676	0.02767003
23.72264862	0.03141848
23.74649048	0.21837610
23.77033234	0.40230570
23.79417419	0.26275680
23.81801605	0.08861059
23.84185791	0.15617770
23.86569977	0.38994630
23.88954163	0.33487730
23.91338348	0.08290136
23.93722534	0.02416525
23.96106720	0.02832648
23.98490906	0.03669312
24.00875092	0.03094535
24.03259277	0.04991862
24.05643463	0.06829129
24.08027649	0.06463489
24.10411835	0.08912533
24.12796021	0.06592813
24.15180206	0.17962890
24.17564392	0.49164800
24.19948578	0.47328940
24.22332764	0.14391010
24.24716949	0.00505506
24.27101135	0.04701242
24.29485321	0.05177091
24.31869507	0.04283836
24.34253693	0.10854940
24.36637878	0.54264250
24.39022064	0.77671720
24.41406250	0.39240850
24.43790436	0.08966319
24.46174622	0.16867460
24.48558807	0.27574270
24.50942993	0.18338970
24.53327179	0.04617624
24.55711365	0.02693326
24.58095551	0.05417930
24.60479736	0.06310511
24.62863922	0.03820414
24.65248108	0.06058152
24.67632294	0.07498665
24.70016479	0.06898142
24.72400665	0.07602824
24.74784851	0.04976515
24.77169037	0.05042768
24.79553223	0.14600420
24.81937408	0.12176310
24.84321594	0.02092267
24.86705780	0.05173698
24.89089966	0.08672132
24.91474152	0.07477324
24.93858337	0.10210320
24.96242523	2.93194600
24.98626709	10.05112000
25.01010895	11.18179000
25.03395081	4.24788100
25.05779266	0.29555450
25.08163452	0.06260336
25.10547638	0.05556249
25.12931824	0.02602422
25.15316010	0.02658319
25.17700195	0.04532321
25.20084381	0.09029517
25.22468567	0.13042120
25.24852753	0.08514673
25.27236938	0.10231450
25.29621124	0.10002630
25.32005310	0.07689776
25.34389496	0.07311834
25.36773682	0.04908538
25.39157867	0.10150820
25.41542053	0.11096410
25.43926239	0.04895888
25.46310425	0.07442434
25.48694611	0.26439940
25.51078796	0.33692500
25.53462982	0.15643420
25.55847168	0.09355456
25.58231354	0.36856970
25.60615540	0.94482040
25.62999725	0.82803820
25.65383911	0.24147260
25.67768097	0.06566215
25.70152283	0.14496620
25.72536469	0.14746580
25.74920654	0.10036670
25.77304840	0.09455924
25.79689026	0.09740465
25.82073212	0.12648300
25.84457397	0.15313420
25.86841583	0.09577203
25.89225769	0.08457837
25.91609955	0.05253971
25.93994141	0.02563648
25.96378326	0.03906631
25.98762512	0.01692802
26.01146698	0.17098410
26.03530884	0.22910880
26.05915070	0.12492200
26.08299255	0.19715860
26.10683441	0.52080420
26.13067627	0.51499860
26.15451813	0.16899250
26.17835999	0.05136188
26.20220184	0.04675065
26.22604370	0.14412180
26.24988556	0.11983020
26.27372742	0.06988756
26.29756927	0.18235990
26.32141113	0.26410430
26.34525299	0.15116070
26.36909485	0.11072640
26.39293671	0.10868750
26.41677856	0.08465074
26.44062042	0.08197299
26.46446228	0.07774304
26.48830414	0.04604148
26.51214600	0.03468390
26.53598785	0.03393571
26.55982971	0.07358443
26.58367157	0.08884010
26.60751343	0.11740920
26.63135529	0.25525080
26.65519714	0.25938970
26.67903900	0.11431770
26.70288086	0.23575420
26.72672272	0.49041710
26.75056458	0.38428310
26.77440643	0.08292753
26.79824829	0.03984100
26.82209015	0.21958690
26.84593201	0.33208190
26.86977386	0.19007730
26.89361572	0.10137650
26.91745758	0.28887580
26.94129944	0.32418210
26.96514130	0.10920010
26.98898315	0.05161996
27.01282501	0.03982562
27.03666687	0.02105314
27.06050873	0.02098476
27.08435059	0.04331229
27.10819244	0.09401970
27.13203430	0.11838420
27.15587616	0.08724712
27.17971802	0.09366712
27.20355988	0.10055360
27.22740173	0.19145450
27.25124359	0.28608960
27.27508545	0.17373600
27.29892731	0.11783470
27.32276917	0.58525600
27.34661102	1.01380500
27.37045288	0.61684140
27.39429474	0.12064270
27.41813660	0.07871505
27.44197845	0.22658850
27.46582031	0.26461420
27.48966217	0.11018130
27.51350403	0.10981950
27.53734589	0.30791440
27.56118774	0.29823940
27.58502960	0.09393042
27.60887146	0.01872077
27.63271332	0.05183113
27.65655518	0.07781633
27.68039703	0.08235657
27.70423889	0.06195350
27.72808075	0.11381810
27.75192261	0.11735980
27.77576447	0.06569920
27.79960632	0.05415209
27.82344818	0.04526256
27.84729004	0.13278000
27.87113190	0.14551890
27.89497375	0.04737373
27.91881561	0.16945010
27.94265747	0.74480980
27.96649933	0.99339440
27.99034119	0.46654690
28.01418304	0.06526455
28.03802490	0.08140919
28.06186676	0.16009850
28.08570862	0.14543360
28.10955048	0.05157807
28.13339233	0.07794198
28.15723419	0.14409150
28.18107605	0.11072190
28.20491791	0.03305835
28.22875977	0.04024875
28.25260162	0.06201537
28.27644348	0.06783095
28.30028534	0.07059662
28.32412720	0.06702022
28.34796906	0.12032870
28.37181091	0.10001620
28.39565277	0.05263244
28.41949463	0.03243631
28.44333649	0.09442889
28.46717834	0.15430530
28.49102020	0.10650290
28.51486206	0.04000146
28.53870392	0.14700390
28.56254578	0.44718400
28.58638763	0.46714070
28.61022949	0.16939190
28.63407135	0.06783687
28.65791321	0.07894113
28.68175507	0.13021950
28.70559692	0.08933105
28.72943878	0.04587170
28.75328064	0.20400320
28.77712250	0.32521980
28.80096436	0.18584900
28.82480621	0.07007307
28.84864807	0.09354381
28.87248993	0.08932090
28.89633179	0.08655670
28.92017365	0.08494344
28.94401550	0.10303480
28.96785736	0.15067670
28.99169922	0.09553961
29.01554108	0.02960017
29.03938293	0.05155609
29.06322479	0.28242860
29.08706665	0.42495860
29.11090851	0.22568910
29.13475037	0.07613692
29.15859222	0.18658770
29.18243408	0.43756480
29.20627594	0.36753170
29.23011780	0.11609060
29.25395966	0.05891210
29.27780151	0.02765094
29.30164337	0.03821718
29.32548523	0.04500307
29.34932709	0.35513610
29.37316895	1.16139400
29.39701080	1.28054900
29.42085266	0.49962400
29.44469452	0.12861890
29.46853638	0.15244880
29.49237823	0.10461860
29.51622009	0.06454668
29.54006195	0.06556471
29.56390381	0.05967586
29.58774567	0.03647951
29.61158752	0.01730211
29.63542938	0.04522292
29.65927124	0.12830940
29.68311310	0.56676290
29.70695496	0.64628520
29.73079681	0.24883470
29.75463867	0.08696707
29.77848053	0.12994240
29.80232239	0.22580080
29.82616425	0.16314560
29.85000610	0.03906513
29.87384796	0.03094714
29.89768982	0.10261400
29.92153168	0.10402940
29.94537354	0.90223120
29.96921539	11.25665000
29.99305725	27.22597000
30.01689911	22.81113000
30.04074097	6.06755400
30.06458282	0.19049340
30.08842468	0.12103330
30.11226654	0.03364264
30.13610840	0.01013017
30.15995026	0.09204914
30.18379211	0.22023870
30.20763397	0.24773620
30.23147583	0.10390870
30.25531769	0.09750291
30.27915955	0.46509330
30.30300140	0.87645760
30.32684326	0.54756280
30.35068512	0.05779974
30.37452698	0.03088556
30.39836884	0.04128812
30.42221069	0.08137674
30.44605255	0.06598473
30.46989441	0.07565419
30.49373627	0.07740054
30.51757813	0.14133590
30.54141998	0.14142030
30.56526184	0.16790420
30.58910370	0.80681220
30.61294556	1.44455600
30.63678741	0.92380080
30.66062927	0.18652490
30.68447113	0.05380598
30.70831299	0.05281158
30.73215485	0.04911661
30.75599670	0.07549225
30.77983856	0.19184680
30.80368042	0.43030010
30.82752228	0.36159100
30.85136414	0.11293890
30.87520599	0.07928368
30.89904785	0.30266470
30.92288971	0.40622470
30.94673157	0.19825110
30.97057343	0.03265454
30.99441528	0.04653907
31.01825714	0.14102420
31.04209900	0.15841740
31.06594086	0.08219557
31.08978271	0.09127936
31.11362457	0.07904053
31.13746643	0.10637330
31.16130829	0.08233924
31.18515015	0.06848425
31.20899200	0.17768110
31.23283386	0.21463420
31.25667572	0.08572049
31.28051758	0.06210039
31.30435944	0.13792060
31.32820129	0.13361760
31.35204315	0.07539785
31.37588501	0.07016923
31.39972687	0.24015920
31.42356873	0.44138420
31.44741058	0.29820630
31.47125244	0.06559177
31.49509430	0.03671967
31.51893616	0.10485330
31.54277802	0.11911390
31.56661987	0.05198494
31.59046173	0.04971860
31.61430359	0.07257072
31.63814545	0.13526370
31.66198730	0.11142170
31.68582916	0.04979827
31.70967102	0.06162005
31.73351288	0.04637661
31.75735474	0.04211103
31.78119659	0.01256320
31.80503845	0.08486649
31.82888031	0.21348540
31.85272217	0.21176440
31.87656403	0.08468936
31.90040588	0.07349502
31.92424774	0.15999780
31.94808960	0.12988050
31.97193146	0.06857281
31.99577332	0.08878037
32.01961517	0.45852240
32.04345703	0.67617590
32.06729889	0.35711900
32.09114075	0.04131871
32.11498260	0.10101580
32.13882446	0.19864200
32.16266632	0.12132760
32.18650818	0.04378513
32.21035004	0.06359260
32.23419189	0.08214004
32.25803375	0.12564960
32.28187561	0.08870474
32.30571747	0.05226261
32.32955933	0.05917458
32.35340118	0.04322854
32.37724304	0.02036824
32.40108490	0.02757715
32.42492676	0.19519250
32.44876862	0.39302300
32.47261047	0.28824540
32.49645233	0.07326780
32.52029419	0.16048260
32.54413605	0.26371580
32.56797791	0.16000180
32.59181976	0.06715360
32.61566162	0.28284880
32.63950348	0.92556970
32.66334534	1.04512600
32.68718719	0.39793350
32.71102905	0.09365226
32.73487091	0.24826280
32.75871277	0.29259870
32.78255463	0.15869000
32.80639648	0.09128066
32.83023834	0.08514957
32.85408020	0.07391783
32.87792206	0.09784520
32.90176392	0.06018800
32.92560577	0.02441686
32.94944763	0.00280837
32.97328949	0.03578603
32.99713135	0.05308759
33.02097321	0.05004076
33.04481506	0.19938610
33.06865692	0.36053030
33.09249878	0.21834230
33.11634064	0.08568981
33.14018250	0.21639690
33.16402435	0.26571210
33.18786621	0.11400750
33.21170807	0.00541267
33.23554993	0.22087500
33.25939178	0.61145890
33.28323364	0.55662480
33.30707550	0.18191660
33.33091736	0.15812300
33.35475922	0.28165540
33.37860107	0.20451500
33.40244293	0.09674439
33.42628479	0.07330118
33.45012665	0.04869248
33.47396851	0.00321771
33.49781036	0.03870851
33.52165222	0.05801991
33.54549408	0.09056407
33.56933594	0.07401371
33.59317780	0.10436170
33.61701965	0.10299230
33.64086151	0.09971382
33.66470337	0.18330890
33.68854523	0.24747680
33.71238708	0.13267730
33.73622894	0.08930396
33.76007080	0.14760540
33.78391266	0.12285650
33.80775452	0.03522680
33.83159637	0.06901328
33.85543823	0.31538550
33.87928009	0.64290790
33.90312195	0.45906810
33.92696381	0.11984450
33.95080566	0.13954660
33.97464752	0.19685620
33.99848938	0.09209452
34.02233124	0.01975550
34.04617310	0.04317972
34.07001495	0.03227542
34.09385681	0.08430217
34.11769867	0.09705438
34.14154053	0.10442470
34.16538239	0.14445880
34.18922424	0.09162916
34.21306610	0.09359822
34.23690796	0.08047176
34.26074982	0.09331983
34.28459167	0.11939750
34.30843353	0.08858585
34.33227539	0.07989695
34.35611725	0.42473160
34.37995911	0.95144490
34.40380096	0.75474360
34.42764282	0.20069110
34.45148468	0.09211545
34.47532654	0.22336990
34.49916840	0.35092970
34.52301025	0.19731690
34.54685211	0.04770858
34.57069397	0.03025112
34.59453583	0.06652951
34.61837769	0.06370809
34.64221954	0.06056755
34.66606140	0.09095525
34.68990326	0.08226506
34.71374512	0.12451160
34.73758698	0.09880850
34.76142883	0.09145930
34.78527069	0.10249490
34.80911255	0.04516567
34.83295441	0.03033325
34.85679626	0.02536156
34.88063812	0.04384318
34.90447998	0.07965966
34.92832184	0.08134495
34.95216370	0.69761240
34.97600555	4.80710300
34.99984741	8.49649200
35.02368927	5.31224900
35.04753113	0.92262410
35.07137299	0.04948192
35.09521484	0.05668790
35.11905670	0.06581830
35.14289856	0.02675478
35.16674042	0.07906467
35.19058228	0.19380370
35.21442413	0.16138080
35.23826599	0.04428729
35.26210785	0.06935650
35.28594971	0.09126055
35.30979156	0.06298068
35.33363342	0.06069830
35.35747528	0.03263713
35.38131714	0.04024630
35.40515900	0.04172386
35.42900085	0.02770046
35.45284271	0.02994949
35.47668457	0.09944750
35.50052643	0.25554340
35.52436829	0.28926910
35.54821014	0.13990380
35.57205200	0.16728730
35.59589386	0.61836300
35.61973572	0.83774570
35.64357758	0.40526200
35.66741943	0.04111339
35.69126129	0.03871599
35.71510315	0.05985370
35.73894501	0.04374538
35.76278687	0.01813440
35.78662872	0.26485790
35.81047058	0.55437230
35.83431244	0.40468400
35.85815430	0.11402130
35.88199615	0.07607920
35.90583801	0.09252682
35.92967987	0.06016401
35.95352173	0.04356881
35.97736359	0.01150552
36.00120544	0.03116399
36.02504730	0.04313545
36.04888916	0.04139392
36.07273102	0.03628786
36.09657288	0.14987580
36.12041473	0.37097930
36.14425659	0.30071530
36.16809845	0.08289089
36.19194031	0.10547660
36.21578217	0.30968170
36.23962402	0.33163600
36.26346588	0.12138510
36.28730774	0.00433478
36.31114960	0.04278618
36.33499146	0.08445617
36.35883331	0.06625249
36.38267517	0.14018710
36.40651703	0.64130680
36.43035889	0.93994530
36.45420074	0.49856330
36.47804260	0.10530570
36.50188446	0.07104405
36.52572632	0.06361278
36.54956818	0.02057367
36.57341003	0.01668743
36.59725189	0.06458998
36.62109375	0.11840990
36.64493561	0.07799961
36.66877747	0.07483307
36.69261932	0.05409177
36.71646118	0.11655480
36.74030304	0.27454990
36.76414490	0.18363970
36.78798676	0.05943851
36.81182861	0.01826838
36.83567047	0.04764187
36.85951233	0.06085559
36.88335419	0.05417851
36.90719604	0.06025333
36.93103790	0.10974300
36.95487976	0.17741710
36.97872162	0.11409880
37.00256348	0.36987700
37.02640533	1.19751300
37.05024719	1.30719500
37.07408905	0.48300400
37.09793091	0.03669205
37.12177277	0.03186430
37.14561462	0.01273458
37.16945648	0.05600717
37.19329834	0.08021744
37.21714020	0.21825680
37.24098206	0.29633470
37.26482391	0.14982470
37.28866577	0.10116610
37.31250763	0.26467750
37.33634949	0.60771190
37.36019135	0.58116320
37.38403320	0.19937190
37.40787506	0.02259857
37.43171692	0.12790210
37.45555878	0.25291610
37.47940063	0.18290730
37.50324249	0.09765717
37.52708435	0.09038784
37.55092621	0.11585800
37.57476807	0.15750190
37.59860992	0.12743240
37.62245178	0.64698690
37.64629364	1.57367700
37.67013550	1.34247900
37.69397736	0.38377370
37.71781921	0.10621100
37.74166107	0.14776310
37.76550293	0.08855429
37.78934479	0.09678838
37.81318665	0.12114680
37.83702850	0.28597470
37.86087036	0.30306880
37.88471222	0.11398810
37.90855408	0.02057637
37.93239594	0.14243300
37.95623779	0.35538860
37.98007965	0.30772400
38.00392151	0.12530470
38.02776337	0.08579177
38.05160522	0.19086260
38.07544708	0.27936350
38.09928894	0.16157930
38.12313080	0.08374809
38.14697266	0.06383129
38.17081451	0.04673037
38.19465637	0.04974483
38.21849823	0.03002403
38.24234009	0.35958300
38.26618195	0.69152960
38.29002380	0.47414320
38.31386566	0.11367970
38.33770752	0.15164890
38.36154938	0.18486470
38.38539124	0.08868874
38.40923309	0.06578512
38.43307495	0.06267466
38.45691681	0.10400960
38.48075867	0.08639029
38.50460052	0.02241991
38.52844238	0.05711552
38.55228424	0.15059250
38.57612610	0.14395770
38.59996796	0.00675359
38.62380981	0.07234707
38.64765167	0.08271442
38.67149353	0.11994700
38.69533539	0.13265490
38.71917725	0.05538667
38.74301910	0.00368359
38.76686096	0.02118533
38.79070282	0.04016566
38.81454468	0.04190040
38.83838654	0.14390970
38.86222839	0.53708430
38.88607025	0.72378360
38.90991211	0.35954960
38.93375397	0.07296456
38.95759583	0.11573190
38.98143768	0.12248200
39.00527954	0.05080554
39.02912140	0.00398124
39.05296326	0.12576540
39.07680511	0.25432280
39.10064697	0.18094300
39.12448883	0.07416047
39.14833069	0.14270930
39.17217255	0.34246640
39.19601440	0.28883220
39.21985626	0.07695162
39.24369812	0.04227490
39.26753998	0.05003866
39.29138184	0.06429049
39.31522369	0.04884459
39.33906555	0.00451264
39.36290741	0.02871736
39.38674927	0.04988414
39.41059113	0.06907687
39.43443298	0.05533891
39.45827484	0.17478040
39.48211670	0.49422420
39.50595856	0.49109690
39.52980042	0.15775130
39.55364227	0.04972920
39.57748413	0.10357910
39.60132599	0.08803257
39.62516785	0.03050081
39.64900970	0.11550340
39.67285156	0.64798090
39.69669342	0.98438760
39.72053528	0.53228320
39.74437714	0.12266390
39.76821899	0.20490370
39.79206085	0.32377900
39.81590271	0.21304580
39.83974457	0.07917245
39.86358643	0.04604923
39.88742828	0.03766216
39.91127014	0.02399776
39.93511200	0.00186144
39.95895386	0.05540536
39.98279572	0.11786870
40.00663757	0.13078350
40.03047943	0.10864920
40.05432129	0.07099059
40.07816315	0.10478170
40.10200500	0.27869390
40.12584686	0.22744330
40.14968872	0.06432889
40.17353058	0.02462451
40.19737244	0.01220313
40.22121429	0.03046801
40.24505615	0.04569013
40.26889801	0.60712890
40.29273987	2.22814600
40.31658173	2.60199200
40.34042358	1.05189800
40.36426544	0.09657101
40.38810730	0.14865420
40.41194916	0.13831700
40.43579102	0.07003304
40.45963287	0.03675779
40.48347473	0.00937454
40.50731659	0.04611091
40.53115845	0.07960887
40.55500031	0.07296663
40.57884216	0.11127190
40.60268402	0.10671190
40.62652588	0.10110750
40.65036774	0.10841830
40.67420959	0.08309495
40.69805145	0.06084662
40.72189331	0.05531345
40.74573517	0.04708243
40.76957703	0.07081806
40.79341888	0.23588290
40.81726074	0.31482780
40.84110260	0.14423320
40.86494446	0.07874222
40.88878632	0.31167510
40.91262817	0.84191670
40.93647003	0.77826080
40.96031189	0.25377740
40.98415375	0.04997891
41.00799561	0.02076917
41.03183746	0.05851353
41.05567932	0.06525525
41.07952118	0.07334913
41.10336304	0.07640892
41.12720490	0.11665720
41.15104675	0.14783390
41.17488861	0.10508660
41.19873047	0.12696740
41.22257233	0.09193639
41.24641418	0.05237723
41.27025604	0.05043343
41.29409790	0.02909886
41.31793976	0.08626404
41.34178162	0.12027680
41.36562347	0.08077250
41.38946533	0.23176010
41.41330719	0.66873150
41.43714905	0.69049680
41.46099091	0.24497130
41.48483276	0.08196307
41.50867462	0.10370380
41.53251648	0.23098450
41.55635834	0.17878710
41.58020020	0.07927825
41.60404205	0.13509540
41.62788391	0.18681830
41.65172577	0.11112260
41.67556763	0.09845030
41.69940948	0.11322690
41.72325134	0.09954225
41.74709320	0.10262670
41.77093506	0.10058910
41.79477692	0.05862949
41.81861877	0.04953337
41.84246063	0.02317865
41.86630249	0.03119267
41.89014435	0.06025349
41.91398621	0.09915504
41.93782806	0.21432760
41.96166992	0.22385030
41.98551178	0.10880830
42.00935364	0.47066920
42.03319550	1.07763600
42.05703735	0.87861520
42.08087921	0.21566620
42.10472107	0.01039009
42.12856293	0.09452491
42.15240479	0.15401340
42.17624664	0.10407740
42.20008850	0.09772332
42.22393036	0.28889890
42.24777222	0.33910590
42.27161407	0.12722700
42.29545593	0.06459508
42.31929779	0.06952170
42.34313965	0.04752333
42.36698151	0.02424999
42.39082336	0.02633951
42.41466522	0.05416076
42.43850708	0.06905465
42.46234894	0.06008380
42.48619080	0.07630526
42.51003265	0.09981155
42.53387451	0.21758480
42.55771637	0.33136210
42.58155823	0.20647840
42.60540009	0.12544440
42.62924194	0.57723710
42.65308380	1.03990900
42.67692566	0.65984370
42.70076752	0.11666540
42.72460938	0.05133838
42.74845123	0.15891040
42.77229309	0.19120490
42.79613495	0.09093552
42.81997681	0.14581610
42.84381866	0.42645330
42.86766052	0.41667710
42.89150238	0.13210790
42.91534424	0.02110844
42.93918610	0.02522820
42.96302795	0.03695160
42.98686981	0.03318485
43.01071167	0.03160435
43.03455353	0.09070632
43.05839539	0.10365450
43.08223724	0.06799580
43.10607910	0.06151665
43.12992096	0.06847222
43.15376282	0.21902560
43.17760468	0.25314890
43.20144653	0.09229874
43.22528839	0.06310530
43.24913025	0.20929220
43.27297211	0.27112920
43.29681396	0.11898960
43.32065582	0.03621074
43.34449768	0.07245884
43.36833954	0.15537220
43.39218140	0.14379840
43.41602325	0.05845981
43.43986511	0.22405240
43.46370697	0.43176870
43.48754883	0.31393360
43.51139069	0.08073349
43.53523254	0.00656548
43.55907440	0.02562194
43.58291626	0.04296189
43.60675812	0.04830016
43.63059998	0.06239806
43.65444183	0.14254890
43.67828369	0.12587550
43.70212555	0.07610129
43.72596741	0.06525628
43.74980927	0.04940085
43.77365112	0.05872124
43.79749298	0.03715165
43.82133484	0.01054252
43.84517670	0.07685773
43.86901855	0.25255860
43.89286041	0.27947140
43.91670227	0.11306400
43.94054413	0.07439993
43.96438599	0.09292341
43.98822784	0.17570960
44.01206970	0.13590330
44.03591156	0.06050601
44.05975342	0.06128240
44.08359528	0.04290390
44.10743713	0.00388461
44.13127899	0.02704628
44.15512085	0.07462704
44.17896271	0.07397666
44.20280457	0.08240931
44.22664642	0.09607483
44.25048828	0.13381970
44.27433014	0.22275260
44.29817200	0.14952800
44.32201385	0.05357123
44.34585571	0.07610933
44.36969757	0.27456130
44.39353943	0.36349230
44.41738129	0.16202070
44.44122314	0.05720020
44.46506500	0.15668010
44.48890686	0.38924800
44.51274872	0.34208840
44.53659058	0.12402130
44.56043243	0.08444040
44.58427429	0.06563997
44.60811615	0.09985297
44.63195801	0.07140906
44.65579987	0.37775710
44.67964172	1.27840100
44.70348358	1.44761100
44.72732544	0.57577960
44.75116730	0.13755460
44.77500916	0.17488930
44.79885101	0.12718260
44.82269287	0.09427043
44.84653473	0.09139833
44.87037659	0.11820620
44.89421844	0.13578800
44.91806030	0.06047922
44.94190216	0.00262630
44.96574402	0.44156250
44.98958588	1.47099100
45.01342773	1.52635400
45.03726959	0.50576740
45.06111145	0.09064878
45.08495331	0.15992860
45.10879517	0.29692300
45.13263702	0.20950940
45.15647888	0.07142863
45.18032074	0.02856722
45.20416260	0.02460301
45.22800446	0.06183644
45.25184631	0.12631290
45.27568817	1.54688500
45.29953003	3.93672100
45.32337189	3.43766800
45.34721375	0.97891610
45.37105560	0.10564140
45.39489746	0.14446320
45.41873932	0.08307981
45.44258118	0.03171811
45.46642303	0.06158805
45.49026489	0.14845460
45.51410675	0.15281780
45.53794861	0.06821222
45.56179047	0.08394953
45.58563232	0.28973020
45.60947418	0.48305540
45.63331604	0.26103750
45.65715790	0.03486681
45.68099976	0.06067429
45.70484161	0.03999858
45.72868347	0.06150051
45.75252533	0.04597691
45.77636719	0.04696565
45.80020905	0.05030013
45.82405090	0.11231010
45.84789276	0.12304730
45.87173462	0.15184970
45.89557648	0.66756780
45.91941833	1.22516000
45.94326019	0.80497370
45.96710205	0.16004650
45.99094391	0.03107895
46.01478577	0.01459824
46.03862762	0.02523801
46.06246948	0.04596647
46.08631134	0.17575420
46.11015320	0.42421220
46.13399506	0.37446940
46.15783691	0.12598150
46.18167877	0.09308375
46.20552063	0.32868410
46.22936249	0.41089390
46.25320435	0.17019660
46.27704620	0.00578644
46.30088806	0.01593050
46.32472992	0.06829189
46.34857178	0.08644634
46.37241364	0.05947421
46.39625549	0.07249040
46.42009735	0.06653409
46.44393921	0.09748755
46.46778107	0.08124159
46.49162292	0.10345280
46.51546478	0.34727250
46.53930664	0.45434010
46.56314850	0.19937000
46.58699036	0.02883459
46.61083221	0.07898038
46.63467407	0.08756827
46.65851593	0.06019622
46.68235779	0.05833849
46.70619965	0.32876370
46.73004150	0.64340790
46.75388336	0.45343350
46.77772522	0.10949790
46.80156708	0.08556405
46.82540894	0.19918250
46.84925079	0.18983560
46.87309265	0.06904213
46.89693451	0.01623651
46.92077637	0.04373187
46.94461823	0.09707697
46.96846008	0.08618569
46.99230194	0.04523478
47.01614380	0.07153487
47.03998566	0.06225823
47.06382751	0.07326183
47.08766937	0.04644547
47.11151123	0.02122060
47.13535309	0.01214762
47.15919495	0.01613340
47.18303680	0.00520625
47.20687866	0.05228171
47.23072052	0.13670950
47.25456238	0.11635750
47.27840424	0.06526873
47.30224609	0.29379240
47.32608795	1.61983300
47.34992981	2.47401600
47.37377167	1.33897800
47.39761353	0.18850690
47.42145538	0.03558249
47.44529724	0.07936541
47.46913910	0.05928724
47.49298096	0.02666285
47.51682281	0.04817756
47.54066467	0.07591476
47.56450653	0.13325530
47.58834839	0.10054620
47.61219025	0.07401413
47.63603210	0.10501900
47.65987396	0.05771497
47.68371582	0.03281518
47.70755768	0.02927895
47.73139954	0.12196700
47.75524139	0.23186020
47.77908325	0.16500870
47.80292511	0.04648251
47.82676697	0.19164170
47.85060883	0.33212750
47.87445068	0.20844020
47.89829254	0.08193373
47.92213440	0.21758080
47.94597626	0.81270830
47.96981812	0.97806810
47.99365997	0.40891810
48.01750183	0.08958128
48.04134369	0.18104590
48.06518555	0.21796170
48.08902740	0.13229220
48.11286926	0.09475816
48.13671112	0.10485000
48.16055298	0.09930526
48.18439484	0.14015520
48.20823669	0.08900528
48.23207855	0.05740154
48.25592041	0.04887979
48.27976227	0.01868801
48.30360413	0.03066331
48.32744598	0.02829245
48.35128784	0.15421040
48.37512970	0.30231870
48.39897156	0.20302360
48.42281342	0.10774350
48.44665527	0.33655410
48.47049713	0.44934530
48.49433899	0.21048600
48.51818085	0.04689731
48.54202271	0.05730823
48.56586456	0.22305070
48.58970642	0.22555970
48.61354828	0.10468480
48.63739014	0.16068700
48.66123199	0.28844190
48.68507385	0.20970100
48.70891571	0.10451550
48.73275757	0.09077162
48.75659943	0.07862572
48.78044128	0.04367288
48.80428314	0.06127213
