Частота	Канал A
(kГц)	(В)

0.00000000	0.25079130
0.02384186	0.10509120
0.04768372	0.01615751
0.07152557	0.00045261
0.09536743	0.00048838
0.11920929	0.00036100
0.14305115	0.00053584
0.16689301	0.00027134
0.19073486	0.00037708
0.21457672	0.00028258
0.23841858	0.00043223
0.26226044	0.00051807
0.28610229	0.00116170
0.30994415	0.00278896
0.33378601	0.00336993
0.35762787	0.00270363
0.38146973	0.00116548
0.40531158	0.00030428
0.42915344	0.00039422
0.45299530	0.00024835
0.47683716	0.00038515
0.50067902	0.00020523
0.52452087	0.00040276
0.54836273	0.00033924
0.57220459	0.00060694
0.59604645	0.00047180
0.61988831	0.00122821
0.64373016	0.00351277
0.66757202	0.00407877
0.69141388	0.00278552
0.71525574	0.00101868
0.73909760	0.00029785
0.76293945	0.00052926
0.78678131	0.00033235
0.81062317	0.00049863
0.83446503	0.00028157
0.85830688	0.00012285
0.88214874	0.00012156
0.90599060	0.00055440
0.92983246	0.00057504
0.95367432	0.01481895
0.97751617	0.08656191
1.00135803	0.13738720
1.02519989	0.07624363
1.04904175	0.01001608
1.07288361	0.00054734
1.09672546	0.00049228
1.12056732	0.00024104
1.14440918	0.00024862
1.16825104	0.00013484
1.19209290	0.00031122
1.21593475	0.00013387
1.23977661	0.00050219
1.26361847	0.00065798
1.28746033	0.00123927
1.31130219	0.00255837
1.33514404	0.00238529
1.35898590	0.00163808
1.38282776	0.00088259
1.40666962	0.00028396
1.43051147	0.00069552
1.45435333	0.00037539
1.47819519	0.00032492
1.50203705	0.00016553
1.52587891	0.00031535
1.54972076	0.00030808
1.57356262	0.00057625
1.59740448	0.00061370
1.62124634	0.00122921
1.64508820	0.00412216
1.66893005	0.00448453
1.69277191	0.00256372
1.71661377	0.00097433
1.74045563	0.00025351
1.76429749	0.00048576
1.78813934	0.00030126
1.81198120	0.00052480
1.83582306	0.00032605
1.85966492	0.00025175
1.88350677	0.00038042
1.90734863	0.00076979
1.93119049	0.00070669
1.95503235	0.01672632
1.97887421	0.08706994
2.00271606	0.12979200
2.02655792	0.06758146
2.05039978	0.00790247
2.07424164	0.00056007
2.09808350	0.00055077
2.12192535	0.00020936
2.14576721	0.00055119
2.16960907	0.00049749
2.19345093	0.00037206
2.21729279	0.00034910
2.24113464	0.00043811
2.26497650	0.00068189
2.28881836	0.00087411
2.31266022	0.00176207
2.33650208	0.00087982
2.36034393	0.00056709
2.38418579	0.00089791
2.40802765	0.00045539
2.43186951	0.00055842
2.45571136	0.00020271
2.47955322	0.00017311
2.50339508	0.00028647
2.52723694	0.00048927
2.55107880	0.00043823
2.57492065	0.00035452
2.59876251	0.00060249
2.62260437	0.00146873
2.64644623	0.00454014
2.67028809	0.00446105
2.69412994	0.00223487
2.71797180	0.00092880
2.74181366	0.00016108
2.76565552	0.00048232
2.78949738	0.00037173
2.81333923	0.00042640
2.83718109	0.00035015
2.86102295	0.00047969
2.88486481	0.00049812
2.90870667	0.00055014
2.93254852	0.00076827
2.95639038	0.01792262
2.98023224	0.08437964
3.00407410	0.11828980
3.02791595	0.05775528
3.05175781	0.00589490
3.07559967	0.00030599
3.09944153	0.00039008
3.12328339	0.00019840
3.14712524	0.00030501
3.17096710	0.00042885
3.19480896	0.00027315
3.21865082	0.00020732
3.24249268	0.00033808
3.26633453	0.00085719
3.29017639	0.00090982
3.31401825	0.00108905
3.33786011	0.00064837
3.36170197	0.00065755
3.38554382	0.00089741
3.40938568	0.00041171
3.43322754	0.00048091
3.45706940	0.00031235
3.48091125	0.00028557
3.50475311	0.00041969
3.52859497	0.00027085
3.55243683	0.00045600
3.57627869	0.00035264
3.60012054	0.00083850
3.62396240	0.00129821
3.64780426	0.00407404
3.67164612	0.00369528
3.69548798	0.00136451
3.71932983	0.00086271
3.74317169	0.00046919
3.76701355	0.00043609
3.79085541	0.00025864
3.81469727	0.00038470
3.83853912	0.00037386
3.86238098	0.00037361
3.88622284	0.00046569
3.91006470	0.00030989
3.93390656	0.00087927
3.95774841	0.01840831
3.98159027	0.07825150
4.00543213	0.10329720
4.02927399	0.04741053
4.05311584	0.00429947
4.07695770	0.00029540
4.10079956	0.00046795
4.12464142	0.00032300
4.14848328	0.00024628
4.17232513	0.00030418
4.19616699	0.00023232
4.22000885	0.00049961
4.24385071	0.00031372
4.26769257	0.00054281
4.29153442	0.00028251
4.31537628	0.00070801
4.33921814	0.00215367
4.36306000	0.00140474
4.38690186	0.00077994
4.41074371	0.00053762
4.43458557	0.00056487
4.45842743	0.00041965
4.48226929	0.00028496
4.50611115	0.00044922
4.52995300	0.00021275
4.55379486	0.00029987
4.57763672	0.00031491
4.60147858	0.00088785
4.62532043	0.00124133
4.64916229	0.00359376
4.67300415	0.00290963
4.69684601	0.00086869
4.72068787	0.00093180
4.74452972	0.00066968
4.76837158	0.00055070
4.79221344	0.00033779
4.81605530	0.00037884
4.83989716	0.00047436
4.86373901	0.00021936
4.88758087	0.00041876
4.91142273	0.00046091
4.93526459	0.00116247
4.95910645	0.01791337
4.98294830	0.06909491
5.00679016	0.08575392
5.03063202	0.03690015
5.05447388	0.00294938
5.07831573	0.00027937
5.10215759	0.00046643
5.12599945	0.00041804
5.14984131	0.00026966
5.17368317	0.00040479
5.19752502	0.00020838
5.22136688	0.00041917
5.24520874	0.00033077
5.26905060	0.00075828
5.29289246	0.00059311
5.31673431	0.00148063
5.34057617	0.00319140
5.36441803	0.00209129
5.38825989	0.00066811
5.41210175	0.00031108
5.43594360	0.00043284
5.45978546	0.00052528
5.48362732	0.00038911
5.50746918	0.00035061
5.53131104	0.00023376
5.55515289	0.00043104
5.57899475	0.00025229
5.60283661	0.00075289
5.62667847	0.00081766
5.65052032	0.00240789
5.67436218	0.00150018
5.69820404	0.00028440
5.72204590	0.00059115
5.74588776	0.00063051
5.76972961	0.00050290
5.79357147	0.00042869
5.81741333	0.00012534
5.84125519	0.00032062
5.86509705	0.00029538
5.88893890	0.00054101
5.91278076	0.00025180
5.93662262	0.00095059
5.96046448	0.01599332
5.98430634	0.05691589
6.00814819	0.06669983
6.03199005	0.02703592
6.05583191	0.00193456
6.07967377	0.00035183
6.10351563	0.00054415
6.12735748	0.00056664
6.15119934	0.00025009
6.17504120	0.00032451
6.19888306	0.00026803
6.22272491	0.00056962
6.24656677	0.00029666
6.27040863	0.00080397
6.29425049	0.00112405
6.31809235	0.00249674
6.34193420	0.00409681
6.36577606	0.00242061
6.38961792	0.00057746
6.41345978	0.00044324
6.43730164	0.00022587
6.46114349	0.00036776
6.48498535	0.00034391
6.50882721	0.00051399
6.53266907	0.00030314
6.55651093	0.00055094
6.58035278	0.00041714
6.60419464	0.00080839
6.62803650	0.00074540
6.65187836	0.00097744
6.67572021	0.00066385
6.69956207	0.00090999
6.72340393	0.00052664
6.74724579	0.00047294
6.77108765	0.00048412
6.79492950	0.00050454
6.81877136	0.00019062
6.84261322	0.00049331
6.86645508	0.00038000
6.89029694	0.00053037
6.91413879	0.00039261
6.93798065	0.00101410
6.96182251	0.01351199
6.98566437	0.04340280
7.00950623	0.04781019
7.03334808	0.01815137
7.05718994	0.00120747
7.08103180	0.00050431
7.10487366	0.00039542
7.12871552	0.00058931
7.15255737	0.00027134
7.17639923	0.00033537
7.20024109	0.00026106
7.22408295	0.00060144
7.24792480	0.00037418
7.27176666	0.00044652
7.29560852	0.00145277
7.31945038	0.00309722
7.34329224	0.00423980
7.36713409	0.00242495
7.39097595	0.00056885
7.41481781	0.00057375
7.43865967	0.00020580
7.46250153	0.00035871
7.48634338	0.00039354
7.51018524	0.00044149
7.53402710	0.00018351
7.55786896	0.00043054
7.58171082	0.00038763
7.60555267	0.00082785
7.62939453	0.00094457
7.65323639	0.00047518
7.67707825	0.00140647
7.70092010	0.00146543
7.72476196	0.00064023
7.74860382	0.00060288
7.77244568	0.00007603
7.79628754	0.00037001
7.82012939	0.00028072
7.84397125	0.00046399
7.86781311	0.00038728
7.89165497	0.00029317
7.91549683	0.00030600
7.93933868	0.00111430
7.96318054	0.00993393
7.98702240	0.02876762
8.01086426	0.03000350
8.03470612	0.01108384
8.05854797	0.00098716
8.08238983	0.00067478
8.10623169	0.00020944
8.13007355	0.00034444
8.15391541	0.00021199
8.17775726	0.00032635
8.20159912	0.00021092
8.22544098	0.00029872
8.24928284	0.00035623
8.27312469	0.00069663
8.29696655	0.00212347
8.32080841	0.00374217
8.34465027	0.00438954
8.36849213	0.00227281
8.39233398	0.00039469
8.41617584	0.00051000
8.44001770	0.00032556
8.46385956	0.00064661
8.48770142	0.00034459
8.51154327	0.00049235
8.53538513	0.00048413
8.55922699	0.00050040
8.58306885	0.00050951
8.60691071	0.00062253
8.63075256	0.00148747
8.65459442	0.00205906
8.67843628	0.00244026
8.70227814	0.00178782
8.72612000	0.00043710
8.74996185	0.00049843
8.77380371	0.00024927
8.79764557	0.00043367
8.82148743	0.00033760
8.84532928	0.00042393
8.86917114	0.00019060
8.89301300	0.00034196
8.91685486	0.00061799
8.94069672	0.00095684
8.96453857	0.00576176
8.98838043	0.01412268
9.01222229	0.01376499
9.03606415	0.00503757
9.05990601	0.00064314
9.08374786	0.00087840
9.10758972	0.00040434
9.13143158	0.00042883
9.15527344	0.00025736
9.17911530	0.00024998
9.20295715	0.00033358
9.22679901	0.00045839
9.25064087	0.00046933
9.27448273	0.00067370
9.29832458	0.00225530
9.32216644	0.00361197
9.34600830	0.00380097
9.36985016	0.00199908
9.39369202	0.00035975
9.41753387	0.00046719
9.44137573	0.00045789
9.46521759	0.00065545
9.48905945	0.00034324
9.51290131	0.00026737
9.53674316	0.00028355
9.56058502	0.00032947
9.58442688	0.00044048
9.60826874	0.00057237
9.63211060	0.00212489
9.65595245	0.00347081
9.67979431	0.00329146
9.70363617	0.00198193
9.72747803	0.00049000
9.75131989	0.00032524
9.77516174	0.00009786
9.79900360	0.00042438
9.82284546	0.00026372
9.84668732	0.00023892
9.87052917	0.00033570
9.89437103	0.00042520
9.91821289	0.00056180
9.94205475	0.00066908
9.96589661	0.00124420
9.98973846	0.00065656
10.01358032	0.00069324
10.03742218	0.00108240
10.06126404	0.00040411
10.08510590	0.00052124
10.10894775	0.00029492
10.13278961	0.00039154
10.15663147	0.00030106
10.18047333	0.00034420
10.20431519	0.00026139
10.22815704	0.00018311
10.25199890	0.00034828
10.27584076	0.00059351
10.29968262	0.00229983
10.32352448	0.00320740
10.34736633	0.00284649
10.37120819	0.00160933
10.39505005	0.00049464
10.41889191	0.00054448
10.44273376	0.00029613
10.46657562	0.00052967
10.49041748	0.00045511
10.51425934	0.00041861
10.53810120	0.00054237
10.56194305	0.00031705
10.58578491	0.00054258
10.60962677	0.00052296
10.63346863	0.00288679
10.65731049	0.00460869
10.68115234	0.00364120
10.70499420	0.00177723
10.72883606	0.00059411
10.75267792	0.00073237
10.77651978	0.00050004
10.80036163	0.00032982
10.82420349	0.00028715
10.84804535	0.00036923
10.87188721	0.00039804
10.89572906	0.00016161
10.91957092	0.00053735
10.94341278	0.00006858
10.96725464	0.00381110
10.99109650	0.01109760
11.01493835	0.00956930
11.03878021	0.00191412
11.06262207	0.00061029
11.08646393	0.00074016
11.11030579	0.00037221
11.13414764	0.00029822
11.15798950	0.00020350
11.18183136	0.00032723
11.20567322	0.00048694
11.22951508	0.00021006
11.25335693	0.00054520
11.27719879	0.00063264
11.30104065	0.00216624
11.32488251	0.00249148
11.34872437	0.00170387
11.37256622	0.00119639
11.39640808	0.00053433
11.42024994	0.00034377
11.44409180	0.00025607
11.46793365	0.00042180
11.49177551	0.00033220
11.51561737	0.00024941
11.53945923	0.00035870
11.56330109	0.00021429
11.58714294	0.00055869
11.61098480	0.00070656
11.63482666	0.00337071
11.65866852	0.00525302
11.68251038	0.00363836
11.70635223	0.00156571
11.73019409	0.00035096
11.75403595	0.00036717
11.77787781	0.00033311
11.80171967	0.00051674
11.82556152	0.00046347
11.84940338	0.00021003
11.87324524	0.00041413
11.89708710	0.00031366
11.92092896	0.00056466
11.94477081	0.00054519
11.96861267	0.00822135
11.99245453	0.02044384
12.01629639	0.01660873
12.04013824	0.00344453
12.06398010	0.00065636
12.08782196	0.00044505
12.11166382	0.00031184
12.13550568	0.00023760
12.15934753	0.00027785
12.18318939	0.00013652
12.20703125	0.00023896
12.23087311	0.00017339
12.25471497	0.00061778
12.27855682	0.00054174
12.30239868	0.00155685
12.32624054	0.00133505
12.35008240	0.00040991
12.37392426	0.00077720
12.39776611	0.00068598
12.42160797	0.00067690
12.44544983	0.00044677
12.46929169	0.00017250
12.49313354	0.00032199
12.51697540	0.00029819
12.54081726	0.00046565
12.56465912	0.00018558
12.58850098	0.00052536
12.61234283	0.00079344
12.63618469	0.00365143
12.66002655	0.00533158
12.68386841	0.00323976
12.70771027	0.00126568
12.73155212	0.00056262
12.75539398	0.00039738
12.77923584	0.00040837
12.80307770	0.00041493
12.82691956	0.00039155
12.85076141	0.00022949
12.87460327	0.00054687
12.89844513	0.00029723
12.92228699	0.00055168
12.94612885	0.00110772
12.96997070	0.01166215
12.99381256	0.02661891
13.01765442	0.02062641
13.04149628	0.00442059
13.06533813	0.00050672
13.08917999	0.00031896
13.11302185	0.00045518
13.13686371	0.00040902
13.16070557	0.00041627
13.18454742	0.00013335
13.20838928	0.00036518
13.23223114	0.00038271
13.25607300	0.00080427
13.27991486	0.00053917
13.30375671	0.00095090
13.32759857	0.00053655
13.35144043	0.00090215
13.37528229	0.00069283
13.39912415	0.00064436
13.42296600	0.00041365
13.44680786	0.00043300
13.47064972	0.00028119
13.49449158	0.00040998
13.51833344	0.00022426
13.54217529	0.00054292
13.56601715	0.00031024
13.58985901	0.00043388
13.61370087	0.00071287
13.63754272	0.00354321
13.66138458	0.00502264
13.68522644	0.00259237
13.70906830	0.00085929
13.73291016	0.00053875
13.75675201	0.00036610
13.78059387	0.00039722
13.80443573	0.00027067
13.82827759	0.00039744
13.85211945	0.00026350
13.87596130	0.00065624
13.89980316	0.00051489
13.92364502	0.00063833
13.94748688	0.00194560
13.97132874	0.01423928
13.99517059	0.02963811
14.01901245	0.02153732
14.04285431	0.00410005
14.06669617	0.00067080
14.09053802	0.00031033
14.11437988	0.00048341
14.13822174	0.00034665
14.16206360	0.00044881
14.18590546	0.00023184
14.20974731	0.00041543
14.23358917	0.00021832
14.25743103	0.00070297
14.28127289	0.00079844
14.30511475	0.00037541
14.32895660	0.00127159
14.35279846	0.00183141
14.37664032	0.00068438
14.40048218	0.00064247
14.42432404	0.00043970
14.44816589	0.00051281
14.47200775	0.00019028
14.49584961	0.00041828
14.51969147	0.00031188
14.54353333	0.00053977
14.56737518	0.00039840
14.59121704	0.00079024
14.61505890	0.00087345
14.63890076	0.00292714
14.66274261	0.00395809
14.68658447	0.00162346
14.71042633	0.00052860
14.73426819	0.00069235
14.75811005	0.00030810
14.78195190	0.00031395
14.80579376	0.00019200
14.82963562	0.00040775
14.85347748	0.00037060
14.87731934	0.00055316
14.90116119	0.00041981
14.92500305	0.00050035
14.94884491	0.00252576
14.97268677	0.01541675
14.99652863	0.02967709
15.02037048	0.02047422
15.04421234	0.00387482
15.06805420	0.00054216
15.09189606	0.00017412
15.11573792	0.00040355
15.13957977	0.00028202
15.16342163	0.00039246
15.18726349	0.00022114
15.21110535	0.00028591
15.23494720	0.00043233
15.25878906	0.00048335
15.28263092	0.00062146
15.30647278	0.00055359
15.33031464	0.00238759
15.35415649	0.00265855
15.37799835	0.00081877
15.40184021	0.00068653
15.42568207	0.00016826
15.44952393	0.00035488
15.47336578	0.00034313
15.49720764	0.00034214
15.52104950	0.00010697
15.54489136	0.00050571
15.56873322	0.00061047
15.59257507	0.00055247
15.61641693	0.00085324
15.64025879	0.00224885
15.66410065	0.00258474
15.68794250	0.00059356
15.71178436	0.00038753
15.73562622	0.00071175
15.75946808	0.00034121
15.78330994	0.00058886
15.80715179	0.00032858
15.83099365	0.00025254
15.85483551	0.00029062
15.87867737	0.00053472
15.90251923	0.00045967
15.92636108	0.00029468
15.95020294	0.00273837
15.97404480	0.01478544
15.99788666	0.02648109
16.02172852	0.01731983
16.04557037	0.00311443
16.06941223	0.00070474
16.09325409	0.00041800
16.11709595	0.00017285
16.14093781	0.00023951
16.16477966	0.00041304
16.18862152	0.00038536
16.21246338	0.00035325
16.23630524	0.00037874
16.26014709	0.00045093
16.28398895	0.00080155
16.30783081	0.00153556
16.33167267	0.00347171
16.35551453	0.00335602
16.37935638	0.00087771
16.40319824	0.00043665
16.42704010	0.00014735
16.45088196	0.00046894
16.47472382	0.00022508
16.49856567	0.00038006
16.52240753	0.00018317
16.54624939	0.00041692
16.57009125	0.00057278
16.59393311	0.00065817
16.61777496	0.00075777
16.64161682	0.00113034
16.66545868	0.00116410
16.68930054	0.00075265
16.71314240	0.00056868
16.73698425	0.00063596
16.76082611	0.00029024
16.78466797	0.00032516
16.80850983	0.00013217
16.83235168	0.00037261
16.85619354	0.00041584
16.88003540	0.00045277
16.90387726	0.00047055
16.92771912	0.00057168
16.95156097	0.00302384
16.97540283	0.01303431
16.99924469	0.02153572
17.02308655	0.01332126
17.04692841	0.00232357
17.07077026	0.00045235
17.09461212	0.00024548
17.11845398	0.00041734
17.14229584	0.00021124
17.16613770	0.00027162
17.18997955	0.00039854
17.21382141	0.00037895
17.23766327	0.00050582
17.26150513	0.00019359
17.28534698	0.00098335
17.30918884	0.00227798
17.33303070	0.00395295
17.35687256	0.00343389
17.38071442	0.00096828
17.40455627	0.00066915
17.42839813	0.00031316
17.45223999	0.00018226
17.47608185	0.00037947
17.49992371	0.00056236
17.52376556	0.00053989
17.54760742	0.00019285
17.57144928	0.00048085
17.59529114	0.00052440
17.61913300	0.00089118
17.64297485	0.00043202
17.66681671	0.00085422
17.69065857	0.00150848
17.71450043	0.00069975
17.73834229	0.00047565
17.76218414	0.00016173
17.78602600	0.00039622
17.80986786	0.00053581
17.83370972	0.00037302
17.85755157	0.00031158
17.88139343	0.00015532
17.90523529	0.00043832
17.92907715	0.00045146
17.95291901	0.00272369
17.97676086	0.01004929
18.00060272	0.01521444
18.02444458	0.00910263
18.04828644	0.00183721
18.07212830	0.00070671
18.09597015	0.00048133
18.11981201	0.00015851
18.14365387	0.00014528
18.16749573	0.00010949
18.19133759	0.00016874
18.21517944	0.00028133
18.23902130	0.00040776
18.26286316	0.00033065
18.28670502	0.00146509
18.31054688	0.00291670
18.33438873	0.00408425
18.35823059	0.00334911
18.38207245	0.00104613
18.40591431	0.00034043
18.42975616	0.00023268
18.45359802	0.00030494
18.47743988	0.00015538
18.50128174	0.00035136
18.52512360	0.00048912
18.54896545	0.00040721
18.57280731	0.00071575
18.59664917	0.00036456
18.62049103	0.00104970
18.64433289	0.00180166
18.66817474	0.00233071
18.69201660	0.00221016
18.71585846	0.00084101
18.73970032	0.00050585
18.76354218	0.00036474
18.78738403	0.00020726
18.81122589	0.00037320
18.83506775	0.00036245
18.85890961	0.00041175
18.88275146	0.00018323
18.90659332	0.00067099
18.93043518	0.00057296
18.95427704	0.00183545
18.97811890	0.00547168
19.00196075	0.00749917
19.02580261	0.00446073
19.04964447	0.00104467
19.07348633	0.00054608
19.09732819	0.00050490
19.12117004	0.00036119
19.14501190	0.00021564
19.16885376	0.00020892
19.19269562	0.00046100
19.21653748	0.00022843
19.24037933	0.00050914
19.26422119	0.00036242
19.28806305	0.00142772
19.31190491	0.00308235
19.33574677	0.00379227
19.35958862	0.00271532
19.38343048	0.00075566
19.40727234	0.00067685
19.43111420	0.00064529
19.45495605	0.00027644
19.47879791	0.00025747
19.50263977	0.00024602
19.52648163	0.00049393
19.55032349	0.00045902
19.57416534	0.00056758
19.59800720	0.00043953
19.62184906	0.00170590
19.64569092	0.00355931
19.66953278	0.00384843
19.69337463	0.00268986
19.71721649	0.00098611
19.74105835	0.00019669
19.76490021	0.00030233
19.78874207	0.00038816
19.81258392	0.00035643
19.83642578	0.00008547
19.86026764	0.00030683
19.88410950	0.00022632
19.90795135	0.00041053
19.93179321	0.00040371
19.95563507	0.00114471
19.97947693	0.00100689
20.00331879	0.00051793
20.02716064	0.00111388
20.05100250	0.00092152
20.07484436	0.00064240
20.09868622	0.00045358
20.12252808	0.00023511
20.14636993	0.00042374
20.17021179	0.00021955
20.19405365	0.00043355
20.21789551	0.00009815
20.24173737	0.00026398
20.26557922	0.00032549
20.28942108	0.00163656
20.31326294	0.00294498
20.33710480	0.00288820
20.36094666	0.00201566
20.38478851	0.00082586
20.40863037	0.00038435
20.43247223	0.00046557
20.45631409	0.00032778
20.48015594	0.00033979
20.50399780	0.00031475
20.52783966	0.00059205
20.55168152	0.00026652
20.57552338	0.00046784
20.59936523	0.00014902
20.62320709	0.00178579
20.64704895	0.00460859
20.67089081	0.00480307
20.69473267	0.00286550
20.71857452	0.00104341
20.74241638	0.00035408
20.76625824	0.00051049
20.79010010	0.00007043
20.81394196	0.00050632
20.83778381	0.00041753
20.86162567	0.00036393
20.88546753	0.00025210
20.90930939	0.00047413
20.93315125	0.00062399
20.95699310	0.00028437
20.98083496	0.00391898
21.00467682	0.00593730
21.02851868	0.00241129
21.05236053	0.00075391
21.07620239	0.00021899
21.10004425	0.00038859
21.12388611	0.00032819
21.14772797	0.00045207
21.17156982	0.00024966
21.19541168	0.00045335
21.21925354	0.00021971
21.24309540	0.00044986
21.26693726	0.00051909
21.29077911	0.00145713
21.31462097	0.00261714
21.33846283	0.00203324
21.36230469	0.00143373
21.38614655	0.00084619
21.40998840	0.00046206
21.43383026	0.00058757
21.45767212	0.00032361
21.48151398	0.00054236
21.50535583	0.00036068
21.52919769	0.00025731
21.55303955	0.00034381
21.57688141	0.00048966
21.60072327	0.00032914
21.62456512	0.00213301
21.64840698	0.00534097
21.67224884	0.00492019
21.69609070	0.00241471
21.71993256	0.00097330
21.74377441	0.00032277
21.76761627	0.00048069
21.79145813	0.00044127
21.81529999	0.00041882
21.83914185	0.00020780
21.86298370	0.00052515
21.88682556	0.00040111
21.91066742	0.00065473
21.93450928	0.00066870
21.95835114	0.00176535
21.98219299	0.00849730
22.00603485	0.01116347
22.02987671	0.00438152
22.05371857	0.00075381
22.07756042	0.00029611
22.10140228	0.00027206
22.12524414	0.00015173
22.14908600	0.00033157
22.17292786	0.00029809
22.19676971	0.00057591
22.22061157	0.00042224
22.24445343	0.00034734
22.26829529	0.00056118
22.29213715	0.00129587
22.31597900	0.00195351
22.33982086	0.00088696
22.36366272	0.00063094
22.38750458	0.00075668
22.41134644	0.00029225
22.43518829	0.00054445
22.45903015	0.00013163
22.48287201	0.00031391
22.50671387	0.00032425
22.53055573	0.00039363
22.55439758	0.00027904
22.57823944	0.00030799
22.60208130	0.00045970
22.62592316	0.00233489
22.64976501	0.00572308
22.67360687	0.00482952
22.69744873	0.00195061
22.72129059	0.00082175
22.74513245	0.00042989
22.76897430	0.00067042
22.79281616	0.00042835
22.81665802	0.00040092
22.84049988	0.00034692
22.86434174	0.00014312
22.88818359	0.00041953
22.91202545	0.00057856
22.93586731	0.00063588
22.95970917	0.00312888
22.98355103	0.01214183
23.00739288	0.01470074
23.03123474	0.00565991
23.05507660	0.00065314
23.07891846	0.00013464
23.10276031	0.00027343
23.12660217	0.00007194
23.15044403	0.00040144
23.17428589	0.00026121
23.19812775	0.00024605
23.22196960	0.00029423
23.24581146	0.00066548
23.26965332	0.00087106
23.29349518	0.00084627
23.31733704	0.00100600
23.34117889	0.00063115
23.36502075	0.00046432
23.38886261	0.00084653
23.41270447	0.00053142
23.43654633	0.00058591
23.46038818	0.00022782
23.48423004	0.00027424
23.50807190	0.00026744
23.53191376	0.00031624
23.55575562	0.00024594
23.57959747	0.00030558
23.60343933	0.00071138
23.62728119	0.00225957
23.65112305	0.00541411
23.67496490	0.00411534
23.69880676	0.00130007
23.72264862	0.00074609
23.74649048	0.00031838
23.77033234	0.00050496
23.79417419	0.00019659
23.81801605	0.00028927
23.84185791	0.00026856
23.86569977	0.00045273
23.88954163	0.00056514
23.91338348	0.00043242
23.93722534	0.00076159
23.96106720	0.00416624
23.98490906	0.01422857
24.00875092	0.01616595
24.03259277	0.00584024
24.05643463	0.00064436
24.08027649	0.00037031
24.10411835	0.00060134
24.12796021	0.00041482
24.15180206	0.00035641
24.17564392	0.00036138
24.19948578	0.00026573
24.22332764	0.00040233
24.24716949	0.00045951
24.27101135	0.00075287
24.29485321	0.00059132
24.31869507	0.00055468
24.34253693	0.00179433
24.36637878	0.00106651
24.39022064	0.00079460
24.41406250	0.00038983
24.43790436	0.00055061
24.46174622	0.00049048
24.48558807	0.00020314
24.50942993	0.00022772
24.53327179	0.00027109
24.55711365	0.00026872
24.58095551	0.00018157
24.60479736	0.00066001
24.62863922	0.00198447
24.65248108	0.00459404
24.67632294	0.00313741
24.70016479	0.00074058
24.72400665	0.00077527
24.74784851	0.00058833
24.77169037	0.00050380
24.79553223	0.00025700
24.81937408	0.00027016
24.84321594	0.00052338
24.86705780	0.00033061
24.89089966	0.00047699
24.91474152	0.00032748
24.93858337	0.00077328
24.96242523	0.00495447
24.98626709	0.01511893
25.01010895	0.01622610
25.03395081	0.00575588
25.05779266	0.00058012
25.08163452	0.00025479
25.10547638	0.00043036
25.12931824	0.00033267
25.15316010	0.00035360
25.17700195	0.00031892
25.20084381	0.00018112
25.22468567	0.00044206
25.24852753	0.00041896
25.27236938	0.00081790
25.29621124	0.00047700
25.32005310	0.00134309
25.34389496	0.00260229
25.36773682	0.00142138
25.39157867	0.00080979
25.41542053	0.00030145
25.43926239	0.00028007
25.46310425	0.00029896
25.48694611	0.00034460
25.51078796	0.00036547
25.53462982	0.00008333
25.55847168	0.00034489
25.58231354	0.00024039
25.60615540	0.00074379
25.62999725	0.00156883
25.65383911	0.00334570
25.67768097	0.00174806
25.70152283	0.00024441
25.72536469	0.00072687
25.74920654	0.00048178
25.77304840	0.00043314
25.79689026	0.00030369
25.82073212	0.00034837
25.84457397	0.00066537
25.86841583	0.00027868
25.89225769	0.00036630
25.91609955	0.00033467
25.93994141	0.00118607
25.96378326	0.00563179
25.98762512	0.01465527
26.01146698	0.01463203
26.03530884	0.00489829
26.05915070	0.00054539
26.08299255	0.00045171
26.10683441	0.00039377
26.13067627	0.00041337
26.15451813	0.00020157
26.17835999	0.00037794
26.20220184	0.00027384
26.22604370	0.00048325
26.24988556	0.00042855
26.27372742	0.00087807
26.29756927	0.00121340
26.32141113	0.00257330
26.34525299	0.00364293
26.36909485	0.00185959
26.39293671	0.00051929
26.41677856	0.00029943
26.44062042	0.00040372
26.46446228	0.00060125
26.48830414	0.00015557
26.51214600	0.00032571
26.53598785	0.00026810
26.55982971	0.00056503
26.58367157	0.00045548
26.60751343	0.00071118
26.63135529	0.00059210
26.65519714	0.00147096
26.67903900	0.00064908
26.70288086	0.00074140
26.72672272	0.00053994
26.75056458	0.00059503
26.77440643	0.00054148
26.79824829	0.00053857
26.82209015	0.00027264
26.84593201	0.00025159
26.86977386	0.00026831
26.89361572	0.00052060
26.91745758	0.00038242
26.94129944	0.00095254
26.96514130	0.00516197
26.98898315	0.01238332
27.01282501	0.01179411
27.03666687	0.00390736
27.06050873	0.00045981
27.08435059	0.00048826
27.10819244	0.00031292
27.13203430	0.00027655
27.15587616	0.00005435
27.17971802	0.00026127
27.20355988	0.00018350
27.22740173	0.00055680
27.25124359	0.00035075
27.27508545	0.00076664
27.29892731	0.00174282
27.32276917	0.00311688
27.34661102	0.00368061
27.37045288	0.00173769
27.39429474	0.00055557
27.41813660	0.00049171
27.44197845	0.00025672
27.46582031	0.00035261
27.48966217	0.00023992
27.51350403	0.00031708
27.53734589	0.00007407
27.56118774	0.00039039
27.58502960	0.00055791
27.60887146	0.00086300
27.63271332	0.00084744
27.65655518	0.00070750
27.68039703	0.00149930
27.70423889	0.00129452
27.72808075	0.00069852
27.75192261	0.00049062
27.77576447	0.00025631
27.79960632	0.00037969
27.82344818	0.00009978
27.84729004	0.00048275
27.87113190	0.00031209
27.89497375	0.00032288
27.91881561	0.00033219
27.94265747	0.00113788
27.96649933	0.00453781
27.99034119	0.00919295
28.01418304	0.00813885
28.03802490	0.00266963
28.06186676	0.00053476
28.08570862	0.00062852
28.10955048	0.00030449
28.13339233	0.00034562
28.15723419	0.00007327
28.18107605	0.00031324
28.20491791	0.00013508
28.22875977	0.00048387
28.25260162	0.00029636
28.27644348	0.00083278
28.30028534	0.00229229
28.32412720	0.00351239
28.34796906	0.00362063
28.37181091	0.00173489
28.39565277	0.00047481
28.41949463	0.00044639
28.44333649	0.00015257
28.46717834	0.00049643
28.49102020	0.00028773
28.51486206	0.00037379
28.53870392	0.00029807
28.56254578	0.00028349
28.58638763	0.00039034
28.61022949	0.00098571
28.63407135	0.00195180
28.65791321	0.00255944
28.68175507	0.00243521
28.70559692	0.00141644
28.72943878	0.00057604
28.75328064	0.00043771
28.77712250	0.00005786
28.80096436	0.00032211
28.82480621	0.00045833
28.84864807	0.00057066
28.87248993	0.00025956
28.89633179	0.00033734
28.92017365	0.00040882
28.94401550	0.00110499
28.96785736	0.00312294
28.99169922	0.00516529
29.01554108	0.00445643
29.03938293	0.00179367
29.06322479	0.00054327
29.08706665	0.00076557
29.11090851	0.00027098
29.13475037	0.00030274
29.15859222	0.00035764
29.18243408	0.00009458
29.20627594	0.00013321
29.23011780	0.00038442
29.25395966	0.00048329
29.27780151	0.00089792
29.30164337	0.00253291
29.32548523	0.00343694
29.34932709	0.00309910
29.37316895	0.00149043
29.39701080	0.00017117
29.42085266	0.00048283
29.44469452	0.00031193
29.46853638	0.00032334
29.49237823	0.00007143
29.51622009	0.00025586
29.54006195	0.00019611
29.56390381	0.00044273
29.58774567	0.00048851
29.61158752	0.00080992
29.63542938	0.00297210
29.65927124	0.00434483
29.68311310	0.00338560
29.70695496	0.00161881
29.73079681	0.00027424
29.75463867	0.00051831
29.77848053	0.00039292
29.80232239	0.00055597
29.82616425	0.00024996
29.85000610	0.00038858
29.87384796	0.00036694
29.89768982	0.00024180
29.92153168	0.00041877
29.94537354	0.00071748
29.96921539	0.00131173
29.99305725	0.00067493
30.01689911	0.00081172
30.04074097	0.00101190
30.06458282	0.00032145
30.08842468	0.00048757
30.11226654	0.00022717
30.13610840	0.00034672
30.15995026	0.00016448
30.18379211	0.00050218
30.20763397	0.00040456
30.23147583	0.00033028
30.25531769	0.00059668
30.27915955	0.00089414
30.30300140	0.00270525
30.32684326	0.00318780
30.35068512	0.00232486
30.37452698	0.00105129
30.39836884	0.00024881
30.42221069	0.00055052
30.44605255	0.00028816
30.46989441	0.00036015
30.49373627	0.00019231
30.51757813	0.00039904
30.54141998	0.00052302
30.56526184	0.00038934
30.58910370	0.00049944
30.61294556	0.00118003
30.63678741	0.00423843
30.66062927	0.00573727
30.68447113	0.00376106
30.70831299	0.00154926
30.73215485	0.00031019
30.75599670	0.00035842
30.77983856	0.00022260
30.80368042	0.00036097
30.82752228	0.00025466
30.85136414	0.00011292
30.87520599	0.00018985
30.89904785	0.00027923
30.92288971	0.00063792
30.94673157	0.00036633
30.97057343	0.00138564
30.99441528	0.00394533
31.01825714	0.00274686
31.04209900	0.00082824
31.06594086	0.00065442
31.08978271	0.00047041
31.11362457	0.00028496
31.13746643	0.00010597
31.16130829	0.00023222
31.18515015	0.00021405
31.20899200	0.00034338
31.23283386	0.00025057
31.25667572	0.00047773
31.28051758	0.00085856
31.30435944	0.00252638
31.32820129	0.00233724
31.35204315	0.00133107
31.37588501	0.00105012
31.39972687	0.00044838
31.42356873	0.00052391
31.44741058	0.00033239
31.47125244	0.00045330
31.49509430	0.00038308
31.51893616	0.00023410
31.54277802	0.00041910
31.56661987	0.00043206
31.59046173	0.00050271
31.61430359	0.00103578
31.63814545	0.00500434
31.66198730	0.00672871
31.68582916	0.00391186
31.70967102	0.00145559
31.73351288	0.00037433
31.75735474	0.00034455
31.78119659	0.00015764
31.80503845	0.00048187
31.82888031	0.00034206
31.85272217	0.00014542
31.87656403	0.00041932
31.90040588	0.00027505
31.92424774	0.00057203
31.94808960	0.00034159
31.97193146	0.00358685
31.99577332	0.00780358
32.01961517	0.00520006
32.04345703	0.00076864
32.06729889	0.00062036
32.09114075	0.00046294
32.11498260	0.00034010
32.13882446	0.00024520
32.16266632	0.00021495
32.18650818	0.00025333
32.21035004	0.00029590
32.23419189	0.00015898
32.25803375	0.00050920
32.28187561	0.00085673
32.30571747	0.00224692
32.32955933	0.00165824
32.35340118	0.00064328
32.37724304	0.00095839
32.40108490	0.00066037
32.42492676	0.00067588
32.44876862	0.00041909
32.47261047	0.00041312
32.49645233	0.00056192
32.52029419	0.00033010
32.54413605	0.00038642
32.56797791	0.00023446
32.59181976	0.00066206
32.61566162	0.00130526
32.63950348	0.00533845
32.66334534	0.00663232
32.68718719	0.00335444
32.71102905	0.00121702
32.73487091	0.00056856
32.75871277	0.00046894
32.78255463	0.00051480
32.80639648	0.00022095
32.83023834	0.00032553
32.85408020	0.00034104
32.87792206	0.00053090
32.90176392	0.00029828
32.92560577	0.00057131
32.94944763	0.00085876
32.97328949	0.00556416
32.99713135	0.01089819
33.02097321	0.00715531
33.04481506	0.00114604
33.06865692	0.00033969
33.09249878	0.00039964
33.11634064	0.00036766
33.14018250	0.00029432
33.16402435	0.00038717
33.18786621	0.00024822
33.21170807	0.00045698
33.23554993	0.00032119
33.25939178	0.00064565
33.28323364	0.00059323
33.30707550	0.00121618
33.33091736	0.00065537
33.35475922	0.00078430
33.37860107	0.00053857
33.40244293	0.00054864
33.42628479	0.00033341
33.45012665	0.00029982
33.47396851	0.00032444
33.49781036	0.00044255
33.52165222	0.00023276
33.54549408	0.00036344
33.56933594	0.00004879
33.59317780	0.00048476
33.61701965	0.00131375
33.64086151	0.00545835
33.66470337	0.00646010
33.68854523	0.00274372
33.71238708	0.00083965
33.73622894	0.00057183
33.76007080	0.00043329
33.78391266	0.00039390
33.80775452	0.00035901
33.83159637	0.00053412
33.85543823	0.00032081
33.87928009	0.00025327
33.90312195	0.00019604
33.92696381	0.00068839
33.95080566	0.00134890
33.97464752	0.00695918
33.99848938	0.01241746
34.02233124	0.00777343
34.04617310	0.00130578
34.07001495	0.00056635
34.09385681	0.00032009
34.11769867	0.00051464
34.14154053	0.00041053
34.16538239	0.00041372
34.18922424	0.00010738
34.21306610	0.00050369
34.23690796	0.00054467
34.26074982	0.00068044
34.28459167	0.00039658
34.30843353	0.00042686
34.33227539	0.00134428
34.35611725	0.00140915
34.37995911	0.00064299
34.40380096	0.00066545
34.42764282	0.00049049
34.45148468	0.00041394
34.47532654	0.00027985
34.49916840	0.00066950
34.52301025	0.00037961
34.54685211	0.00045560
34.57069397	0.00042342
34.59453583	0.00058562
34.61837769	0.00072995
34.64221954	0.00434330
34.66606140	0.00488943
34.68990326	0.00167906
34.71374512	0.00061985
34.73758698	0.00068344
34.76142883	0.00042529
34.78527069	0.00036663
34.80911255	0.00017065
34.83295441	0.00043480
34.85679626	0.00020487
34.88063812	0.00046579
34.90447998	0.00033504
34.92832184	0.00044142
34.95216370	0.00179581
34.97600555	0.00779472
34.99984741	0.01274773
35.02368927	0.00743030
35.04753113	0.00094925
35.07137299	0.00049283
35.09521484	0.00012379
35.11905670	0.00047616
35.14289856	0.00036479
35.16674042	0.00047003
35.19058228	0.00025075
35.21442413	0.00036838
35.23826599	0.00038494
35.26210785	0.00076547
35.28594971	0.00081984
35.30979156	0.00079094
35.33363342	0.00225884
35.35747528	0.00212320
35.38131714	0.00071669
35.40515900	0.00062013
35.42900085	0.00038151
35.45284271	0.00053481
35.47668457	0.00021870
35.50052643	0.00030702
35.52436829	0.00026728
35.54821014	0.00035291
35.57205200	0.00025471
35.59589386	0.00057899
35.61973572	0.00100147
35.64357758	0.00336841
35.66741943	0.00333400
35.69126129	0.00074493
35.71510315	0.00030497
35.73894501	0.00060222
35.76278687	0.00037340
35.78662872	0.00033720
35.81047058	0.00014712
35.83431244	0.00051525
35.85815430	0.00048350
35.88199615	0.00045619
35.90583801	0.00029719
35.92967987	0.00048175
35.95352173	0.00222610
35.97736359	0.00796190
36.00120544	0.01192410
36.02504730	0.00667201
36.04888916	0.00090742
36.07273102	0.00059111
36.09657288	0.00030416
36.12041473	0.00035727
36.14425659	0.00018594
36.16809845	0.00041096
36.19194031	0.00038067
36.21578217	0.00042020
36.23962402	0.00037418
36.26346588	0.00061145
36.28730774	0.00103927
36.31114960	0.00176669
36.33499146	0.00322239
36.35883331	0.00264571
36.38267517	0.00067389
36.40651703	0.00060219
36.43035889	0.00029531
36.45420074	0.00036638
36.47804260	0.00035836
36.50188446	0.00043873
36.52572632	0.00021986
36.54956818	0.00051364
36.57341003	0.00047626
36.59725189	0.00068111
36.62109375	0.00088712
36.64493561	0.00153868
36.66877747	0.00152407
36.69261932	0.00069645
36.71646118	0.00046732
36.74030304	0.00066800
36.76414490	0.00045972
36.78798676	0.00039090
36.81182861	0.00013360
36.83567047	0.00038591
36.85951233	0.00041655
36.88335419	0.00041930
36.90719604	0.00047206
36.93103790	0.00026070
36.95487976	0.00236463
36.97872162	0.00719641
37.00256348	0.00984764
37.02640533	0.00526943
37.05024719	0.00070042
37.07408905	0.00052523
37.09793091	0.00040272
37.12177277	0.00056045
37.14561462	0.00050843
37.16945648	0.00044789
37.19329834	0.00036459
37.21714020	0.00020074
37.24098206	0.00041089
37.26482391	0.00051201
37.28866577	0.00144238
37.31250763	0.00265429
37.33634949	0.00364341
37.36019135	0.00264570
37.38403320	0.00070083
37.40787506	0.00056736
37.43171692	0.00028394
37.45555878	0.00054178
37.47940063	0.00033780
37.50324249	0.00026669
37.52708435	0.00023810
37.55092621	0.00035514
37.57476807	0.00062261
37.59860992	0.00048493
37.62245178	0.00089515
37.64629364	0.00047257
37.67013550	0.00111797
37.69397736	0.00163118
37.71781921	0.00069443
37.74166107	0.00048549
37.76550293	0.00018337
37.78934479	0.00041709
37.81318665	0.00033247
37.83702850	0.00022144
37.86087036	0.00029819
37.88471222	0.00041522
37.90855408	0.00053471
37.93239594	0.00053925
37.95623779	0.00234390
37.98007965	0.00564215
38.00392151	0.00717261
38.02776337	0.00399031
38.05160522	0.00078704
38.07544708	0.00052254
38.09928894	0.00033441
38.12313080	0.00030555
38.14697266	0.00021448
38.17081451	0.00022297
38.19465637	0.00041304
38.21849823	0.00020867
38.24234009	0.00037344
38.26618195	0.00037514
38.29002380	0.00176817
38.31386566	0.00318935
38.33770752	0.00367696
38.36154938	0.00246992
38.38539124	0.00061209
38.40923309	0.00052333
38.43307495	0.00026469
38.45691681	0.00049434
38.48075867	0.00043906
38.50460052	0.00030736
38.52844238	0.00023737
38.55228424	0.00025975
38.57612610	0.00052670
38.59996796	0.00039648
38.62380981	0.00153014
38.64765167	0.00258270
38.67149353	0.00278993
38.69533539	0.00198058
38.71917725	0.00059988
38.74301910	0.00061061
38.76686096	0.00021761
38.79070282	0.00020451
38.81454468	0.00035271
38.83838654	0.00027338
38.86222839	0.00018563
38.88607025	0.00025669
38.90991211	0.00056901
38.93375397	0.00065032
38.95759583	0.00207765
38.98143768	0.00364615
39.00527954	0.00390764
39.02912140	0.00222332
39.05296326	0.00059466
39.07680511	0.00061190
39.10064697	0.00037338
39.12448883	0.00020840
39.14833069	0.00018266
39.17217255	0.00036981
39.19601440	0.00058879
39.21985626	0.00027164
39.24369812	0.00034520
39.26753998	0.00028752
39.29138184	0.00198453
39.31522369	0.00344041
39.33906555	0.00357204
39.36290741	0.00231430
39.38674927	0.00056004
39.41059113	0.00056789
39.43443298	0.00047374
39.45827484	0.00035898
39.48211670	0.00023006
39.50595856	0.00023283
39.52980042	0.00044116
39.55364227	0.00027553
39.57748413	0.00051685
39.60132599	0.00031435
39.62516785	0.00214951
39.64900970	0.00457314
39.67285156	0.00444998
39.69669342	0.00251577
39.72053528	0.00069901
39.74437714	0.00054400
39.76821899	0.00046321
39.79206085	0.00044210
39.81590271	0.00045377
39.83974457	0.00016254
39.86358643	0.00033582
39.88742828	0.00020496
39.91127014	0.00054618
39.93511200	0.00038667
39.95895386	0.00128755
39.98279572	0.00103058
40.00663757	0.00049957
40.03047943	0.00106993
40.05432129	0.00069046
40.07816315	0.00039435
40.10200500	0.00033141
40.12584686	0.00008769
40.14968872	0.00020046
40.17353058	0.00002488
40.19737244	0.00019712
40.22121429	0.00012117
40.24505615	0.00040612
40.26889801	0.00030458
40.29273987	0.00206543
40.31658173	0.00340330
40.34042358	0.00288539
40.36426544	0.00180716
40.38810730	0.00074791
40.41194916	0.00033152
40.43579102	0.00025023
40.45963287	0.00039256
40.48347473	0.00046621
40.50731659	0.00036390
40.53115845	0.00039520
40.55500031	0.00019276
40.57884216	0.00055477
40.60268402	0.00042258
40.62652588	0.00306997
40.65036774	0.00644487
40.67420959	0.00540939
40.69805145	0.00235061
40.72189331	0.00065446
40.74573517	0.00037457
40.76957703	0.00041560
40.79341888	0.00037522
40.81726074	0.00044139
40.84110260	0.00012985
40.86494446	0.00042668
40.88878632	0.00037476
40.91262817	0.00072815
40.93647003	0.00054652
40.96031189	0.00029472
40.98415375	0.00208048
41.00799561	0.00275911
41.03183746	0.00086099
41.05567932	0.00064687
41.07952118	0.00036031
41.10336304	0.00029066
41.12720490	0.00038429
41.15104675	0.00053373
41.17488861	0.00030424
41.19873047	0.00042959
41.22257233	0.00026935
41.24641418	0.00066304
41.27025604	0.00057098
41.29409790	0.00186797
41.31793976	0.00292830
41.34178162	0.00197440
41.36562347	0.00128091
41.38946533	0.00076626
41.41330719	0.00053551
41.43714905	0.00048126
41.46099091	0.00028263
41.48483276	0.00033934
41.50867462	0.00019719
41.53251648	0.00044345
41.55635834	0.00017849
41.58020020	0.00059014
41.60404205	0.00059676
41.62788391	0.00364502
41.65172577	0.00754241
41.67556763	0.00599191
41.69940948	0.00241816
41.72325134	0.00078909
41.74709320	0.00020361
41.77093506	0.00044426
41.79477692	0.00021594
41.81861877	0.00036488
41.84246063	0.00018907
41.86630249	0.00026613
41.89014435	0.00027607
41.91398621	0.00071329
41.93782806	0.00050716
41.96166992	0.00099986
41.98551178	0.00480382
42.00935364	0.00546726
42.03319550	0.00166645
42.05703735	0.00079761
42.08087921	0.00029471
42.10472107	0.00037173
42.12856293	0.00015666
42.15240479	0.00023830
42.17624664	0.00014517
42.20008850	0.00031698
42.22393036	0.00036944
42.24777222	0.00062086
42.27161407	0.00067887
42.29545593	0.00166170
42.31929779	0.00214385
42.34313965	0.00080110
42.36698151	0.00057034
42.39082336	0.00077418
42.41466522	0.00051401
42.43850708	0.00046104
42.46234894	0.00010053
42.48619080	0.00029136
42.51003265	0.00041830
42.53387451	0.00068761
42.55771637	0.00039391
42.58155823	0.00032987
42.60540009	0.00042307
42.62924194	0.00398220
42.65308380	0.00813988
42.67692566	0.00588554
42.70076752	0.00195587
42.72460938	0.00075199
42.74845123	0.00020937
42.77229309	0.00043809
42.79613495	0.00022826
42.81997681	0.00029552
42.84381866	0.00011013
42.86766052	0.00034711
42.89150238	0.00026612
42.91534424	0.00057617
42.93918610	0.00067196
42.96302795	0.00209206
42.98686981	0.00701831
43.01071167	0.00732175
43.03455353	0.00209193
43.05839539	0.00072148
43.08223724	0.00032753
43.10607910	0.00041856
43.12992096	0.00017334
43.15376282	0.00031820
43.17760468	0.00023121
43.20144653	0.00033512
43.22528839	0.00032512
43.24913025	0.00070544
43.27297211	0.00078523
43.29681396	0.00102017
43.32065582	0.00099616
43.34449768	0.00045062
43.36833954	0.00045757
43.39218140	0.00076255
43.41602325	0.00023532
43.43986511	0.00052723
43.46370697	0.00033493
43.48754883	0.00033900
43.51139069	0.00029977
43.53523254	0.00043868
43.55907440	0.00029726
43.58291626	0.00037572
43.60675812	0.00071210
43.63059998	0.00402710
43.65444183	0.00781470
43.67828369	0.00508946
43.70212555	0.00130215
43.72596741	0.00073541
43.74980927	0.00034266
43.77365112	0.00049136
43.79749298	0.00033151
43.82133484	0.00053512
43.84517670	0.00047317
43.86901855	0.00031646
43.89286041	0.00040887
43.91670227	0.00051185
43.94054413	0.00080302
43.96438599	0.00316309
43.98822784	0.00857102
44.01206970	0.00843077
44.03591156	0.00248503
44.05975342	0.00073059
44.08359528	0.00022780
44.10743713	0.00035381
44.13127899	0.00037028
44.15512085	0.00025649
44.17896271	0.00032481
44.20280457	0.00045929
44.22664642	0.00034184
44.25048828	0.00063286
44.27433014	0.00102277
44.29817200	0.00035845
44.32201385	0.00072365
44.34585571	0.00161394
44.36969757	0.00071250
44.39353943	0.00062026
44.41738129	0.00036932
44.44122314	0.00038983
44.46506500	0.00008888
44.48890686	0.00042564
44.51274872	0.00032757
44.53659058	0.00037043
44.56043243	0.00049009
44.58427429	0.00036641
44.60811615	0.00066489
44.63195801	0.00340533
44.65579987	0.00657583
44.67964172	0.00389159
44.70348358	0.00069832
44.72732544	0.00078726
44.75116730	0.00051913
44.77500916	0.00067858
44.79885101	0.00046775
44.82269287	0.00016949
44.84653473	0.00023895
44.87037659	0.00045395
44.89421844	0.00040921
44.91806030	0.00021605
44.94190216	0.00085343
44.96574402	0.00371560
44.98958588	0.00907842
45.01342773	0.00845575
45.03726959	0.00245127
45.06111145	0.00054308
45.08495331	0.00020676
45.10879517	0.00022546
45.13263702	0.00029246
45.15647888	0.00037585
45.18032074	0.00020517
45.20416260	0.00034736
45.22800446	0.00066934
45.25184631	0.00032272
45.27568817	0.00074306
45.29953003	0.00053085
45.32337189	0.00155901
45.34721375	0.00245233
45.37105560	0.00114275
45.39489746	0.00072990
45.41873932	0.00022926
45.44258118	0.00028917
45.46642303	0.00039135
45.49026489	0.00017374
45.51410675	0.00025587
45.53794861	0.00030605
45.56179047	0.00042510
45.58563232	0.00036653
45.60947418	0.00078779
45.63331604	0.00245294
45.65715790	0.00454568
45.68099976	0.00207053
45.70484161	0.00024076
45.72868347	0.00073455
45.75252533	0.00041032
45.77636719	0.00025689
45.80020905	0.00015173
45.82405090	0.00041506
45.84789276	0.00056929
45.87173462	0.00052624
45.89557648	0.00052662
45.91941833	0.00024563
45.94326019	0.00122936
45.96710205	0.00431021
45.99094391	0.00893936
46.01478577	0.00768534
46.03862762	0.00212280
46.06246948	0.00054898
46.08631134	0.00030840
46.11015320	0.00040536
46.13399506	0.00037946
46.15783691	0.00031439
46.18167877	0.00054067
46.20552063	0.00052660
46.22936249	0.00052706
46.25320435	0.00035950
46.27704620	0.00106995
46.30088806	0.00141662
46.32472992	0.00235482
46.34857178	0.00293360
46.37241364	0.00130392
46.39625549	0.00057931
46.42009735	0.00036732
46.44393921	0.00039136
46.46778107	0.00058336
46.49162292	0.00019938
46.51546478	0.00015405
46.53930664	0.00017533
46.56314850	0.00053019
46.58699036	0.00036366
46.61083221	0.00069423
46.63467407	0.00118192
46.65851593	0.00204370
46.68235779	0.00066012
46.70619965	0.00065221
46.73004150	0.00070141
46.75388336	0.00043136
46.77772522	0.00027429
46.80156708	0.00044541
46.82540894	0.00034784
46.84925079	0.00041615
46.87309265	0.00029473
46.89693451	0.00027355
46.92077637	0.00019191
46.94461823	0.00134627
46.96846008	0.00425174
46.99230194	0.00784238
47.01614380	0.00641119
47.03998566	0.00179742
47.06382751	0.00047590
47.08766937	0.00051648
47.11151123	0.00013735
47.13535309	0.00023757
47.15919495	0.00008906
47.18303680	0.00017038
47.20687866	0.00046710
47.23072052	0.00075975
47.25456238	0.00038399
47.27840424	0.00094062
47.30224609	0.00203914
47.32608795	0.00303836
47.34992981	0.00302011
47.37377167	0.00117677
47.39761353	0.00056442
47.42145538	0.00039898
47.44529724	0.00023083
47.46913910	0.00049573
47.49298096	0.00033103
47.51682281	0.00021108
47.54066467	0.00013135
47.56450653	0.00059460
47.58834839	0.00046893
47.61219025	0.00091435
47.63603210	0.00073509
47.65987396	0.00053809
47.68371582	0.00133883
47.70755768	0.00097736
47.73139954	0.00061493
47.75524139	0.00048445
47.77908325	0.00032830
47.80292511	0.00048310
47.82676697	0.00040860
47.85060883	0.00033850
47.87445068	0.00020609
47.89829254	0.00054425
47.92213440	0.00038427
47.94597626	0.00123542
47.96981812	0.00360276
47.99365997	0.00578843
48.01750183	0.00456234
48.04134369	0.00144116
48.06518555	0.00052092
48.08902740	0.00058931
48.11286926	0.00044800
48.13671112	0.00044540
48.16055298	0.00031517
48.18439484	0.00056434
48.20823669	0.00022705
48.23207855	0.00049751
48.25592041	0.00039710
48.27976227	0.00100960
48.30360413	0.00262115
48.32744598	0.00355133
48.35128784	0.00305943
48.37512970	0.00115100
48.39897156	0.00037279
48.42281342	0.00035775
48.44665527	0.00029926
48.47049713	0.00043260
48.49433899	0.00023776
48.51818085	0.00033321
48.54202271	0.00022502
48.56586456	0.00044645
48.58970642	0.00039983
48.61354828	0.00117615
48.63739014	0.00259373
48.66123199	0.00336398
48.68507385	0.00276966
48.70891571	0.00135088
48.73275757	0.00061457
48.75659943	0.00054294
48.78044128	0.00024882
48.80428314	0.00050675
