Частота	A * B
(kГц)	(?)

0.00000000	0.66422350
0.02384186	0.29751960
0.04768372	0.09198148
0.07152557	0.07817111
0.09536743	0.08648828
0.11920929	0.04664917
0.14305115	0.05031705
0.16689301	0.09102673
0.19073486	0.06420485
0.21457672	0.03898778
0.23841858	0.06453585
0.26226044	0.08656920
0.28610229	0.04028274
0.30994415	0.03586740
0.33378601	0.07818116
0.35762787	0.06684614
0.38146973	0.01629235
0.40531158	0.04894796
0.42915344	0.07846522
0.45299530	0.04263265
0.47683716	0.01911723
0.50067902	0.06341431
0.52452087	0.07062907
0.54836273	0.04743292
0.57220459	0.05359463
0.59604645	0.06835350
0.61988831	0.10380370
0.64373016	0.12062990
0.66757202	0.08023705
0.69141388	0.15762660
0.71525574	0.38407810
0.73909760	0.35259090
0.76293945	0.18609230
0.78678131	0.55713650
0.81062317	0.94398400
0.83446503	0.55604900
0.85830688	0.04683391
0.88214874	0.22096210
0.90599060	0.24469040
0.92983246	0.08221185
0.95367432	0.07411674
0.97751617	0.15399650
1.00135803	0.11497030
1.02519989	0.03324151
1.04904175	0.08375298
1.07288361	0.10576760
1.09672546	0.06657697
1.12056732	0.05410642
1.14440918	0.07251714
1.16825104	0.07750566
1.19209290	0.07421296
1.21593475	0.06308440
1.23977661	0.05428432
1.26361847	0.09405959
1.28746033	0.10041800
1.31130219	0.05024304
1.33514404	0.07504782
1.35898590	0.15482480
1.38282776	0.11897470
1.40666962	0.02784273
1.43051147	0.19322180
1.45435333	0.26848780
1.47819519	0.11504160
1.50203705	0.34121900
1.52587891	0.97123750
1.54972076	0.88910810
1.57356262	0.29228400
1.59740448	0.25909500
1.62124634	0.41078290
1.64508820	0.25576770
1.66893005	0.07186606
1.69277191	0.11330490
1.71661377	0.12226860
1.74045563	0.08035375
1.76429749	0.06080560
1.78813934	0.05001152
1.81198120	0.06411683
1.83582306	0.07235039
1.85966492	0.04158281
1.88350677	0.02053098
1.90734863	0.07225394
1.93119049	0.06875638
1.95503235	0.02036061
1.97887421	0.04430103
2.00271606	0.08656265
2.02655792	0.05407172
2.05039978	0.02729261
2.07424164	0.07357539
2.09808350	0.08714216
2.12192535	0.04164383
2.14576721	0.04649207
2.16960907	0.09779289
2.19345093	0.07321285
2.21729279	0.04157453
2.24113464	0.07664545
2.26497650	0.11176740
2.28881836	0.06965552
2.31266022	0.19028370
2.33650208	0.43341100
2.36034393	0.40252030
2.38418579	0.15453880
2.40802765	0.05646644
2.43186951	0.07858619
2.45571136	0.05164783
2.47955322	0.04666760
2.50339508	0.06964747
2.52723694	0.07759234
2.55107880	0.04311429
2.57492065	0.04613792
2.59876251	0.08273891
2.62260437	0.05861069
2.64644623	0.03265106
2.67028809	0.05896371
2.69412994	0.07936752
2.71797180	0.03395497
2.74181366	0.02942785
2.76565552	0.07152554
2.78949738	0.06286342
2.81333923	0.00685456
2.83718109	0.04670525
2.86102295	0.07266273
2.88486481	0.05408956
2.90870667	0.04232405
2.93254852	0.06171428
2.95639038	0.08490520
2.98023224	0.11533490
3.00407410	0.09874555
3.02791595	0.08745521
3.05175781	0.30356880
3.07559967	0.41500680
3.09944153	0.23077190
3.12328339	0.29647740
3.14712524	0.77087250
3.17096710	0.71145860
3.19480896	0.18796490
3.21865082	0.14327590
3.24249268	0.25651190
3.26633453	0.15269830
3.29017639	0.02580363
3.31401825	0.12964020
3.33786011	0.14489870
3.36170197	0.05532578
3.38554382	0.05811667
3.40938568	0.10540890
3.43322754	0.08656787
3.45706940	0.04768363
3.48091125	0.06666427
3.50475311	0.07819066
3.52859497	0.07503534
3.55243683	0.06799748
3.57627869	0.05503488
3.60012054	0.07632066
3.62396240	0.10522610
3.64780426	0.07530554
3.67164612	0.04335099
3.69548798	0.13205890
3.71932983	0.15020830
3.74317169	0.05825597
3.76701355	0.12024830
3.79085541	0.27353530
3.81469727	0.20892820
3.83853912	0.13482950
3.86238098	0.83629320
3.88622284	1.18511100
3.91006470	0.58991750
3.93390656	0.19923100
3.95774841	0.37119930
3.98159027	0.34650630
4.00543213	0.11896990
4.02927399	0.09294726
4.05311584	0.13190290
4.07695770	0.10124740
4.10079956	0.06478757
4.12464142	0.05734928
4.14848328	0.05883544
4.17232513	0.07385047
4.19616699	0.05950713
4.22000885	0.01790498
4.24385071	0.05533129
4.26769257	0.08018959
4.29153442	0.04208956
4.31537628	0.01883891
4.33921814	0.07893202
4.36306000	0.07670121
4.38690186	0.02814801
4.41074371	0.05037826
4.43458557	0.09788431
4.45842743	0.06113584
4.48226929	0.03436474
4.50611115	0.08511522
4.52995300	0.10178600
4.55379486	0.04633026
4.57763672	0.05676539
4.60147858	0.12806280
4.62532043	0.09614237
4.64916229	0.11427340
4.67300415	0.34040320
4.69684601	0.46358610
4.72068787	0.25327700
4.74452972	0.07369944
4.76837158	0.05651655
4.79221344	0.05321437
4.81605530	0.04936241
4.83989716	0.05055135
4.86373901	0.07695493
4.88758087	0.05023623
4.91142273	0.04377414
4.93526459	0.06527632
4.95910645	0.07328339
4.98294830	0.03805601
5.00679016	0.04171217
5.03063202	0.07688300
5.05447388	0.05454047
5.07831573	0.02255377
5.10215759	0.05457497
5.12599945	0.07399935
5.14984131	0.03005206
5.17368317	0.02527321
5.19752502	0.06654122
5.22136688	0.06437231
5.24520874	0.03502776
5.26905060	0.05244981
5.29289246	0.07211440
5.31673431	0.10164650
5.34057617	0.10692830
5.36441803	0.07237079
5.38825989	0.20149450
5.41210175	0.41349080
5.43594360	0.32673380
5.45978546	0.17728420
5.48362732	0.52501040
5.50746918	0.75177010
5.53131104	0.36376470
5.55515289	0.04806507
5.57899475	0.22539150
5.60283661	0.21118190
5.62667847	0.04880250
5.65052032	0.08888142
5.67436218	0.15332930
5.69820404	0.09541555
5.72204590	0.03114920
5.74588776	0.09169429
5.76972961	0.10306430
5.79357147	0.05558076
5.81741333	0.05555161
5.84125519	0.07710485
5.86509705	0.07732397
5.88893890	0.06918294
5.91278076	0.06099376
5.93662262	0.06207359
5.96046448	0.09833732
5.98430634	0.09370644
6.00814819	0.04534724
6.03199005	0.09457784
6.05583191	0.16003650
6.07967377	0.10573980
6.10351563	0.05110107
6.12735748	0.23349510
6.15119934	0.27287480
6.17504120	0.07756103
6.19888306	0.58695610
6.22272491	1.33350900
6.24656677	1.03321300
6.27040863	0.29030910
6.29425049	0.28612370
6.31809235	0.39551460
6.34193420	0.20808520
6.36577606	0.06951144
6.38961792	0.12734130
6.41345978	0.12440430
6.43730164	0.07395200
6.46114349	0.06193566
6.48498535	0.05923062
6.50882721	0.07101511
6.53266907	0.07031761
6.55651093	0.03748984
6.58035278	0.03455486
6.60419464	0.07914894
6.62803650	0.06421597
6.65187836	0.00954325
6.67572021	0.05787899
6.69956207	0.09080068
6.72340393	0.04734365
6.74724579	0.02717088
6.77108765	0.08972027
6.79492950	0.08814377
6.81877136	0.03483297
6.84261322	0.06008420
6.86645508	0.11697220
6.89029694	0.07284100
6.91413879	0.03806094
6.93798065	0.11766010
6.96182251	0.14320900
6.98566437	0.08294157
7.00950623	0.22946830
7.03334808	0.45455230
7.05718994	0.36400360
7.08103180	0.12341030
7.10487366	0.04300514
7.12871552	0.04638652
7.15255737	0.04628180
7.17639923	0.04914691
7.20024109	0.06241996
7.22408295	0.05899099
7.24792480	0.04649252
7.27176666	0.04842462
7.29560852	0.07515922
7.31945038	0.04787413
7.34329224	0.03845975
7.36713409	0.06182726
7.39097595	0.06983141
7.41481781	0.03040985
7.43865967	0.03676524
7.46250153	0.07208829
7.48634338	0.05190598
7.51018524	0.00679715
7.53402710	0.05184277
7.55786896	0.07063457
7.58171082	0.04136321
7.60555267	0.03774524
7.62939453	0.06395983
7.65323639	0.08624106
7.67707825	0.10415000
7.70092010	0.08503734
7.72476196	0.11438400
7.74860382	0.34897300
7.77244568	0.40815830
7.79628754	0.20306290
7.82012939	0.29962640
7.84397125	0.66419650
7.86781311	0.51540920
7.89165497	0.08874470
7.91549683	0.16193630
7.93933868	0.23753480
7.96318054	0.11395540
7.98702240	0.04015736
8.01086426	0.13706970
8.03470612	0.13075030
8.05854797	0.03667649
8.08238983	0.06713912
8.10623169	0.10798050
8.13007355	0.07624824
8.15391541	0.04361966
8.17775726	0.07119154
8.20159912	0.08034259
8.22544098	0.07034126
8.24928284	0.06426469
8.27312469	0.05816776
8.29696655	0.08392454
8.32080841	0.10185690
8.34465027	0.06720294
8.36849213	0.05811898
8.39233398	0.14562540
8.41617584	0.14247140
8.44001770	0.04407514
8.46385956	0.16202580
8.48770142	0.29590370
8.51154327	0.18757130
8.53538513	0.30713080
8.55922699	1.27070600
8.58306885	1.51666800
8.60691071	0.63356990
8.63075256	0.21607580
8.65459442	0.38090860
8.67843628	0.30307830
8.70227814	0.08784082
8.72612000	0.10759660
8.74996185	0.13961800
8.77380371	0.09477887
8.79764557	0.06261829
8.82148743	0.06339077
8.84532928	0.06816775
8.86917114	0.07439423
8.89301300	0.05553705
8.91685486	0.02400708
8.94069672	0.06652670
8.96453857	0.07937407
8.98838043	0.03435444
9.01222229	0.03031920
9.03606415	0.08918222
9.05990601	0.07272266
9.08374786	0.01879860
9.10758972	0.06602342
9.13143158	0.10610430
9.15527344	0.05519400
9.17911530	0.03527969
9.20295715	0.10932800
9.22679901	0.10842700
9.25064087	0.03798825
9.27448273	0.08657340
9.29832458	0.17375790
9.32216644	0.11004210
9.34600830	0.14070120
9.36985016	0.37936830
9.39369202	0.44574420
9.41753387	0.21003900
9.44137573	0.05947337
9.46521759	0.03217025
9.48905945	0.03663713
9.51290131	0.05435582
9.53674316	0.04754273
9.56058502	0.06089826
9.58442688	0.04609410
9.60826874	0.04673703
9.63211060	0.06321318
9.65595245	0.05986862
9.67979431	0.04183107
9.70363617	0.04577831
9.72747803	0.07272899
9.75131989	0.04461511
9.77516174	0.03034651
9.79900360	0.05866646
9.82284546	0.06695050
9.84668732	0.02115124
9.87052917	0.03246498
9.89437103	0.06822046
9.91821289	0.05510616
9.94205475	0.02339585
9.96589661	0.05357254
9.98973846	0.07471279
10.01358032	0.09440034
10.03742218	0.09214164
10.06126404	0.07331900
10.08510590	0.24854300
10.10894775	0.43287990
10.13278961	0.29571630
10.15663147	0.17252290
10.18047333	0.48885480
10.20431519	0.59140960
10.22815704	0.22831750
10.25199890	0.07957195
10.27584076	0.22269090
10.29968262	0.17510970
10.32352448	0.02061880
10.34736633	0.10159010
10.37120819	0.14798430
10.39505005	0.07457092
10.41889191	0.03669297
10.44273376	0.09838080
10.46657562	0.09697076
10.49041748	0.04448249
10.51425934	0.05900856
10.53810120	0.08098341
10.56194305	0.07435785
10.58578491	0.06397367
10.60962677	0.06070994
10.63346863	0.06973592
10.65731049	0.09930404
10.68115234	0.08605712
10.70499420	0.04551589
10.72883606	0.11271680
10.75267792	0.16042950
10.77651978	0.09067794
10.80036163	0.08398195
10.82420349	0.27119060
10.84804535	0.26944550
10.87188721	0.09175622
10.89572906	1.01393000
10.91957092	1.89369500
10.94341278	1.24073400
10.96725464	0.29507900
10.99109650	0.30982340
11.01493835	0.36999030
11.03878021	0.16281210
11.06262207	0.07764549
11.08646393	0.13963430
11.11030579	0.12167790
11.13414764	0.06719882
11.15798950	0.06536303
11.18183136	0.06846287
11.20567322	0.07469490
11.22951508	0.06729028
11.25335693	0.03575151
11.27719879	0.04795260
11.30104065	0.08320396
11.32488251	0.05839318
11.34872437	0.00355583
11.37256622	0.07192333
11.39640808	0.09192068
11.42024994	0.03886476
11.44409180	0.03618732
11.46793365	0.10484210
11.49177551	0.08580898
11.51561737	0.02616551
11.53945923	0.08210701
11.56330109	0.13329130
11.58714294	0.06816433
11.61098480	0.04834049
11.63482666	0.17019770
11.65866852	0.17086820
11.68251038	0.09733930
11.70635223	0.27046740
11.73019409	0.46442070
11.75403595	0.32036030
11.77787781	0.09776370
11.80171967	0.03072019
11.82556152	0.02154241
11.84940338	0.05252852
11.87324524	0.04865418
11.89708710	0.05193402
11.92092896	0.04586503
11.94477081	0.05135328
11.96861267	0.04859718
11.99245453	0.06507216
12.01629639	0.04429660
12.04013824	0.04281742
12.06398010	0.06241491
12.08782196	0.05923678
12.11166382	0.03405863
12.13550568	0.04246705
12.15934753	0.07013687
12.18318939	0.04129621
12.20703125	0.01808629
12.23087311	0.05627238
12.25471497	0.06587127
12.27855682	0.02670828
12.30239868	0.03711293
12.32624054	0.06654088
12.35008240	0.08322437
12.37392426	0.08972037
12.39776611	0.07395294
12.42160797	0.14961750
12.44544983	0.38936910
12.46929169	0.39100760
12.49313354	0.17753940
12.51697540	0.29912800
12.54081726	0.56365780
12.56465912	0.36443440
12.58850098	0.02446105
12.61234283	0.17304190
12.63618469	0.21266070
12.66002655	0.07861733
12.68386841	0.05605140
12.70771027	0.14067280
12.73155212	0.11322750
12.75539398	0.02108108
12.77923584	0.07612428
12.80307770	0.10757650
12.82691956	0.06373118
12.85076141	0.04297652
12.87460327	0.07600791
12.89844513	0.08007082
12.92228699	0.06411758
12.94612885	0.06188497
12.96997070	0.06281631
12.99381256	0.08875243
13.01765442	0.09628515
13.04149628	0.06048424
13.06533813	0.07477837
13.08917999	0.15486310
13.11302185	0.13148840
13.13686371	0.03985329
13.16070557	0.20617740
13.18454742	0.31045310
13.20838928	0.15151760
13.23223114	0.65056590
13.25607300	2.03606900
13.27991486	2.05633000
13.30375671	0.71377220
13.32759857	0.23533980
13.35144043	0.38073770
13.37528229	0.25626960
13.39912415	0.06765758
13.42296600	0.12241270
13.44680786	0.14294700
13.47064972	0.08554018
13.49449158	0.06268907
13.51833344	0.07089227
13.54217529	0.07473519
13.56601715	0.07287301
13.58985901	0.05227756
13.61370087	0.03413912
13.63754272	0.07534283
13.66138458	0.07643865
13.68522644	0.02645003
13.70906830	0.04504875
13.73291016	0.09666158
13.75675201	0.06661051
13.78059387	0.01100616
13.80443573	0.08412119
13.82827759	0.11062940
13.85211945	0.04668684
13.87596130	0.04719878
13.89980316	0.13400740
13.92364502	0.11048890
13.94748688	0.02626270
13.97132874	0.13423500
13.99517059	0.22056430
14.01901245	0.12014990
14.04285431	0.17116760
14.06669617	0.41187190
14.09053802	0.41739380
14.11437988	0.16983760
14.13822174	0.05007026
14.16206360	0.00697420
14.18590546	0.04177529
14.20974731	0.05723517
14.23358917	0.04160510
14.25743103	0.04509027
14.28127289	0.04974270
14.30511475	0.04751517
14.32895660	0.05831771
14.35279846	0.04917796
14.37664032	0.04740286
14.40048218	0.04813053
14.42432404	0.06599358
14.44816589	0.04039538
14.47200775	0.03686617
14.49584961	0.06089979
14.51969147	0.05806183
14.54353333	0.02163012
14.56737518	0.03909234
14.59121704	0.06786113
14.61505890	0.04346464
14.63890076	0.01650039
14.66274261	0.05611121
14.68658447	0.07478335
14.71042633	0.08218543
14.73426819	0.07778598
14.75811005	0.08564618
14.78195190	0.29657520
14.80579376	0.44103350
14.82963562	0.26180970
14.85347748	0.17061140
14.87731934	0.44675560
14.90116119	0.45543490
14.92500305	0.13244290
14.94884491	0.10315090
14.97268677	0.21315530
14.99652863	0.13865580
15.02037048	0.00736356
15.04421234	0.11167360
15.06805420	0.13809570
15.09189606	0.05359581
15.11573792	0.04578211
15.13957977	0.10312570
15.16342163	0.08763956
15.18726349	0.03484582
15.21110535	0.06380846
15.23494720	0.08339144
15.25878906	0.06878766
15.28263092	0.05945688
15.30647278	0.06221612
15.33031464	0.07615526
15.35415649	0.09715407
15.37799835	0.07832275
15.40184021	0.05141865
15.42568207	0.12830850
15.44952393	0.15627470
15.47336578	0.07479262
15.49720764	0.12309280
15.52104950	0.30374590
15.54489136	0.25748520
15.56873322	0.29408460
15.59257507	1.89548500
15.61641693	2.95704700
15.64025879	1.63214200
15.66410065	0.31600590
15.68794250	0.32837440
15.71178436	0.33553130
15.73562622	0.12211950
15.75946808	0.09109432
15.78330994	0.14906050
15.80715179	0.11450230
15.83099365	0.06159401
15.85483551	0.07087621
15.87867737	0.07645823
15.90251923	0.07539385
15.92636108	0.06403302
15.95020294	0.03743336
15.97404480	0.05990468
15.99788666	0.08446999
16.02172852	0.05182396
16.04557037	0.01736248
16.06941223	0.08470583
16.09325409	0.09008481
16.11709595	0.02862798
16.14093781	0.05195616
16.16477966	0.11741940
16.18862152	0.08036134
16.21246338	0.01961615
16.23630524	0.10921910
16.26014709	0.14544760
16.28398895	0.05845552
16.30783081	0.08044898
16.33167267	0.23138590
16.35551453	0.19322950
16.37935638	0.11398430
16.40319824	0.31121360
16.42704010	0.46225970
16.45088196	0.27421780
16.47472382	0.07843750
16.49856567	0.02587209
16.52240753	0.02592102
16.54624939	0.05972763
16.57009125	0.04569146
16.59393311	0.03893630
16.61777496	0.04230371
16.64161682	0.05485445
16.66545868	0.04663177
16.68930054	0.05382524
16.71314240	0.04754745
16.73698425	0.04528423
16.76082611	0.06052850
16.78466797	0.04985302
16.80850983	0.04082889
16.83235168	0.04658788
16.85619354	0.06562578
16.88003540	0.03456660
16.90387726	0.02767602
16.92771912	0.05941555
16.95156097	0.05840067
16.97540283	0.01150904
16.99924469	0.03972849
17.02308655	0.06830535
17.04692841	0.07506039
17.07077026	0.07347679
17.09461212	0.06799199
17.11845398	0.19081980
17.14229584	0.42226800
17.16613770	0.36504570
17.18997955	0.15529300
17.21382141	0.29301290
17.23766327	0.46789810
17.26150513	0.24816390
17.28534698	0.02344125
17.30918884	0.17752950
17.33303070	0.18346570
17.35687256	0.04790379
17.38071442	0.07016712
17.40455627	0.14001330
17.42839813	0.09346186
17.45223999	0.01485555
17.47608185	0.08426122
17.49992371	0.10385970
17.52376556	0.04982286
17.54760742	0.04560885
17.57144928	0.08041130
17.59529114	0.07700898
17.61913300	0.05729137
17.64297485	0.06116621
17.66681671	0.06799728
17.69065857	0.09046061
17.71450043	0.08926114
17.73834229	0.05642425
17.76218414	0.09149812
17.78602600	0.15931200
17.80986786	0.11809400
17.83370972	0.05407288
17.85755157	0.25103560
17.88139343	0.31642400
17.90523529	0.10660060
17.92907715	1.52742700
17.95291901	3.82521500
17.97676086	3.27382900
18.00060272	0.92573130
18.02444458	0.25552550
18.04828644	0.37065290
18.07212830	0.20836580
18.09597015	0.06207995
18.11981201	0.13614850
18.14365387	0.14143940
18.16749573	0.07495920
18.19133759	0.06527311
18.21517944	0.07881614
18.23902130	0.07817728
18.26286316	0.07004568
18.28670502	0.05052661
18.31054688	0.04535698
18.33438873	0.08134148
18.35823059	0.07192215
18.38207245	0.02036846
18.40591431	0.06038232
18.42975616	0.10092090
18.45359802	0.05874360
18.47743988	0.01739735
18.50128174	0.10231740
18.52512360	0.11126900
18.54896545	0.03538328
18.57280731	0.06904466
18.59664917	0.15692370
18.62049103	0.10768110
18.64433289	0.02615995
18.66817474	0.19757240
18.69201660	0.26578160
18.71585846	0.12740520
18.73970032	0.20512500
18.76354218	0.43563750
18.78738403	0.38045370
18.81122589	0.13436590
18.83506775	0.04713991
18.85890961	0.01939309
18.88275146	0.05408692
18.90659332	0.05739735
18.93043518	0.03298286
18.95427704	0.03372329
18.97811890	0.05594096
19.00196075	0.04623823
19.02580261	0.05084710
19.04964447	0.04469587
19.07348633	0.05206023
19.09732819	0.04871377
19.12117004	0.05752325
19.14501190	0.04318295
19.16885376	0.04152150
19.19269562	0.06096546
19.21653748	0.04905633
19.24037933	0.02956831
19.26422119	0.04458653
19.28806305	0.06504066
19.31190491	0.03135801
19.33574677	0.01919706
19.35958862	0.05901068
19.38343048	0.07108993
19.40727234	0.06565252
19.43111420	0.06561606
19.45495605	0.10854420
19.47879791	0.34312960
19.50263977	0.43753620
19.52648163	0.22720490
19.55032349	0.16971460
19.57416534	0.39854160
19.59800720	0.34047880
19.62184906	0.06539417
19.64569092	0.11887880
19.66953278	0.19733970
19.69337463	0.10392500
19.71721649	0.02472590
19.74105835	0.11860710
19.76490021	0.12420070
19.78874207	0.03349727
19.81258392	0.05556062
19.83642578	0.10534290
19.86026764	0.07548714
19.88410950	0.02886419
19.90795135	0.06921921
19.93179321	0.08363336
19.95563507	0.06114384
19.97947693	0.05631266
20.00331879	0.06516280
20.02716064	0.08047483
20.05100250	0.09225797
20.07484436	0.07158648
20.09868622	0.06143615
20.12252808	0.14038830
20.14636993	0.14818810
20.17021179	0.05966082
20.19405365	0.16833520
20.21789551	0.32749960
20.24173737	0.22968180
20.26557922	1.06707500
20.28942108	4.74701100
20.31326294	6.24057600
20.33710480	2.87943800
20.36094666	0.39904950
20.38478851	0.34134280
20.40863037	0.29282680
20.43247223	0.08923919
20.45631409	0.10617630
20.48015594	0.15462540
20.50399780	0.10381010
20.52783966	0.05823258
20.55168152	0.07801512
20.57552338	0.08221008
20.59936523	0.07361601
20.62320709	0.06134955
20.64704895	0.04238868
20.67089081	0.06974985
20.69473267	0.08326366
20.71857452	0.04517480
20.74241638	0.03245628
20.76625824	0.09508144
20.79010010	0.08568085
20.81394196	0.01671326
20.83778381	0.07101157
20.86162567	0.12646210
20.88546753	0.07204483
20.90930939	0.02676941
20.93315125	0.13861570
20.95699310	0.15258280
20.98083496	0.04232523
21.00467682	0.13280810
21.02851868	0.29876200
21.05236053	0.20940470
21.07620239	0.13379470
21.10004425	0.34931930
21.12388611	0.44816920
21.14772797	0.22810420
21.17156982	0.06650719
21.19541168	0.03485429
21.21925354	0.04517525
21.24309540	0.06412132
21.26693726	0.04090275
21.29077911	0.02501062
21.31462097	0.04736761
21.33846283	0.05611648
21.36230469	0.04243255
21.38614655	0.04388106
21.40998840	0.05395733
21.43383026	0.04590227
21.45767212	0.05616784
21.48151398	0.04497241
21.50535583	0.04732767
21.52919769	0.04908160
21.55303955	0.05899673
21.57688141	0.03554505
21.60072327	0.03525113
21.62456512	0.06076509
21.64840698	0.04906734
21.67224884	0.00796922
21.69609070	0.04396442
21.71993256	0.06805482
21.74377441	0.06141838
21.76761627	0.05731567
21.79145813	0.06999031
21.81529999	0.23601310
21.83914185	0.44553680
21.86298370	0.33232620
21.88682556	0.13682360
21.91066742	0.28003840
21.93450928	0.37754180
21.95835114	0.16001050
21.98219299	0.05149378
22.00603485	0.17576890
22.02987671	0.15186500
22.05371857	0.02314596
22.07756042	0.08192643
22.10140228	0.13487740
22.12524414	0.07280616
22.14908600	0.02237060
22.17292786	0.09084912
22.19676971	0.09681597
22.22061157	0.03538720
22.24445343	0.05049855
22.26829529	0.08373366
22.29213715	0.07098669
22.31597900	0.05109479
22.33982086	0.06198299
22.36366272	0.07266956
22.38750458	0.08916272
22.41134644	0.08130731
22.43518829	0.05664647
22.45903015	0.10664820
22.48287201	0.15895420
22.50671387	0.10358050
22.53055573	0.07972369
22.55439758	0.29719230
22.57823944	0.31302970
22.60208130	0.72188200
22.62592316	7.15171200
22.64976501	14.74032000
22.67360687	10.67695000
22.69744873	2.35825900
22.72129059	0.27839210
22.74513245	0.35418210
22.76897430	0.15932930
22.79281616	0.07027976
22.81665802	0.14774780
22.84049988	0.13494400
22.86434174	0.06510784
22.88818359	0.06973227
22.91202545	0.08629291
22.93586731	0.07844871
22.95970917	0.06664839
22.98355103	0.05105104
23.00739288	0.05601062
23.03123474	0.08448708
23.05507660	0.06640065
23.07891846	0.02036460
23.10276031	0.07493922
23.12660217	0.10185150
23.15044403	0.04953176
23.17428589	0.03369997
23.19812775	0.11883970
23.22196960	0.10815360
23.24581146	0.02088063
23.26965332	0.09745459
23.29349518	0.17627140
23.31733704	0.09965868
23.34117889	0.05775858
23.36502075	0.27553340
23.38886261	0.30701680
23.41270447	0.13328830
23.43654633	0.24147650
23.46038818	0.44888960
23.48423004	0.33731760
23.50807190	0.10513160
23.53191376	0.05170953
23.55575562	0.04274212
23.57959747	0.06403004
23.60343933	0.05542085
23.62728119	0.02205861
23.65112305	0.03260892
23.67496490	0.06120607
23.69880676	0.04314569
23.72264862	0.04156940
23.74649048	0.04760141
23.77033234	0.05477790
23.79417419	0.04735643
23.81801605	0.04907208
23.84185791	0.05032641
23.86569977	0.04427981
23.88954163	0.05862719
23.91338348	0.04321307
23.93722534	0.03876453
23.96106720	0.04856398
23.98490906	0.05981117
24.00875092	0.02412970
24.03259277	0.02699529
24.05643463	0.06128573
24.08027649	0.06261551
24.10411835	0.04617531
24.12796021	0.05767919
24.15180206	0.13966790
24.17564392	0.38573240
24.19948578	0.42264020
24.22332764	0.19399140
24.24716949	0.16764970
24.27101135	0.34534840
24.29485321	0.24484880
24.31869507	0.02134998
24.34253693	0.12807350
24.36637878	0.17641410
24.39022064	0.07258528
24.41406250	0.04009666
24.43790436	0.12242460
24.46174622	0.10659980
24.48558807	0.01580012
24.50942993	0.06552584
24.53327179	0.10368330
24.55711365	0.06226793
24.58095551	0.02814415
24.60479736	0.07411043
24.62863922	0.08217634
24.65248108	0.05011592
24.67632294	0.05740435
24.70016479	0.06751417
24.72400665	0.08102714
24.74784851	0.08942720
24.77169037	0.05929304
24.79553223	0.07991263
24.81937408	0.14659660
24.84321594	0.13701060
24.86705780	0.07851868
24.89089966	0.17894830
24.91474152	0.39211720
24.93858337	0.52789770
24.96242523	10.93841000
24.98626709	37.38568000
25.01010895	41.60331000
25.03395081	15.82083000
25.05779266	0.95469470
25.08163452	0.30814580
25.10547638	0.29025330
25.12931824	0.02957231
25.15316010	0.12502110
25.17700195	0.15755340
25.20084381	0.08638638
25.22468567	0.06615737
25.24852753	0.08125381
25.27236938	0.08694713
25.29621124	0.07105398
25.32005310	0.05768314
25.34389496	0.05179376
25.36773682	0.07585334
25.39157867	0.08063793
25.41542053	0.03941246
25.43926239	0.04681399
25.46310425	0.10326510
25.48694611	0.07841762
25.51078796	0.00661058
25.53462982	0.09170108
25.55847168	0.13089130
25.58231354	0.06145056
25.60615540	0.04794136
25.62999725	0.16772370
25.65383911	0.15432510
25.67768097	0.01753568
25.70152283	0.20524790
25.72536469	0.36976390
25.74920654	0.21933990
25.77304840	0.15704800
25.79689026	0.38246260
25.82073212	0.42293230
25.84457397	0.18441870
25.86841583	0.06290978
25.89225769	0.05135245
25.91609955	0.06164458
25.93994141	0.06532104
25.96378326	0.03518426
25.98762512	0.01550252
26.01146698	0.05549230
26.03530884	0.05521050
26.05915070	0.03594949
26.08299255	0.03897377
26.10683441	0.06029370
26.13067627	0.04482523
26.15451813	0.04968539
26.17835999	0.04699736
26.20220184	0.05208221
26.22604370	0.04975084
26.24988556	0.05158516
26.27372742	0.04331158
26.29756927	0.04075278
26.32141113	0.05990087
26.34525299	0.04047611
26.36909485	0.02174421
26.39293671	0.04829377
26.41677856	0.06474688
26.44062042	0.04251588
26.46446228	0.04391100
26.48830414	0.08141330
26.51214600	0.28305950
26.53598785	0.45769380
26.55982971	0.29515850
26.58367157	0.12205170
26.60751343	0.25970220
26.63135529	0.29417440
26.65519714	0.09542876
26.67903900	0.07051182
26.70288086	0.16802480
26.72672272	0.12003430
26.75056458	0.01145464
26.77440643	0.09093117
26.79824829	0.12557630
26.82209015	0.05251807
26.84593201	0.03321183
26.86977386	0.09554666
26.89361572	0.08640019
26.91745758	0.02196441
26.94129944	0.05657015
26.96514130	0.08508946
26.98898315	0.06265180
27.01282501	0.04590034
27.03666687	0.06462687
27.06050873	0.07578130
27.08435059	0.08433390
27.10819244	0.07505108
27.13203430	0.05876843
27.15587616	0.12004410
27.17971802	0.15383610
27.20355988	0.08718342
27.22740173	0.12299820
27.25124359	0.32693230
27.27508545	0.30536740
27.29892731	0.87032360
27.32276917	5.21936100
27.34661102	8.98845200
27.37045288	5.48610400
27.39429474	0.85935450
27.41813660	0.28164450
27.44197845	0.31625090
27.46582031	0.12340390
27.48966217	0.08164280
27.51350403	0.15619580
27.53734589	0.12469650
27.56118774	0.05528436
27.58502960	0.07753588
27.60887146	0.09127472
27.63271332	0.07601061
27.65655518	0.06404026
27.68039703	0.05325847
27.70423889	0.06565263
27.72808075	0.08471289
27.75192261	0.06065186
27.77576447	0.02817140
27.79960632	0.08734366
27.82344818	0.09995275
27.84729004	0.03923317
27.87113190	0.05301452
27.89497375	0.13252010
27.91881561	0.10147770
27.94265747	0.00360959
27.96649933	0.12989470
27.99034119	0.19067060
28.01418304	0.08565044
28.03802490	0.11254530
28.06186676	0.36744360
28.08570862	0.34226780
28.10955048	0.13967270
28.13339233	0.27853680
28.15723419	0.45060000
28.18107605	0.29056060
28.20491791	0.08385529
28.22875977	0.06234886
28.25260162	0.06276341
28.27644348	0.06975546
28.30028534	0.05216103
28.32412720	0.00979930
28.34796906	0.04082857
28.37181091	0.06424697
28.39565277	0.03828469
28.41949463	0.03248130
28.44333649	0.05504333
28.46717834	0.05519955
28.49102020	0.04397874
28.51486206	0.04376674
28.53870392	0.05816892
28.56254578	0.04532037
28.58638763	0.05413728
28.61022949	0.04405871
28.63407135	0.04658486
28.65791321	0.05094995
28.68175507	0.05271639
28.70559692	0.02936869
28.72943878	0.03510191
28.75328064	0.06169953
28.77712250	0.04951683
28.80096436	0.02576971
28.82480621	0.05633681
28.84864807	0.17727470
28.87248993	0.42142260
28.89633179	0.39799720
28.92017365	0.16308690
28.94401550	0.16286360
28.96785736	0.28887310
28.99169922	0.16774170
29.01554108	0.01946135
29.03938293	0.13175300
29.06322479	0.15134830
29.08706665	0.04744104
29.11090851	0.05303458
29.13475037	0.12147540
29.15859222	0.08806370
29.18243408	0.00262080
29.20627594	0.07309043
29.23011780	0.10009460
29.25395966	0.04617206
29.27780151	0.03279219
29.30164337	0.07884587
29.32548523	0.07628164
29.34932709	0.04197916
29.37316895	0.05659648
29.39701080	0.07184995
29.42085266	0.08008482
29.44469452	0.07909831
29.46853638	0.06121668
29.49237823	0.08813659
29.51622009	0.15029740
29.54006195	0.12297130
29.56390381	0.06631939
29.58774567	0.25245930
29.61158752	0.36448450
29.63542938	0.26288630
29.65927124	1.63553400
29.68311310	4.51008300
29.70695496	4.25422000
29.73079681	1.29835800
29.75463867	0.16194440
29.77848053	0.32787310
29.80232239	0.21196080
29.82616425	0.04524225
29.85000610	0.13526460
29.87384796	0.15231170
29.89768982	0.07434306
29.92153168	0.06412315
29.94537354	0.09168306
29.96921539	0.08552932
29.99305725	0.06618769
30.01689911	0.05916460
30.04074097	0.05825752
30.06458282	0.08087530
30.08842468	0.07586142
30.11226654	0.03603067
30.13610840	0.06245517
30.15995026	0.10666050
30.18379211	0.07078668
30.20763397	0.01665756
30.23147583	0.11075290
30.25531769	0.13187060
30.27915955	0.04760744
30.30300140	0.07602926
30.32684326	0.19490520
30.35068512	0.15007030
30.37452698	0.02017468
30.39836884	0.29940590
30.42221069	0.44216400
30.44605255	0.22335840
30.46989441	0.18415910
30.49373627	0.40784560
30.51757813	0.38860140
30.54141998	0.14486970
30.56526184	0.06703431
30.58910370	0.06952570
30.61294556	0.07270611
30.63678741	0.06430992
30.66062927	0.02965993
30.68447113	0.02123043
30.70831299	0.06301692
30.73215485	0.05224326
30.75599670	0.02740635
30.77983856	0.04193329
30.80368042	0.06474658
30.82752228	0.04213281
30.85136414	0.04242298
30.87520599	0.05446701
30.89904785	0.05456588
30.92288971	0.04852129
30.94673157	0.04605057
30.97057343	0.05349441
30.99441528	0.04433791
31.01825714	0.05664386
31.04209900	0.03799798
31.06594086	0.03492811
31.08978271	0.05165395
31.11362457	0.05774724
31.13746643	0.01967552
31.16130829	0.03704681
31.18515015	0.10150510
31.20899200	0.32965910
31.23283386	0.45790810
31.25667572	0.25603550
31.28051758	0.11010250
31.30435944	0.23243810
31.32820129	0.21955240
31.35204315	0.05210044
31.37588501	0.08255940
31.39972687	0.15482570
31.42356873	0.09017847
31.44741058	0.02167876
31.47125244	0.09704190
31.49509430	0.11244330
31.51893616	0.03458482
31.54277802	0.04361296
31.56661987	0.09747159
31.59046173	0.07361882
31.61430359	0.01177336
31.63814545	0.06277496
31.66198730	0.08422601
31.68582916	0.05182207
31.70967102	0.04374215
31.73351288	0.06761961
31.75735474	0.07662220
31.78119659	0.07775081
31.80503845	0.06875461
31.82888031	0.06590390
31.85272217	0.12905230
31.87656403	0.14498240
31.90040588	0.07378048
31.92424774	0.16372320
31.94808960	0.36025720
31.97193146	0.28838830
31.99577332	0.52349020
32.01961517	2.34228000
32.04345703	3.39843400
32.06729889	1.73279900
32.09114075	0.15727530
32.11498260	0.29295780
32.13882446	0.28246390
32.16266632	0.08404266
32.18650818	0.09754273
32.21035004	0.16069530
32.23419189	0.11025180
32.25803375	0.05099043
32.28187561	0.08481673
32.30571747	0.09454194
32.32955933	0.07126524
32.35340118	0.06210723
32.37724304	0.05793880
32.40108490	0.07273419
32.42492676	0.08286618
32.44876862	0.05522916
32.47261047	0.03972130
32.49645233	0.09727923
32.52029419	0.09526677
32.54413605	0.02933950
32.56797791	0.07386749
32.59181976	0.14218130
32.61566162	0.09184746
32.63950348	0.02071127
32.66334534	0.16409810
32.68718719	0.19921730
32.71102905	0.06424689
32.73487091	0.19114030
32.75871277	0.47257230
32.78255463	0.37034630
32.80639648	0.14823490
32.83023834	0.31430560
32.85408020	0.44044760
32.87792206	0.24285860
32.90176392	0.07231209
32.92560577	0.07651305
32.94944763	0.07829183
32.97328949	0.07156348
32.99713135	0.04868160
33.02097321	0.00823718
33.04481506	0.05166372
33.06865692	0.06485467
33.09249878	0.03177568
33.11634064	0.02762349
33.14018250	0.06331917
33.16402435	0.05355489
33.18786621	0.03855120
33.21170807	0.04483479
33.23554993	0.06470574
33.25939178	0.04468516
33.28323364	0.04822307
33.30707550	0.05207535
33.33091736	0.05210429
33.35475922	0.05127652
33.37860107	0.04642252
33.40244293	0.04272515
33.42628479	0.04162321
33.45012665	0.05958017
33.47396851	0.03403593
33.49781036	0.01454399
33.52165222	0.06246980
33.54549408	0.21939590
33.56933594	0.44821870
33.59317780	0.36510230
33.61701965	0.13578370
33.64086151	0.15366010
33.66470337	0.23173250
33.68854523	0.10847970
33.71238708	0.03779212
33.73622894	0.13003680
33.76007080	0.12436680
33.78391266	0.03101018
33.80775452	0.06297509
33.83159637	0.11675850
33.85543823	0.06882589
33.87928009	0.01522503
33.90312195	0.07946938
33.92696381	0.09263667
33.95080566	0.03057399
33.97464752	0.03955662
33.99848938	0.08186235
34.02233124	0.06814366
34.04617310	0.03354139
34.07001495	0.05894024
34.09385681	0.07427403
34.11769867	0.07537296
34.14154053	0.07148911
34.16538239	0.06114371
34.18922424	0.09941828
34.21306610	0.14828810
34.23690796	0.10807560
34.26074982	0.08799595
34.28459167	0.29964070
34.30843353	0.36144690
34.33227539	0.23753660
34.35611725	1.09913200
34.37995911	2.50498900
34.40380096	2.00002600
34.42764282	0.46449380
34.45148468	0.21002240
34.47532654	0.31327690
34.49916840	0.16514080
34.52301025	0.05246335
34.54685211	0.14632690
34.57069397	0.14371040
34.59453583	0.05982929
34.61837769	0.06999528
34.64221954	0.09783506
34.66606140	0.08225318
34.68990326	0.06213870
34.71374512	0.06099695
34.73758698	0.06580073
34.76142883	0.08230828
34.78527069	0.07081544
34.80911255	0.03658681
34.83295441	0.07600123
34.85679626	0.10731590
34.88063812	0.06164000
34.90447998	0.03456137
34.92832184	0.12812320
34.95216370	0.12838560
34.97600555	0.03167035
34.99984741	0.10940980
35.02368927	0.21785310
35.04753113	0.13975650
35.07137299	0.07543135
35.09521484	0.41815400
35.11905670	0.51373680
35.14289856	0.22297160
35.16674042	0.21403130
35.19058228	0.42388840
35.21442413	0.34706160
35.23826599	0.11161910
35.26210785	0.07682490
35.28594971	0.08622658
35.30979156	0.07856955
35.33363342	0.06195716
35.35747528	0.02698542
35.38131714	0.03468359
35.40515900	0.06817242
35.42900085	0.04781130
35.45284271	0.01768100
35.47668457	0.05045871
35.50052643	0.06682457
35.52436829	0.03778363
35.54821014	0.03689152
35.57205200	0.06405781
35.59589386	0.05477935
35.61973572	0.04520315
35.64357758	0.04632069
35.66741943	0.06308217
35.69126129	0.04597247
35.71510315	0.05153799
35.73894501	0.04592373
35.76278687	0.04577278
35.78662872	0.05316295
35.81047058	0.04813021
35.83431244	0.01253586
35.85815430	0.03921361
35.88199615	0.12885980
35.90583801	0.37320190
35.92967987	0.44628160
35.95352173	0.21717620
35.97736359	0.09969646
36.00120544	0.19932050
36.02504730	0.15552700
36.04888916	0.03204971
36.07273102	0.08906881
36.09657288	0.13707330
36.12041473	0.06477853
36.14425659	0.03349156
36.16809845	0.09985504
36.19194031	0.09654046
36.21578217	0.02181202
36.23962402	0.05266014
36.26346588	0.09640175
36.28730774	0.05918709
36.31114960	0.01296082
36.33499146	0.06846359
36.35883331	0.08058126
36.38267517	0.03951831
36.40651703	0.04431535
36.43035889	0.07070343
36.45420074	0.07456789
36.47804260	0.06966113
36.50188446	0.06446473
36.52572632	0.07446495
36.54956818	0.13372230
36.57341003	0.13310500
36.59725189	0.06604730
36.62109375	0.20933800
36.64493561	0.38354940
36.66877747	0.26721920
36.69261932	0.45243510
36.71646118	1.62904000
36.74030304	1.99964100
36.76414490	0.83851500
36.78798676	0.09152845
36.81182861	0.29555600
36.83567047	0.24259940
36.85951233	0.05276520
36.88335419	0.11261500
36.90719604	0.16063250
36.93103790	0.09330110
36.95487976	0.05129674
36.97872162	0.09235925
37.00256348	0.09472130
37.02640533	0.06518396
37.05024719	0.06177213
37.07408905	0.06366277
37.09793091	0.07722860
37.12177277	0.07935151
37.14561462	0.05107008
37.16945648	0.05253645
37.19329834	0.10398240
37.21714020	0.08858187
37.24098206	0.02318224
37.26482391	0.09482013
37.28866577	0.14743090
37.31250763	0.07956076
37.33634949	0.04822388
37.36019135	0.19795390
37.38403320	0.20134900
37.40787506	0.03456581
37.43171692	0.29931870
37.45555878	0.59066080
37.47940063	0.39081710
37.50324249	0.16033290
37.52708435	0.34640590
37.55092621	0.41907630
37.57476807	0.19658780
37.59860992	0.07117148
37.62245178	0.09191968
37.64629364	0.08865084
37.67013550	0.07051816
37.69397736	0.04610952
37.71781921	0.02204822
37.74166107	0.06131737
37.76550293	0.06331225
37.78934479	0.02370350
37.81318665	0.03133010
37.83702850	0.07021665
37.86087036	0.05006903
37.88471222	0.03166841
37.90855408	0.05238079
37.93239594	0.06890007
37.95623779	0.04238632
37.98007965	0.04303384
38.00392151	0.06386965
38.02776337	0.05508817
38.05160522	0.04937118
38.07544708	0.04577076
38.09928894	0.05754289
38.12313080	0.04598223
38.14697266	0.05462737
38.17081451	0.02972894
38.19465637	0.02795797
38.21849823	0.07548115
38.24234009	0.26422340
38.26618195	0.46422870
38.29002380	0.32639050
38.31386566	0.11223900
38.33770752	0.13934620
38.36154938	0.17655250
38.38539124	0.06743395
38.40923309	0.05022414
38.43307495	0.12327030
38.45691681	0.09752423
38.48075867	0.02729474
38.50460052	0.07025526
38.52844238	0.10813650
38.55228424	0.05126950
38.57612610	0.02670327
38.59996796	0.08372746
38.62380981	0.08222912
38.64765167	0.01608224
38.67149353	0.04681238
38.69533539	0.08283220
38.71917725	0.05745776
38.74301910	0.02803525
38.76686096	0.06228299
38.79070282	0.07478302
38.81454468	0.06786509
38.83838654	0.06495999
38.86222839	0.06364992
38.88607025	0.10818210
38.90991211	0.14177870
38.93375397	0.09310800
38.95759583	0.12074800
38.98143768	0.34207670
39.00527954	0.35040160
39.02912140	0.22393430
39.05296326	0.90576200
39.07680511	1.72775400
39.10064697	1.16231400
39.12448883	0.18294400
39.14833069	0.23315280
39.17217255	0.28945360
39.19601440	0.12207050
39.21985626	0.06689423
39.24369812	0.15422320
39.26753998	0.13078930
39.29138184	0.04735376
39.31522369	0.07754083
39.33906555	0.10183120
39.36290741	0.07625581
39.38674927	0.05919681
39.41059113	0.06438673
39.43443298	0.07196054
39.45827484	0.08118478
39.48211670	0.06585656
39.50595856	0.04145667
39.52980042	0.08734905
39.55364227	0.10497280
39.57748413	0.05221437
39.60132599	0.05434028
39.62516785	0.14224240
39.64900970	0.12116180
39.67285156	0.01644026
39.69669342	0.14626990
39.72053528	0.23519190
39.74437714	0.12249900
39.76821899	0.15660090
39.79206085	0.56549780
39.81590271	0.58330710
39.83974457	0.21995140
39.86358643	0.24556160
39.88742828	0.42912200
39.91127014	0.30095160
39.93511200	0.08680748
39.95895386	0.08988673
39.98279572	0.09981088
40.00663757	0.07984316
40.03047943	0.05942234
40.05432129	0.02967091
40.07816315	0.04807280
40.10200500	0.07066602
40.12584686	0.04230311
40.14968872	0.01144294
40.17353058	0.06064536
40.19737244	0.06645065
40.22121429	0.03166869
40.24505615	0.03702858
40.26889801	0.07309172
40.29273987	0.05288470
40.31658173	0.04016756
40.34042358	0.05409371
40.36426544	0.07051027
40.38810730	0.04564624
40.41194916	0.04656655
40.43579102	0.06130858
40.45963287	0.05372040
40.48347473	0.05212107
40.50731659	0.04218901
40.53115845	0.03953184
40.55500031	0.04815798
40.57884216	0.16218320
40.60268402	0.41106020
40.62652588	0.42372930
40.65036774	0.18044710
40.67420959	0.08928636
40.69805145	0.16212100
40.72189331	0.10392150
40.74573517	0.03407800
40.76957703	0.09080270
40.79341888	0.11608990
40.81726074	0.04686548
40.84110260	0.04273651
40.86494446	0.09910100
40.88878632	0.07927666
40.91262817	0.01931238
40.93647003	0.06011420
40.96031189	0.09212465
40.98415375	0.04447068
41.00799561	0.02163105
41.03183746	0.07301903
41.05567932	0.07403700
41.07952118	0.02657689
41.10336304	0.04715429
41.12720490	0.07305323
41.15104675	0.06932980
41.17488861	0.06121146
41.19873047	0.06248493
41.22257233	0.08298189
41.24641418	0.13357070
41.27025604	0.11925510
41.29409790	0.06990737
41.31793976	0.25698750
41.34178162	0.39659280
41.36562347	0.24354180
41.38946533	0.42837830
41.41330719	1.27869200
41.43714905	1.32943000
41.46099091	0.44535430
41.48483276	0.13381130
41.50867462	0.29017090
41.53251648	0.20028170
41.55635834	0.03366436
41.58020020	0.12598220
41.60404205	0.15571380
41.62788391	0.07497989
41.65172577	0.05586654
41.67556763	0.09915732
41.69940948	0.09164681
41.72325134	0.05880783
41.74709320	0.06317271
41.77093506	0.06951210
41.79477692	0.07890671
41.81861877	0.07490316
41.84246063	0.04905361
41.86630249	0.06509668
41.89014435	0.10727990
41.91398621	0.08051558
41.93782806	0.02691925
41.96166992	0.11462650
41.98551178	0.14811050
42.00935364	0.06506963
42.03319550	0.08066476
42.05703735	0.22930990
42.08087921	0.19677560
42.10472107	0.03372572
42.12856293	0.44602470
42.15240479	0.72259630
42.17624664	0.40429370
42.20008850	0.17651500
42.22393036	0.37250830
42.24777222	0.38785910
42.27161407	0.15390630
42.29545593	0.07831939
42.31929779	0.10671980
42.34313965	0.09371846
42.36698151	0.06787284
42.39082336	0.04565640
42.41466522	0.03650052
42.43850708	0.06837714
42.46234894	0.06013247
42.48619080	0.01451895
42.51003265	0.04147215
42.53387451	0.07473396
42.55771637	0.04497427
42.58155823	0.02529736
42.60540009	0.06336730
42.62924194	0.07041325
42.65308380	0.03832287
42.67692566	0.04236015
42.70076752	0.07615160
42.72460938	0.05556039
42.74845123	0.04541849
42.77229309	0.05487251
42.79613495	0.07088813
42.81997681	0.04773600
42.84381866	0.04872496
42.86766052	0.05107316
42.89150238	0.04645417
42.91534424	0.09431742
42.93918610	0.30958220
42.96302795	0.46835890
42.98686981	0.28439590
43.01071167	0.09223218
43.03455353	0.11985350
43.05839539	0.12611020
43.08223724	0.04650446
43.10607910	0.05718485
43.12992096	0.11193270
43.15376282	0.07338260
43.17760468	0.03236290
43.20144653	0.07481603
43.22528839	0.09617751
43.24913025	0.03816776
43.27297211	0.03606227
43.29681396	0.08542670
43.32065582	0.06968597
43.34449768	0.00733638
43.36833954	0.05362919
43.39218140	0.08129124
43.41602325	0.04482293
43.43986511	0.02722259
43.46370697	0.06585490
43.48754883	0.07271197
43.51139069	0.05826516
43.53523254	0.06025851
43.55907440	0.06808271
43.58291626	0.11319720
43.60675812	0.13156130
43.63059998	0.07992151
43.65444183	0.16065240
43.67828369	0.37807600
43.70212555	0.33155430
43.72596741	0.21678650
43.74980927	0.79851130
43.77365112	1.28342800
43.79749298	0.72102670
43.82133484	0.06444136
43.84517670	0.24529460
43.86901855	0.25867040
43.89286041	0.08331068
43.91670227	0.08277123
43.94054413	0.15815430
43.96438599	0.11431110
43.98822784	0.03954149
44.01206970	0.08565198
44.03591156	0.10308390
44.05975342	0.06814448
44.08359528	0.05802082
44.10743713	0.06885996
44.13127899	0.07596406
44.15512085	0.07807352
44.17896271	0.06166900
44.20280457	0.04943175
44.22664642	0.09586933
44.25048828	0.10013210
44.27433014	0.04377401
44.29817200	0.07493670
44.32201385	0.15222770
44.34585571	0.11074320
44.36969757	0.02319350
44.39353943	0.18483380
44.41738129	0.24588210
44.44122314	0.09671295
44.46506500	0.27556170
44.48890686	0.74807940
44.51274872	0.65116360
44.53659058	0.21647650
44.56043243	0.27704260
44.58427429	0.42294590
44.60811615	0.25289630
44.63195801	0.07310084
44.65579987	0.10433980
44.67964172	0.10915510
44.70348358	0.07761602
44.72732544	0.05776200
44.75116730	0.03736823
44.77500916	0.05930992
44.79885101	0.07073682
44.82269287	0.03627824
44.84653473	0.01822935
44.87037659	0.06991298
44.89421844	0.06387120
44.91806030	0.02371346
44.94190216	0.04439671
44.96574402	0.08006117
44.98958588	0.04907744
45.01342773	0.03482979
45.03726959	0.06707706
45.06111145	0.07505590
45.08495331	0.04322787
45.10879517	0.04618226
45.13263702	0.07932480
45.15647888	0.05844746
45.18032074	0.04836297
45.20416260	0.05316986
45.22800446	0.06843994
45.25184631	0.06056649
45.27568817	0.20025150
45.29953003	0.44078370
45.32337189	0.39190320
45.34721375	0.14721730
45.37105560	0.07746394
45.39489746	0.12308990
45.41873932	0.06727235
45.44258118	0.04154193
45.46642303	0.08813269
45.49026489	0.09367199
45.51410675	0.03934703
45.53794861	0.04938505
45.56179047	0.09468979
45.58563232	0.06260945
45.60947418	0.02524593
45.63331604	0.06574970
45.65715790	0.08474864
45.68099976	0.03156874
45.70484161	0.03056650
45.72868347	0.07588932
45.75252533	0.06479527
45.77636719	0.01428593
45.80020905	0.05132939
45.82405090	0.07388477
45.84789276	0.06094614
45.87173462	0.05364011
45.89557648	0.06280321
45.91941833	0.08991124
45.94326019	0.12862490
45.96710205	0.10456880
45.99094391	0.08774252
46.01478577	0.30431680
46.03862762	0.39886370
46.06246948	0.21935580
46.08631134	0.41874020
46.11015320	1.04909800
46.13399506	0.92237100
46.15783691	0.23284790
46.18167877	0.16510290
46.20552063	0.27684580
46.22936249	0.15793550
46.25320435	0.03509593
46.27704620	0.13682980
46.30088806	0.14602930
46.32472992	0.05658998
46.34857178	0.06318941
46.37241364	0.10437980
46.39625549	0.08539356
46.42009735	0.05330797
46.44393921	0.06614850
46.46778107	0.07452859
46.49162292	0.07787496
46.51546478	0.07026453
46.53930664	0.04980905
46.56314850	0.07633235
46.58699036	0.10728520
46.61083221	0.07177406
46.63467407	0.03969381
46.65851593	0.13205810
46.68235779	0.14442030
46.70619965	0.04920986
46.73004150	0.11755920
46.75388336	0.25616510
46.77772522	0.18509350
46.80156708	0.10716640
46.82540894	0.64534180
46.84925079	0.87207950
46.87309265	0.41253800
46.89693451	0.19651320
46.92077637	0.39052660
46.94461823	0.34880110
46.96846008	0.11683810
46.99230194	0.09034138
47.01614380	0.11937260
47.03998566	0.09387003
47.06382751	0.06490806
47.08766937	0.04817154
47.11151123	0.04978194
47.13535309	0.07249873
47.15919495	0.05591509
47.18303680	0.00769717
47.20687866	0.05350091
47.23072052	0.07658298
47.25456238	0.03843364
47.27840424	0.02412785
47.30224609	0.07479759
47.32608795	0.06928448
47.34992981	0.03245238
47.37377167	0.04924479
47.39761353	0.08682986
47.42145538	0.05363653
47.44529724	0.04077059
47.46913910	0.07218484
47.49298096	0.08134697
47.51682281	0.04639447
47.54066467	0.04933197
47.56450653	0.08488923
47.58834839	0.06327175
47.61219025	0.11834900
47.63603210	0.35301060
47.65987396	0.46034560
47.68371582	0.24160540
47.70755768	0.07520951
47.73139954	0.09580579
47.75524139	0.08347066
47.77908325	0.04385379
47.80292511	0.05971490
47.82676697	0.09685186
47.85060883	0.05514388
47.87445068	0.03863194
47.89829254	0.07647634
47.92213440	0.08193713
47.94597626	0.03270715
47.96981812	0.04347478
47.99365997	0.08424456
48.01750183	0.05635531
48.04134369	0.01423396
48.06518555	0.05946020
48.08902740	0.07696966
48.11286926	0.03118598
48.13671112	0.03068015
48.16055298	0.06891258
48.18439484	0.06760430
48.20823669	0.04760979
48.23207855	0.05786392
48.25592041	0.07321614
48.27976227	0.11364980
48.30360413	0.11867630
48.32744598	0.07173546
48.35128784	0.20538490
48.37512970	0.40559010
48.39897156	0.30642910
48.42281342	0.21477530
48.44665527	0.72023620
48.47049713	0.97847240
48.49433899	0.45174650
48.51818085	0.06269768
48.54202271	0.24934480
48.56586456	0.22304670
48.58970642	0.04974594
48.61354828	0.09772436
48.63739014	0.15757120
48.66123199	0.09530856
48.68507385	0.03858869
48.70891571	0.09344693
48.73275757	0.10115510
48.75659943	0.05881569
48.78044128	0.05889579
48.80428314	0.07369520
