Частота	Канал A
(kГц)	(В)

0.00000000	0.14969450
0.02384186	0.06270576
0.04768372	0.00971897
0.07152557	0.00123380
0.09536743	0.00043412
0.11920929	0.00025881
0.14305115	0.00041767
0.16689301	0.00050445
0.19073486	0.00044614
0.21457672	0.00020289
0.23841858	0.00036334
0.26226044	0.00098954
0.28610229	0.00176272
0.30994415	0.00211087
0.33378601	0.00182661
0.35762787	0.00159639
0.38146973	0.00139944
0.40531158	0.00089295
0.42915344	0.00038743
0.45299530	0.00005742
0.47683716	0.00062890
0.50067902	0.00104233
0.52452087	0.00089029
0.54836273	0.00037918
0.57220459	0.00024290
0.59604645	0.00090787
0.61988831	0.00181781
0.64373016	0.00257237
0.66757202	0.00260191
0.69141388	0.00201545
0.71525574	0.00148745
0.73909760	0.00103441
0.76293945	0.00052844
0.78678131	0.00015633
0.81062317	0.00059073
0.83446503	0.00071616
0.85830688	0.00049941
0.88214874	0.00030579
0.90599060	0.00052686
0.92983246	0.00115447
0.95367432	0.00668455
0.97751617	0.04314610
1.00135803	0.06927922
1.02519989	0.03840718
1.04904175	0.00500860
1.07288361	0.00092758
1.09672546	0.00062543
1.12056732	0.00031766
1.14440918	0.00055774
1.16825104	0.00074803
1.19209290	0.00067893
1.21593475	0.00044009
1.23977661	0.00047812
1.26361847	0.00108241
1.28746033	0.00181933
1.31130219	0.00207495
1.33514404	0.00150836
1.35898590	0.00120650
1.38282776	0.00142744
1.40666962	0.00130332
1.43051147	0.00081583
1.45435333	0.00032097
1.47819519	0.00046297
1.50203705	0.00071286
1.52587891	0.00066075
1.54972076	0.00033344
1.57356262	0.00040184
1.59740448	0.00104602
1.62124634	0.00199100
1.64508820	0.00295632
1.66893005	0.00266989
1.69277191	0.00178659
1.71661377	0.00148440
1.74045563	0.00116721
1.76429749	0.00061254
1.78813934	0.00017071
1.81198120	0.00025714
1.83582306	0.00047924
1.85966492	0.00049645
1.88350677	0.00044601
1.90734863	0.00034494
1.93119049	0.00086541
1.95503235	0.00793268
1.97887421	0.04484321
2.00271606	0.06767122
2.02655792	0.03505326
2.05039978	0.00387614
2.07424164	0.00133679
2.09808350	0.00071101
2.12192535	0.00015610
2.14576721	0.00031881
2.16960907	0.00061771
2.19345093	0.00068009
2.21729279	0.00037231
2.24113464	0.00031963
2.26497650	0.00086403
2.28881836	0.00179801
2.31266022	0.00209023
2.33650208	0.00108848
2.36034393	0.00070135
2.38418579	0.00108082
2.40802765	0.00085171
2.43186951	0.00058410
2.45571136	0.00018238
2.47955322	0.00043316
2.50339508	0.00084610
2.52723694	0.00079747
2.55107880	0.00033163
2.57492065	0.00029334
2.59876251	0.00101709
2.62260437	0.00237182
2.64644623	0.00374814
2.67028809	0.00297729
2.69412994	0.00128273
2.71797180	0.00122182
2.74181366	0.00115256
2.76565552	0.00064124
2.78949738	0.00013112
2.81333923	0.00029539
2.83718109	0.00068540
2.86102295	0.00067692
2.88486481	0.00038086
2.90870667	0.00039911
2.93254852	0.00098508
2.95639038	0.00895159
2.98023224	0.04641290
3.00407410	0.06614962
3.02791595	0.03243385
3.05175781	0.00342982
3.07559967	0.00093482
3.09944153	0.00043793
3.12328339	0.00020404
3.14712524	0.00027215
3.17096710	0.00072123
3.19480896	0.00081125
3.21865082	0.00055988
3.24249268	0.00037042
3.26633453	0.00108926
3.29017639	0.00217383
3.31401825	0.00209838
3.33786011	0.00051351
3.36170197	0.00040944
3.38554382	0.00092758
3.40938568	0.00095896
3.43322754	0.00070768
3.45706940	0.00035225
3.48091125	0.00035704
3.50475311	0.00056725
3.52859497	0.00048765
3.55243683	0.00032712
3.57627869	0.00014337
3.60012054	0.00099965
3.62396240	0.00249471
3.64780426	0.00400724
3.67164612	0.00301515
3.69548798	0.00112712
3.71932983	0.00106247
3.74317169	0.00095789
3.76701355	0.00053111
3.79085541	0.00018113
3.81469727	0.00016164
3.83853912	0.00050253
3.86238098	0.00067391
3.88622284	0.00056619
3.91006470	0.00011823
3.93390656	0.00058066
3.95774841	0.01002865
3.98159027	0.04729415
4.00543213	0.06346509
4.02927399	0.02919196
4.05311584	0.00276178
4.07695770	0.00108238
4.10079956	0.00093125
4.12464142	0.00048172
4.14848328	0.00033432
4.17232513	0.00052200
4.19616699	0.00067079
4.22000885	0.00051381
4.24385071	0.00047231
4.26769257	0.00128617
4.29153442	0.00227551
4.31537628	0.00181276
4.33921814	0.00064419
4.36306000	0.00055264
4.38690186	0.00081990
4.41074371	0.00103588
4.43458557	0.00071739
4.45842743	0.00010463
4.48226929	0.00036170
4.50611115	0.00065472
4.52995300	0.00083902
4.55379486	0.00069037
4.57763672	0.00024291
4.60147858	0.00080312
4.62532043	0.00264800
4.64916229	0.00438997
4.67300415	0.00311464
4.69684601	0.00080222
4.72068787	0.00088606
4.74452972	0.00122719
4.76837158	0.00092054
4.79221344	0.00034712
4.81605530	0.00010327
4.83989716	0.00048154
4.86373901	0.00056988
4.88758087	0.00055927
4.91142273	0.00032158
4.93526459	0.00078997
4.95910645	0.01088584
4.98294830	0.04754497
5.00679016	0.06016174
5.03063202	0.02589659
5.05447388	0.00206572
5.07831573	0.00098865
5.10215759	0.00066908
5.12599945	0.00027565
5.14984131	0.00042148
5.17368317	0.00082583
5.19752502	0.00090731
5.22136688	0.00069435
5.24520874	0.00053661
5.26905060	0.00115117
5.29289246	0.00216016
5.31673431	0.00163226
5.34057617	0.00149383
5.36441803	0.00112485
5.38825989	0.00068559
5.41210175	0.00104721
5.43594360	0.00100220
5.45978546	0.00059538
5.48362732	0.00035663
5.50746918	0.00069538
5.53131104	0.00073335
5.55515289	0.00061625
5.57899475	0.00032606
5.60283661	0.00106560
5.62667847	0.00308928
5.65052032	0.00483712
5.67436218	0.00312671
5.69820404	0.00063684
5.72204590	0.00090029
5.74588776	0.00096844
5.76972961	0.00072115
5.79357147	0.00037590
5.81741333	0.00001905
5.84125519	0.00047100
5.86509705	0.00065913
5.88893890	0.00060171
5.91278076	0.00013001
5.93662262	0.00041227
5.96046448	0.01208682
5.98430634	0.04745257
6.00814819	0.05674097
6.03199005	0.02324803
6.05583191	0.00195048
6.07967377	0.00082377
6.10351563	0.00087082
6.12735748	0.00056267
6.15119934	0.00039747
6.17504120	0.00067066
6.19888306	0.00087216
6.22272491	0.00073700
6.24656677	0.00042591
6.27040863	0.00115144
6.29425049	0.00244527
6.31809235	0.00189028
6.34193420	0.00192094
6.36577606	0.00145644
6.38961792	0.00069095
6.41345978	0.00105020
6.43730164	0.00085877
6.46114349	0.00053185
6.48498535	0.00037583
6.50882721	0.00058496
6.53266907	0.00077078
6.55651093	0.00055938
6.58035278	0.00017579
6.60419464	0.00071532
6.62803650	0.00295072
6.65187836	0.00481612
6.67572021	0.00262819
6.69956207	0.00009926
6.72340393	0.00060122
6.74724579	0.00087862
6.77108765	0.00070795
6.79492950	0.00027953
6.81877136	0.00007636
6.84261322	0.00034181
6.86645508	0.00056828
6.89029694	0.00074365
6.91413879	0.00046790
6.93798065	0.00041125
6.96182251	0.01251313
6.98566437	0.04633540
7.00950623	0.05242607
7.03334808	0.02010800
7.05718994	0.00147717
7.08103180	0.00087479
7.10487366	0.00065521
7.12871552	0.00024385
7.15255737	0.00024704
7.17639923	0.00040806
7.20024109	0.00054972
7.22408295	0.00050474
7.24792480	0.00029226
7.27176666	0.00084506
7.29560852	0.00190094
7.31945038	0.00144751
7.34329224	0.00267940
7.36713409	0.00192675
7.39097595	0.00036992
7.41481781	0.00061040
7.43865967	0.00071406
7.46250153	0.00040978
7.48634338	0.00023012
7.51018524	0.00045003
7.53402710	0.00071649
7.55786896	0.00077108
7.58171082	0.00053895
7.60555267	0.00093888
7.62939453	0.00326869
7.65323639	0.00483059
7.67707825	0.00246321
7.70092010	0.00039041
7.72476196	0.00036533
7.74860382	0.00082846
7.77244568	0.00070433
7.79628754	0.00037329
7.82012939	0.00015285
7.84397125	0.00051892
7.86781311	0.00067081
7.89165497	0.00057977
7.91549683	0.00017721
7.93933868	0.00037043
7.96318054	0.01342266
7.98702240	0.04492128
8.01086426	0.04788179
8.03470612	0.01730785
8.05854797	0.00121974
8.08238983	0.00089106
8.10623169	0.00080034
8.13007355	0.00047005
8.15391541	0.00005483
8.17775726	0.00035916
8.20159912	0.00072041
8.22544098	0.00075901
8.24928284	0.00038821
8.27312469	0.00072486
8.29696655	0.00184382
8.32080841	0.00143193
8.34465027	0.00277048
8.36849213	0.00194354
8.39233398	0.00037881
8.41617584	0.00065520
8.44001770	0.00065626
8.46385956	0.00038508
8.48770142	0.00008017
8.51154327	0.00053075
8.53538513	0.00086705
8.55922699	0.00090141
8.58306885	0.00062760
8.60691071	0.00072472
8.63075256	0.00330589
8.65459442	0.00478879
8.67843628	0.00203944
8.70227814	0.00075751
8.72612000	0.00044279
8.74996185	0.00065715
8.77380371	0.00065945
8.79764557	0.00037119
8.82148743	0.00010159
8.84532928	0.00038576
8.86917114	0.00071905
8.89301300	0.00091837
8.91685486	0.00052945
8.94069672	0.00029266
8.96453857	0.01379357
8.98838043	0.04283915
9.01222229	0.04321414
9.03606415	0.01480285
9.05990601	0.00106861
9.08374786	0.00064355
9.10758972	0.00065513
9.13143158	0.00053970
9.15527344	0.00020073
9.17911530	0.00031821
9.20295715	0.00066758
9.22679901	0.00087342
9.25064087	0.00062521
9.27448273	0.00057669
9.29832458	0.00169581
9.32216644	0.00154744
9.34600830	0.00327394
9.36985016	0.00219631
9.39369202	0.00047482
9.41753387	0.00083170
9.44137573	0.00103961
9.46521759	0.00062997
9.48905945	0.00020139
9.51290131	0.00045860
9.53674316	0.00080131
9.56058502	0.00084189
9.58442688	0.00060649
9.60826874	0.00064951
9.63211060	0.00334358
9.65595245	0.00466671
9.67979431	0.00191977
9.70363617	0.00080744
9.72747803	0.00038519
9.75131989	0.00066335
9.77516174	0.00062288
9.79900360	0.00048211
9.82284546	0.00033301
9.84668732	0.00043929
9.87052917	0.00070822
9.89437103	0.00092463
9.91821289	0.00069805
9.94205475	0.00057315
9.96589661	0.01402109
9.98973846	0.04006510
10.01358032	0.03825337
10.03742218	0.01236731
10.06126404	0.00087887
10.08510590	0.00068024
10.10894775	0.00070626
10.13278961	0.00054205
10.15663147	0.00026749
10.18047333	0.00033136
10.20431519	0.00080532
10.22815704	0.00103615
10.25199890	0.00089059
10.27584076	0.00051430
10.29968262	0.00120387
10.32352448	0.00184289
10.34736633	0.00373914
10.37120819	0.00228975
10.39505005	0.00025502
10.41889191	0.00047746
10.44273376	0.00064739
10.46657562	0.00055907
10.49041748	0.00034881
10.51425934	0.00015246
10.53810120	0.00036574
10.56194305	0.00075763
10.58578491	0.00078251
10.60962677	0.00056960
10.63346863	0.00311234
10.65731049	0.00434594
10.68115234	0.00178264
10.70499420	0.00126494
10.72883606	0.00055741
10.75267792	0.00076706
10.77651978	0.00086681
10.80036163	0.00068973
10.82420349	0.00039628
10.84804535	0.00036837
10.87188721	0.00077856
10.89572906	0.00099615
10.91957092	0.00082078
10.94341278	0.00065223
10.96725464	0.01386421
10.99109650	0.03702758
11.01493835	0.03341348
11.03878021	0.01014710
11.06262207	0.00068439
11.08646393	0.00057554
11.11030579	0.00067227
11.13414764	0.00062695
11.15798950	0.00034260
11.18183136	0.00033358
11.20567322	0.00064157
11.22951508	0.00089632
11.25335693	0.00079680
11.27719879	0.00054685
11.30104065	0.00106210
11.32488251	0.00198420
11.34872437	0.00377520
11.37256622	0.00240956
11.39640808	0.00072916
11.42024994	0.00078780
11.44409180	0.00081816
11.46793365	0.00067959
11.49177551	0.00036733
11.51561737	0.00022292
11.53945923	0.00050529
11.56330109	0.00076778
11.58714294	0.00077963
11.61098480	0.00047507
11.63482666	0.00279633
11.65866852	0.00358487
11.68251038	0.00143097
11.70635223	0.00140751
11.73019409	0.00034606
11.75403595	0.00030370
11.77787781	0.00050952
11.80171967	0.00058357
11.82556152	0.00036531
11.84940338	0.00025615
11.87324524	0.00057889
11.89708710	0.00087615
11.92092896	0.00088870
11.94477081	0.00112419
11.96861267	0.01354958
11.99245453	0.03336253
12.01629639	0.02851919
12.04013824	0.00812829
12.06398010	0.00040820
12.08782196	0.00041864
12.11166382	0.00060839
12.13550568	0.00036697
12.15934753	0.00024250
12.18318939	0.00005605
12.20703125	0.00055259
12.23087311	0.00085945
12.25471497	0.00074770
12.27855682	0.00024021
12.30239868	0.00060229
12.32624054	0.00231547
12.35008240	0.00411346
12.37392426	0.00255511
12.39776611	0.00062109
12.42160797	0.00049750
12.44544983	0.00081835
12.46929169	0.00085439
12.49313354	0.00051503
12.51697540	0.00009278
12.54081726	0.00048327
12.56465912	0.00081286
12.58850098	0.00087903
12.61234283	0.00073310
12.63618469	0.00263466
12.66002655	0.00299924
12.68386841	0.00135753
12.70771027	0.00161194
12.73155212	0.00043871
12.75539398	0.00038888
12.77923584	0.00063103
12.80307770	0.00076363
12.82691956	0.00057415
12.85076141	0.00017986
12.87460327	0.00043026
12.89844513	0.00082962
12.92228699	0.00092689
12.94612885	0.00123624
12.96997070	0.01279374
12.99381256	0.02949916
13.01765442	0.02399711
13.04149628	0.00679118
13.06533813	0.00084098
13.08917999	0.00035193
13.11302185	0.00062372
13.13686371	0.00073595
13.16070557	0.00044208
13.18454742	0.00025583
13.20838928	0.00076794
13.23223114	0.00105891
13.25607300	0.00095911
13.27991486	0.00051091
13.30375671	0.00032142
13.32759857	0.00261016
13.35144043	0.00404128
13.37528229	0.00227407
13.39912415	0.00056699
13.42296600	0.00028482
13.44680786	0.00057179
13.47064972	0.00069364
13.49449158	0.00049999
13.51833344	0.00035236
13.54217529	0.00054388
13.56601715	0.00079810
13.58985901	0.00077731
13.61370087	0.00053216
13.63754272	0.00203573
13.66138458	0.00229924
13.68522644	0.00133859
13.70906830	0.00165914
13.73291016	0.00064280
13.75675201	0.00027191
13.78059387	0.00062699
13.80443573	0.00069609
13.82827759	0.00040215
13.85211945	0.00014511
13.87596130	0.00047035
13.89980316	0.00074169
13.92364502	0.00085536
13.94748688	0.00168575
13.97132874	0.01206743
13.99517059	0.02540275
14.01901245	0.01949477
14.04285431	0.00522546
14.06669617	0.00053840
14.09053802	0.00034437
14.11437988	0.00063529
14.13822174	0.00056343
14.16206360	0.00023443
14.18590546	0.00015654
14.20974731	0.00048763
14.23358917	0.00069897
14.25743103	0.00091171
14.28127289	0.00066704
14.30511475	0.00049466
14.32895660	0.00271122
14.35279846	0.00380765
14.37664032	0.00210174
14.40048218	0.00062991
14.42432404	0.00013590
14.44816589	0.00069209
14.47200775	0.00075202
14.49584961	0.00045458
14.51969147	0.00021103
14.54353333	0.00021377
14.56737518	0.00078207
14.59121704	0.00105600
14.61505890	0.00081249
14.63890076	0.00174259
14.66274261	0.00181186
14.68658447	0.00159470
14.71042633	0.00179650
14.73426819	0.00066877
14.75811005	0.00045154
14.78195190	0.00066565
14.80579376	0.00067370
14.82963562	0.00043375
14.85347748	0.00007798
14.87731934	0.00041863
14.90116119	0.00078142
14.92500305	0.00110680
14.94884491	0.00183147
14.97268677	0.01065354
14.99652863	0.02107702
15.02037048	0.01557627
15.04421234	0.00439739
15.06805420	0.00108615
15.09189606	0.00042498
15.11573792	0.00049776
15.13957977	0.00055721
15.16342163	0.00042347
15.18726349	0.00023336
15.21110535	0.00033140
15.23494720	0.00080063
15.25878906	0.00106150
15.28263092	0.00084624
15.30647278	0.00086245
15.33031464	0.00289876
15.35415649	0.00365564
15.37799835	0.00210334
15.40184021	0.00074138
15.42568207	0.00009050
15.44952393	0.00043921
15.47336578	0.00062349
15.49720764	0.00043391
15.52104950	0.00021736
15.54489136	0.00030554
15.56873322	0.00070183
15.59257507	0.00089216
15.61641693	0.00052779
15.64025879	0.00094149
15.66410065	0.00107302
15.68794250	0.00178505
15.71178436	0.00167529
15.73562622	0.00065716
15.75946808	0.00013795
15.78330994	0.00044572
15.80715179	0.00057366
15.83099365	0.00053363
15.85483551	0.00036708
15.87867737	0.00038878
15.90251923	0.00078512
15.92636108	0.00113379
15.95020294	0.00173314
15.97404480	0.00900024
15.99788666	0.01667922
16.02172852	0.01185082
16.04557037	0.00343791
16.06941223	0.00082474
16.09325409	0.00015998
16.11709595	0.00054303
16.14093781	0.00067597
16.16477966	0.00058787
16.18862152	0.00029685
16.21246338	0.00017277
16.23630524	0.00074737
16.26014709	0.00106678
16.28398895	0.00092137
16.30783081	0.00117879
16.33167267	0.00284400
16.35551453	0.00339824
16.37935638	0.00205075
16.40319824	0.00078152
16.42704010	0.00019166
16.45088196	0.00053751
16.47472382	0.00051884
16.49856567	0.00045890
16.52240753	0.00021379
16.54624939	0.00025616
16.57009125	0.00050660
16.59393311	0.00088555
16.61777496	0.00097256
16.64161682	0.00034009
16.66545868	0.00053054
16.68930054	0.00177859
16.71314240	0.00182036
16.73698425	0.00094962
16.76082611	0.00035409
16.78466797	0.00038888
16.80850983	0.00048169
16.83235168	0.00047000
16.85619354	0.00035422
16.88003540	0.00031588
16.90387726	0.00077990
16.92771912	0.00116997
16.95156097	0.00174156
16.97540283	0.00710189
16.99924469	0.01222894
17.02308655	0.00852361
17.04692841	0.00267510
17.07077026	0.00085739
17.09461212	0.00027351
17.11845398	0.00049303
17.14229584	0.00059973
17.16613770	0.00055967
17.18997955	0.00035558
17.21382141	0.00024211
17.23766327	0.00061212
17.26150513	0.00101213
17.28534698	0.00109768
17.30918884	0.00132261
17.33303070	0.00256566
17.35687256	0.00294047
17.38071442	0.00191917
17.40455627	0.00101887
17.42839813	0.00038558
17.45223999	0.00038422
17.47608185	0.00052334
17.49992371	0.00052332
17.52376556	0.00039036
17.54760742	0.00033330
17.57144928	0.00067145
17.59529114	0.00111631
17.61913300	0.00115170
17.64297485	0.00055817
17.66681671	0.00103643
17.69065857	0.00195519
17.71450043	0.00164801
17.73834229	0.00087239
17.76218414	0.00036620
17.78602600	0.00031422
17.80986786	0.00035155
17.83370972	0.00037927
17.85755157	0.00035590
17.88139343	0.00036724
17.90523529	0.00067338
17.92907715	0.00112834
17.95291901	0.00204320
17.97676086	0.00542346
18.00060272	0.00818498
18.02444458	0.00567831
18.04828644	0.00229621
18.07212830	0.00104480
18.09597015	0.00035785
18.11981201	0.00035617
18.14365387	0.00050411
18.16749573	0.00046774
18.19133759	0.00025491
18.21517944	0.00021945
18.23902130	0.00069912
18.26286316	0.00105150
18.28670502	0.00126749
18.31054688	0.00170794
18.33438873	0.00258572
18.35823059	0.00264338
18.38207245	0.00172657
18.40591431	0.00085702
18.42975616	0.00014945
18.45359802	0.00026924
18.47743988	0.00036744
18.50128174	0.00047702
18.52512360	0.00036431
18.54896545	0.00010212
18.57280731	0.00075097
18.59664917	0.00128955
18.62049103	0.00161841
18.64433289	0.00151003
18.66817474	0.00177565
18.69201660	0.00218499
18.71585846	0.00158847
18.73970032	0.00064725
18.76354218	0.00006210
18.78738403	0.00045201
18.81122589	0.00056975
18.83506775	0.00061262
18.85890961	0.00044427
18.88275146	0.00004022
18.90659332	0.00051563
18.93043518	0.00115010
18.95427704	0.00190545
18.97811890	0.00322121
19.00196075	0.00392675
19.02580261	0.00271867
19.04964447	0.00144243
19.07348633	0.00083026
19.09732819	0.00032651
19.12117004	0.00014680
19.14501190	0.00041941
19.16885376	0.00054950
19.19269562	0.00043300
19.21653748	0.00023205
19.24037933	0.00072214
19.26422119	0.00128065
19.28806305	0.00169148
19.31190491	0.00191013
19.33574677	0.00210511
19.35958862	0.00208110
19.38343048	0.00150042
19.40727234	0.00085555
19.43111420	0.00043756
19.45495605	0.00024827
19.47879791	0.00066790
19.50263977	0.00069409
19.52648163	0.00037350
19.55032349	0.00034377
19.57416534	0.00086313
19.59800720	0.00138956
19.62184906	0.00184086
19.64569092	0.00214494
19.66953278	0.00212925
19.69337463	0.00176539
19.71721649	0.00133485
19.74105835	0.00098164
19.76490021	0.00048710
19.78874207	0.00028249
19.81258392	0.00046694
19.83642578	0.00038207
19.86026764	0.00025771
19.88410950	0.00016484
19.90795135	0.00070243
19.93179321	0.00128768
19.95563507	0.00156913
19.97947693	0.00109901
20.00331879	0.00063732
20.02716064	0.00138488
20.05100250	0.00170293
20.07484436	0.00122153
20.09868622	0.00048365
20.12252808	0.00026880
20.14636993	0.00062448
20.17021179	0.00071847
20.19405365	0.00051630
20.21789551	0.00024586
20.24173737	0.00041540
20.26557922	0.00121936
20.28942108	0.00201343
20.31326294	0.00217525
20.33710480	0.00172306
20.36094666	0.00147093
20.38478851	0.00145040
20.40863037	0.00121171
20.43247223	0.00068724
20.45631409	0.00027671
20.48015594	0.00059568
20.50399780	0.00068150
20.52783966	0.00047461
20.55168152	0.00026677
20.57552338	0.00066758
20.59936523	0.00127338
20.62320709	0.00207551
20.64704895	0.00276858
20.67089081	0.00253656
20.69473267	0.00193963
20.71857452	0.00148804
20.74241638	0.00106465
20.76625824	0.00061449
20.79010010	0.00010742
20.81394196	0.00032355
20.83778381	0.00046822
20.86162567	0.00034824
20.88546753	0.00020027
20.90930939	0.00051879
20.93315125	0.00102215
20.95699310	0.00122649
20.98083496	0.00172452
21.00467682	0.00299834
21.02851868	0.00131163
21.05236053	0.00098067
21.07620239	0.00076876
21.10004425	0.00037820
21.12388611	0.00026223
21.14772797	0.00044776
21.17156982	0.00048204
21.19541168	0.00039877
21.21925354	0.00014812
21.24309540	0.00046550
21.26693726	0.00110382
21.29077911	0.00193947
21.31462097	0.00210623
21.33846283	0.00121074
21.36230469	0.00102783
21.38614655	0.00125545
21.40998840	0.00096584
21.43383026	0.00054431
21.45767212	0.00033185
21.48151398	0.00052649
21.50535583	0.00056746
21.52919769	0.00042104
21.55303955	0.00014154
21.57688141	0.00046426
21.60072327	0.00123177
21.62456512	0.00241330
21.64840698	0.00372832
21.67224884	0.00324110
21.69609070	0.00181039
21.71993256	0.00126198
21.74377441	0.00096293
21.76761627	0.00062864
21.79145813	0.00030777
21.81529999	0.00055637
21.83914185	0.00075657
21.86298370	0.00056176
21.88682556	0.00006996
21.91066742	0.00042356
21.93450928	0.00114995
21.95835114	0.00120374
21.98219299	0.00383341
22.00603485	0.00570550
22.02987671	0.00224184
22.05371857	0.00103825
22.07756042	0.00094712
22.10140228	0.00062174
22.12524414	0.00021819
22.14908600	0.00038094
22.17292786	0.00053672
22.19676971	0.00055430
22.22061157	0.00039594
22.24445343	0.00042467
22.26829529	0.00122060
22.29213715	0.00229972
22.31597900	0.00226011
22.33982086	0.00089701
22.36366272	0.00070709
22.38750458	0.00109554
22.41134644	0.00087326
22.43518829	0.00048959
22.45903015	0.00016717
22.48287201	0.00045290
22.50671387	0.00065944
22.53055573	0.00082428
22.55439758	0.00046819
22.57823944	0.00033394
22.60208130	0.00114857
22.62592316	0.00289945
22.64976501	0.00468158
22.67360687	0.00351915
22.69744873	0.00126995
22.72129059	0.00092858
22.74513245	0.00090139
22.76897430	0.00062528
22.79281616	0.00050706
22.81665802	0.00058133
22.84049988	0.00067233
22.86434174	0.00058675
22.88818359	0.00035252
22.91202545	0.00054386
22.93586731	0.00119698
22.95970917	0.00139681
22.98355103	0.00602688
23.00739288	0.00808972
23.03123474	0.00319676
23.05507660	0.00095891
23.07891846	0.00095488
23.10276031	0.00054912
23.12660217	0.00016539
23.15044403	0.00043976
23.17428589	0.00062403
23.19812775	0.00049594
23.22196960	0.00025724
23.24581146	0.00010664
23.26965332	0.00097384
23.29349518	0.00230430
23.31733704	0.00220796
23.34117889	0.00058514
23.36502075	0.00038828
23.38886261	0.00095106
23.41270447	0.00094403
23.43654633	0.00071885
23.46038818	0.00042892
23.48423004	0.00045549
23.50807190	0.00057905
23.53191376	0.00068255
23.55575562	0.00051437
23.57959747	0.00045446
23.60343933	0.00119213
23.62728119	0.00326399
23.65112305	0.00503236
23.67496490	0.00327608
23.69880676	0.00092577
23.72264862	0.00105042
23.74649048	0.00108996
23.77033234	0.00069823
23.79417419	0.00011756
23.81801605	0.00034621
23.84185791	0.00060222
23.86569977	0.00077222
23.88954163	0.00055945
23.91338348	0.00033381
23.93722534	0.00114187
23.96106720	0.00181000
23.98490906	0.00799873
24.00875092	0.00984909
24.03259277	0.00361037
24.05643463	0.00057392
24.08027649	0.00069510
24.10411835	0.00069791
24.12796021	0.00046876
24.15180206	0.00019530
24.17564392	0.00043570
24.19948578	0.00069017
24.22332764	0.00066359
24.24716949	0.00034098
24.27101135	0.00121708
24.29485321	0.00228593
24.31869507	0.00191099
24.34253693	0.00057391
24.36637878	0.00041631
24.39022064	0.00082382
24.41406250	0.00093854
24.43790436	0.00063019
24.46174622	0.00011058
24.48558807	0.00034319
24.50942993	0.00053627
24.53327179	0.00067917
24.55711365	0.00052426
24.58095551	0.00028165
24.60479736	0.00117269
24.62863922	0.00355962
24.65248108	0.00562442
24.67632294	0.00363303
24.70016479	0.00085425
24.72400665	0.00092550
24.74784851	0.00085467
24.77169037	0.00052123
24.79553223	0.00024102
24.81937408	0.00026283
24.84321594	0.00058439
24.86705780	0.00062894
24.89089966	0.00042736
24.91474152	0.00039490
24.93858337	0.00115046
24.96242523	0.00219163
24.98626709	0.00974159
25.01010895	0.01139588
25.03395081	0.00415074
25.05779266	0.00081213
25.08163452	0.00086706
25.10547638	0.00069014
25.12931824	0.00041236
25.15316010	0.00033898
25.17700195	0.00071246
25.20084381	0.00085161
25.22468567	0.00056735
25.24852753	0.00035380
25.27236938	0.00103901
25.29621124	0.00223828
25.32005310	0.00177349
25.34389496	0.00126983
25.36773682	0.00074205
25.39157867	0.00057904
25.41542053	0.00075576
25.43926239	0.00071015
25.46310425	0.00049273
25.48694611	0.00055666
25.51078796	0.00062477
25.53462982	0.00061066
25.55847168	0.00039042
25.58231354	0.00030301
25.60615540	0.00126623
25.62999725	0.00397074
25.65383911	0.00594095
25.67768097	0.00327915
25.70152283	0.00022996
25.72536469	0.00054263
25.74920654	0.00077160
25.77304840	0.00063152
25.79689026	0.00036361
25.82073212	0.00012907
25.84457397	0.00041146
25.86841583	0.00064663
25.89225769	0.00054994
25.91609955	0.00024859
25.93994141	0.00082520
25.96378326	0.00275998
25.98762512	0.01112635
26.01146698	0.01226579
26.03530884	0.00431341
26.05915070	0.00042388
26.08299255	0.00070277
26.10683441	0.00069515
26.13067627	0.00046184
26.15451813	0.00028822
26.17835999	0.00034700
26.20220184	0.00051163
26.22604370	0.00054254
26.24988556	0.00022653
26.27372742	0.00107063
26.29756927	0.00236364
26.32141113	0.00152461
26.34525299	0.00160617
26.36909485	0.00131724
26.39293671	0.00065053
26.41677856	0.00083297
26.44062042	0.00071763
26.46446228	0.00052468
26.48830414	0.00031897
26.51214600	0.00049883
26.53598785	0.00071844
26.55982971	0.00065222
26.58367157	0.00037598
26.60751343	0.00115643
26.63135529	0.00420384
26.65519714	0.00605432
26.67903900	0.00309596
26.70288086	0.00018855
26.72672272	0.00056471
26.75056458	0.00082741
26.77440643	0.00063086
26.79824829	0.00042460
26.82209015	0.00022284
26.84593201	0.00067814
26.86977386	0.00070995
26.89361572	0.00056250
26.91745758	0.00019962
26.94129944	0.00055879
26.96514130	0.00364852
26.98898315	0.01251222
27.01282501	0.01273282
27.03666687	0.00416979
27.06050873	0.00053208
27.08435059	0.00086573
27.10819244	0.00086148
27.13203430	0.00045506
27.15587616	0.00008036
27.17971802	0.00036659
27.20355988	0.00072206
27.22740173	0.00070110
27.25124359	0.00039813
27.27508545	0.00115835
27.29892731	0.00233505
27.32276917	0.00144984
27.34661102	0.00209677
27.37045288	0.00149198
27.39429474	0.00048908
27.41813660	0.00079978
27.44197845	0.00073186
27.46582031	0.00039115
27.48966217	0.00025572
27.51350403	0.00056147
27.53734589	0.00078199
27.56118774	0.00067404
27.58502960	0.00025382
27.60887146	0.00096160
27.63271332	0.00430042
27.65655518	0.00617978
27.68039703	0.00289518
27.70423889	0.00049145
27.72808075	0.00042814
27.75192261	0.00074864
27.77576447	0.00074227
27.79960632	0.00062606
27.82344818	0.00035400
27.84729004	0.00043592
27.87113190	0.00047976
27.89497375	0.00049866
27.91881561	0.00028966
27.94265747	0.00055632
27.96649933	0.00394587
27.99034119	0.01314663
28.01418304	0.01289891
28.03802490	0.00427122
28.06186676	0.00055867
28.08570862	0.00060844
28.10955048	0.00055660
28.13339233	0.00022782
28.15723419	0.00016018
28.18107605	0.00042305
28.20491791	0.00083552
28.22875977	0.00100933
28.25260162	0.00066668
28.27644348	0.00089692
28.30028534	0.00191698
28.32412720	0.00140022
28.34796906	0.00255932
28.37181091	0.00157968
28.39565277	0.00028761
28.41949463	0.00078341
28.44333649	0.00079062
28.46717834	0.00049461
28.49102020	0.00046175
28.51486206	0.00069649
28.53870392	0.00083142
28.56254578	0.00082855
28.58638763	0.00057918
28.61022949	0.00132335
28.63407135	0.00469270
28.65791321	0.00613608
28.68175507	0.00263062
28.70559692	0.00045856
28.72943878	0.00056365
28.75328064	0.00101704
28.77712250	0.00112776
28.80096436	0.00081289
28.82480621	0.00039759
28.84864807	0.00031611
28.87248993	0.00048628
28.89633179	0.00059290
28.92017365	0.00039801
28.94401550	0.00029675
28.96785736	0.00485090
28.99169922	0.01396822
29.01554108	0.01278489
29.03938293	0.00392060
29.06322479	0.00031632
29.08706665	0.00069207
29.11090851	0.00078943
29.13475037	0.00060613
29.15859222	0.00017405
29.18243408	0.00040395
29.20627594	0.00058857
29.23011780	0.00066223
29.25395966	0.00054006
29.27780151	0.00094170
29.30164337	0.00177016
29.32548523	0.00145542
29.34932709	0.00295378
29.37316895	0.00179962
29.39701080	0.00032297
29.42085266	0.00058568
29.44469452	0.00069292
29.46853638	0.00062334
29.49237823	0.00049500
29.51622009	0.00065549
29.54006195	0.00079087
29.56390381	0.00078215
29.58774567	0.00041333
29.61158752	0.00125699
29.63542938	0.00469336
29.65927124	0.00586826
29.68311310	0.00224311
29.70695496	0.00078072
29.73079681	0.00032220
29.75463867	0.00076490
29.77848053	0.00077771
29.80232239	0.00054819
29.82616425	0.00013511
29.85000610	0.00033671
29.87384796	0.00052619
29.89768982	0.00067253
29.92153168	0.00055431
29.94537354	0.00013136
29.96921539	0.00522144
29.99305725	0.01388907
30.01689911	0.01212536
30.04074097	0.00380030
30.06458282	0.00052580
30.08842468	0.00047181
30.11226654	0.00057773
30.13610840	0.00053212
30.15995026	0.00022404
30.18379211	0.00017157
30.20763397	0.00048750
30.23147583	0.00072457
30.25531769	0.00052641
30.27915955	0.00066949
30.30300140	0.00146269
30.32684326	0.00169368
30.35068512	0.00308314
30.37452698	0.00179248
30.39836884	0.00032850
30.42221069	0.00076767
30.44605255	0.00069084
30.46989441	0.00038809
30.49373627	0.00017860
30.51757813	0.00033228
30.54141998	0.00061309
30.56526184	0.00071904
30.58910370	0.00054579
30.61294556	0.00123693
30.63678741	0.00450362
30.66062927	0.00523434
30.68447113	0.00173548
30.70831299	0.00115862
30.73215485	0.00028823
30.75599670	0.00043675
30.77983856	0.00064872
30.80368042	0.00054979
30.82752228	0.00035069
30.85136414	0.00035326
30.87520599	0.00064621
30.89904785	0.00077201
30.92288971	0.00060946
30.94673157	0.00045396
30.97057343	0.00596778
30.99441528	0.01379836
31.01825714	0.01122410
31.04209900	0.00322670
31.06594086	0.00039592
31.08978271	0.00064905
31.11362457	0.00070381
31.13746643	0.00058380
31.16130829	0.00044533
31.18515015	0.00039446
31.20899200	0.00057168
31.23283386	0.00075110
31.25667572	0.00052673
31.28051758	0.00058547
31.30435944	0.00115864
31.32820129	0.00181261
31.35204315	0.00307879
31.37588501	0.00163532
31.39972687	0.00049492
31.42356873	0.00081827
31.44741058	0.00082447
31.47125244	0.00060409
31.49509430	0.00035955
31.51893616	0.00029054
31.54277802	0.00048713
31.56661987	0.00079874
31.59046173	0.00079777
31.61430359	0.00109668
31.63814545	0.00410502
31.66198730	0.00458759
31.68582916	0.00151267
31.70967102	0.00123431
31.73351288	0.00039502
31.75735474	0.00032880
31.78119659	0.00048073
31.80503845	0.00058816
31.82888031	0.00044239
31.85272217	0.00015467
31.87656403	0.00063177
31.90040588	0.00077793
31.92424774	0.00066055
31.94808960	0.00065316
31.97193146	0.00606697
31.99577332	0.01304839
32.01961517	0.01018574
32.04345703	0.00301545
32.06729889	0.00059625
32.09114075	0.00083722
32.11498260	0.00096830
32.13882446	0.00066870
32.16266632	0.00032603
32.18650818	0.00010791
32.21035004	0.00035267
32.23419189	0.00055059
32.25803375	0.00043519
32.28187561	0.00049758
32.30571747	0.00094177
32.32955933	0.00205458
32.35340118	0.00339254
32.37724304	0.00196730
32.40108490	0.00051489
32.42492676	0.00034588
32.44876862	0.00052846
32.47261047	0.00047551
32.49645233	0.00039618
32.52029419	0.00046239
32.54413605	0.00070391
32.56797791	0.00083977
32.59181976	0.00070658
32.61566162	0.00092726
32.63950348	0.00363727
32.66334534	0.00371939
32.68718719	0.00138266
32.71102905	0.00153693
32.73487091	0.00050593
32.75871277	0.00043931
32.78255463	0.00066409
32.80639648	0.00073572
32.83023834	0.00042092
32.85408020	0.00012860
32.87792206	0.00039162
32.90176392	0.00069891
32.92560577	0.00079026
32.94944763	0.00096489
32.97328949	0.00616267
32.99713135	0.01223114
33.02097321	0.00913260
33.04481506	0.00273457
33.06865692	0.00052445
33.09249878	0.00037607
33.11634064	0.00061793
33.14018250	0.00057404
33.16402435	0.00027442
33.18786621	0.00003476
33.21170807	0.00036296
33.23554993	0.00070333
33.25939178	0.00074324
33.28323364	0.00033638
33.30707550	0.00040407
33.33091736	0.00228240
33.35475922	0.00326822
33.37860107	0.00185018
33.40244293	0.00047664
33.42628479	0.00040094
33.45012665	0.00059043
33.47396851	0.00063259
33.49781036	0.00043769
33.52165222	0.00032745
33.54549408	0.00062576
33.56933594	0.00091361
33.59317780	0.00088380
33.61701965	0.00084310
33.64086151	0.00311104
33.66470337	0.00309216
33.68854523	0.00119766
33.71238708	0.00118515
33.73622894	0.00027365
33.76007080	0.00013188
33.78391266	0.00036581
33.80775452	0.00049231
33.83159637	0.00027448
33.85543823	0.00016648
33.87928009	0.00061977
33.90312195	0.00092653
33.92696381	0.00101860
33.95080566	0.00121385
33.97464752	0.00573712
33.99848938	0.01073518
34.02233124	0.00767414
34.04617310	0.00239817
34.07001495	0.00067074
34.09385681	0.00054134
34.11769867	0.00083392
34.14154053	0.00083317
34.16538239	0.00064577
34.18922424	0.00030201
34.21306610	0.00053161
34.23690796	0.00093986
34.26074982	0.00102469
34.28459167	0.00041830
34.30843353	0.00055312
34.33227539	0.00238148
34.35611725	0.00302645
34.37995911	0.00164266
34.40380096	0.00051825
34.42764282	0.00040789
34.45148468	0.00074658
34.47532654	0.00079035
34.49916840	0.00055361
34.52301025	0.00018900
34.54685211	0.00035357
34.57069397	0.00066578
34.59453583	0.00097208
34.61837769	0.00089971
34.64221954	0.00244151
34.66606140	0.00218076
34.68990326	0.00144738
34.71374512	0.00161333
34.73758698	0.00066007
34.76142883	0.00033202
34.78527069	0.00054772
34.80911255	0.00057962
34.83295441	0.00031594
34.85679626	0.00019122
34.88063812	0.00064956
34.90447998	0.00088583
34.92832184	0.00100657
34.95216370	0.00151585
34.97600555	0.00576466
34.99984741	0.00958734
35.02368927	0.00668822
35.04753113	0.00226415
35.07137299	0.00065283
35.09521484	0.00009111
35.11905670	0.00046153
35.14289856	0.00070370
35.16674042	0.00066018
35.19058228	0.00044495
35.21442413	0.00045279
35.23826599	0.00080160
35.26210785	0.00097883
35.28594971	0.00068013
35.30979156	0.00095559
35.33363342	0.00267487
35.35747528	0.00311563
35.38131714	0.00170641
35.40515900	0.00057053
35.42900085	0.00028424
35.45284271	0.00047280
35.47668457	0.00044778
35.50052643	0.00029732
35.52436829	0.00009521
35.54821014	0.00024567
35.57205200	0.00068372
35.59589386	0.00092704
35.61973572	0.00057419
35.64357758	0.00158116
35.66741943	0.00122607
35.69126129	0.00137738
35.71510315	0.00156847
35.73894501	0.00087312
35.76278687	0.00023875
35.78662872	0.00042626
35.81047058	0.00077112
35.83431244	0.00070840
35.85815430	0.00027328
35.88199615	0.00043709
35.90583801	0.00083785
35.92967987	0.00099047
35.95352173	0.00141262
35.97736359	0.00489994
36.00120544	0.00766020
36.02504730	0.00512373
36.04888916	0.00179531
36.07273102	0.00060634
36.09657288	0.00028130
36.12041473	0.00053596
36.14425659	0.00080691
36.16809845	0.00078152
36.19194031	0.00050433
36.21578217	0.00047088
36.23962402	0.00076668
36.26346588	0.00122564
36.28730774	0.00121882
36.31114960	0.00128689
36.33499146	0.00263762
36.35883331	0.00283748
36.38267517	0.00162289
36.40651703	0.00067982
36.43035889	0.00032828
36.45420074	0.00059132
36.47804260	0.00070729
36.50188446	0.00062211
36.52572632	0.00020354
36.54956818	0.00033465
36.57341003	0.00074277
36.59725189	0.00093041
36.62109375	0.00070537
36.64493561	0.00041206
36.66877747	0.00077704
36.69261932	0.00176266
36.71646118	0.00153279
36.74030304	0.00075311
36.76414490	0.00024771
36.78798676	0.00054033
36.81182861	0.00068902
36.83567047	0.00044693
36.85951233	0.00009215
36.88335419	0.00037143
36.90719604	0.00071124
36.93103790	0.00108695
36.95487976	0.00172040
36.97872162	0.00411203
37.00256348	0.00587447
37.02640533	0.00401419
37.05024719	0.00181470
37.07408905	0.00085953
37.09793091	0.00031791
37.12177277	0.00048632
37.14561462	0.00062335
37.16945648	0.00048143
37.19329834	0.00024710
37.21714020	0.00052878
37.24098206	0.00085741
37.26482391	0.00117178
37.28866577	0.00133835
37.31250763	0.00169355
37.33634949	0.00245342
37.36019135	0.00238087
37.38403320	0.00155515
37.40787506	0.00073005
37.43171692	0.00033075
37.45555878	0.00050390
37.47940063	0.00073505
37.50324249	0.00069798
37.52708435	0.00038234
37.55092621	0.00020853
37.57476807	0.00079245
37.59860992	0.00137204
37.62245178	0.00120143
37.64629364	0.00045640
37.67013550	0.00105960
37.69397736	0.00177047
37.71781921	0.00153174
37.74166107	0.00094040
37.76550293	0.00039731
37.78934479	0.00035205
37.81318665	0.00055754
37.83702850	0.00063307
37.86087036	0.00047126
37.88471222	0.00041746
37.90855408	0.00084596
37.93239594	0.00113345
37.95623779	0.00164570
37.98007965	0.00319918
38.00392151	0.00404139
38.02776337	0.00286499
38.05160522	0.00154252
38.07544708	0.00077776
38.09928894	0.00040108
38.12313080	0.00046058
38.14697266	0.00053957
38.17081451	0.00049907
38.19465637	0.00034223
38.21849823	0.00040378
38.24234009	0.00090257
38.26618195	0.00130919
38.29002380	0.00158941
38.31386566	0.00192368
38.33770752	0.00234737
38.36154938	0.00219307
38.38539124	0.00151282
38.40923309	0.00079541
38.43307495	0.00027878
38.45691681	0.00033501
38.48075867	0.00063158
38.50460052	0.00060913
38.52844238	0.00038323
38.55228424	0.00020548
38.57612610	0.00067247
38.59996796	0.00114836
38.62380981	0.00144706
38.64765167	0.00169134
38.67149353	0.00210274
38.69533539	0.00210974
38.71917725	0.00143449
38.74301910	0.00077486
38.76686096	0.00038690
38.79070282	0.00012380
38.81454468	0.00041369
38.83838654	0.00044862
38.86222839	0.00016584
38.88607025	0.00046761
38.90991211	0.00081467
38.93375397	0.00120161
38.95759583	0.00179912
38.98143768	0.00236520
39.00527954	0.00258475
39.02912140	0.00217451
39.05296326	0.00145047
39.07680511	0.00086355
39.10064697	0.00034344
39.12448883	0.00036013
39.14833069	0.00076742
39.17217255	0.00074364
39.19601440	0.00033231
39.21985626	0.00032958
39.24369812	0.00096828
39.26753998	0.00142740
39.29138184	0.00178510
39.31522369	0.00210770
39.33906555	0.00195191
39.36290741	0.00163026
39.38674927	0.00130402
39.41059113	0.00084094
39.43443298	0.00039881
39.45827484	0.00036715
39.48211670	0.00058600
39.50595856	0.00059725
39.52980042	0.00039472
39.55364227	0.00025494
39.57748413	0.00063019
39.60132599	0.00128891
39.62516785	0.00211074
39.64900970	0.00282941
39.67285156	0.00277407
39.69669342	0.00209955
39.72053528	0.00148545
39.74437714	0.00091623
39.76821899	0.00038617
39.79206085	0.00034068
39.81590271	0.00068577
39.83974457	0.00068153
39.86358643	0.00027512
39.88742828	0.00008724
39.91127014	0.00061181
39.93511200	0.00132898
39.95895386	0.00168791
39.98279572	0.00109765
40.00663757	0.00058967
40.03047943	0.00107227
40.05432129	0.00110993
40.07816315	0.00072756
40.10200500	0.00032135
40.12584686	0.00036722
40.14968872	0.00050650
40.17353058	0.00057467
40.19737244	0.00046604
40.22121429	0.00017506
40.24505615	0.00063036
40.26889801	0.00138086
40.29273987	0.00225582
40.31658173	0.00244085
40.34042358	0.00179330
40.36426544	0.00163495
40.38810730	0.00150182
40.41194916	0.00083240
40.43579102	0.00024306
40.45963287	0.00001440
40.48347473	0.00043297
40.50731659	0.00062533
40.53115845	0.00039336
40.55500031	0.00023649
40.57884216	0.00067507
40.60268402	0.00142640
40.62652588	0.00288912
40.65036774	0.00418964
40.67420959	0.00325128
40.69805145	0.00162067
40.72189331	0.00126625
40.74573517	0.00113620
40.76957703	0.00064710
40.79341888	0.00022536
40.81726074	0.00039503
40.84110260	0.00055366
40.86494446	0.00054610
40.88878632	0.00031731
40.91262817	0.00066122
40.93647003	0.00147139
40.96031189	0.00175079
40.98415375	0.00089579
41.00799561	0.00103110
41.03183746	0.00076614
41.05567932	0.00119324
41.07952118	0.00087847
41.10336304	0.00040880
41.12720490	0.00029524
41.15104675	0.00050292
41.17488861	0.00060300
41.19873047	0.00060730
41.22257233	0.00037743
41.24641418	0.00072698
41.27025604	0.00143518
41.29409790	0.00239569
41.31793976	0.00254934
41.34178162	0.00138094
41.36562347	0.00106506
41.38946533	0.00129790
41.41330719	0.00089136
41.43714905	0.00039266
41.46099091	0.00021269
41.48483276	0.00053195
41.50867462	0.00074667
41.53251648	0.00065849
41.55635834	0.00035843
41.58020020	0.00053809
41.60404205	0.00150141
41.62788391	0.00335075
41.65172577	0.00488331
41.67556763	0.00339196
41.69940948	0.00138261
41.72325134	0.00121506
41.74709320	0.00095918
41.77093506	0.00053532
41.79477692	0.00034917
41.81861877	0.00053915
41.84246063	0.00066804
41.86630249	0.00053261
41.89014435	0.00028705
41.91398621	0.00053217
41.93782806	0.00150108
41.96166992	0.00160201
41.98551178	0.00183978
42.00935364	0.00261771
42.03319550	0.00095117
42.05703735	0.00099200
42.08087921	0.00089693
42.10472107	0.00049545
42.12856293	0.00015472
42.15240479	0.00016692
42.17624664	0.00057152
42.20008850	0.00071930
42.22393036	0.00049996
42.24777222	0.00056950
42.27161407	0.00149922
42.29545593	0.00278935
42.31929779	0.00269553
42.34313965	0.00108844
42.36698151	0.00076522
42.39082336	0.00120011
42.41466522	0.00085159
42.43850708	0.00037349
42.46234894	0.00001422
42.48619080	0.00036923
42.51003265	0.00053726
42.53387451	0.00050058
42.55771637	0.00025779
42.58155823	0.00064677
42.60540009	0.00162089
42.62924194	0.00398214
42.65308380	0.00601158
42.67692566	0.00397712
42.70076752	0.00117780
42.72460938	0.00095122
42.74845123	0.00084641
42.77229309	0.00057490
42.79613495	0.00043727
42.81997681	0.00049555
42.84381866	0.00054286
42.86766052	0.00065073
42.89150238	0.00053347
42.91534424	0.00046699
42.93918610	0.00134580
42.96302795	0.00140218
42.98686981	0.00313122
43.01071167	0.00377733
43.03455353	0.00116051
43.05839539	0.00106413
43.08223724	0.00089572
43.10607910	0.00056331
43.12992096	0.00020811
43.15376282	0.00049561
43.17760468	0.00054659
43.20144653	0.00038963
43.22528839	0.00024076
43.24913025	0.00052502
43.27297211	0.00155921
43.29681396	0.00284800
43.32065582	0.00237295
43.34449768	0.00057477
43.36833954	0.00042944
43.39218140	0.00090466
43.41602325	0.00085637
43.43986511	0.00049690
43.46370697	0.00014131
43.48754883	0.00026089
43.51139069	0.00049889
43.53523254	0.00058990
43.55907440	0.00032836
43.58291626	0.00035433
43.60675812	0.00141463
43.63059998	0.00446296
43.65444183	0.00667961
43.67828369	0.00395303
43.70212555	0.00111360
43.72596741	0.00108091
43.74980927	0.00078640
43.77365112	0.00049425
43.79749298	0.00023343
43.82133484	0.00029065
43.84517670	0.00066861
43.86901855	0.00069633
43.89286041	0.00037872
43.91670227	0.00012492
43.94054413	0.00129367
43.96438599	0.00144202
43.98822784	0.00435045
44.01206970	0.00504040
44.03591156	0.00152951
44.05975342	0.00087874
44.08359528	0.00090063
44.10743713	0.00067790
44.13127899	0.00027380
44.15512085	0.00021055
44.17896271	0.00046095
44.20280457	0.00068148
44.22664642	0.00058418
44.25048828	0.00054075
44.27433014	0.00169367
44.29817200	0.00296742
44.32201385	0.00216125
44.34585571	0.00045715
44.36969757	0.00044251
44.39353943	0.00079219
44.41738129	0.00080968
44.44122314	0.00060996
44.46506500	0.00033926
44.48890686	0.00038648
44.51274872	0.00051778
44.53659058	0.00050382
44.56043243	0.00034337
44.58427429	0.00057105
44.60811615	0.00183286
44.63195801	0.00524236
44.65579987	0.00758199
44.67964172	0.00438351
44.70348358	0.00088427
44.72732544	0.00078429
44.75116730	0.00095827
44.77500916	0.00069501
44.79885101	0.00026210
44.82269287	0.00034575
44.84653473	0.00078692
44.87037659	0.00089335
44.89421844	0.00046434
44.91806030	0.00026859
44.94190216	0.00111582
44.96574402	0.00131151
44.98958588	0.00551820
45.01342773	0.00597348
45.03726959	0.00188085
45.06111145	0.00086735
45.08495331	0.00100384
45.10879517	0.00079067
45.13263702	0.00043199
45.15647888	0.00029946
45.18032074	0.00048394
45.20416260	0.00056237
45.22800446	0.00040481
45.25184631	0.00055567
45.27568817	0.00157406
45.29953003	0.00284682
45.32337189	0.00185082
45.34721375	0.00088035
45.37105560	0.00049113
45.39489746	0.00080025
45.41873932	0.00094939
45.44258118	0.00064799
45.46642303	0.00016759
45.49026489	0.00025638
45.51410675	0.00061719
45.53794861	0.00077037
45.56179047	0.00059638
45.58563232	0.00026884
45.60947418	0.00169181
45.63331604	0.00588635
45.65715790	0.00818723
45.68099976	0.00413816
45.70484161	0.00034862
45.72868347	0.00074726
45.75252533	0.00082807
45.77636719	0.00054884
45.80020905	0.00016644
45.82405090	0.00028197
45.84789276	0.00050366
45.87173462	0.00070178
45.89557648	0.00070105
45.91941833	0.00036643
45.94326019	0.00103454
45.96710205	0.00155997
45.99094391	0.00637416
46.01478577	0.00633489
46.03862762	0.00179606
46.06246948	0.00060393
46.08631134	0.00084480
46.11015320	0.00069027
46.13399506	0.00028855
46.15783691	0.00033100
46.18167877	0.00068664
46.20552063	0.00091633
46.22936249	0.00081185
46.25320435	0.00047351
46.27704620	0.00145831
46.30088806	0.00278270
46.32472992	0.00185413
46.34857178	0.00137916
46.37241364	0.00080400
46.39625549	0.00080391
46.42009735	0.00095398
46.44393921	0.00073966
46.46778107	0.00043189
46.49162292	0.00029115
46.51546478	0.00054700
46.53930664	0.00078497
46.56314850	0.00067816
46.58699036	0.00040589
46.61083221	0.00208459
46.63467407	0.00658711
46.65851593	0.00864367
46.68235779	0.00396729
46.70619965	0.00005149
46.73004150	0.00062172
46.75388336	0.00083662
46.77772522	0.00068051
46.80156708	0.00032724
46.82540894	0.00016761
46.84925079	0.00053850
46.87309265	0.00073007
46.89693451	0.00084117
46.92077637	0.00033083
46.94461823	0.00087772
46.96846008	0.00242496
46.99230194	0.00760839
47.01614380	0.00694063
47.03998566	0.00183706
47.06382751	0.00070244
47.08766937	0.00102823
47.11151123	0.00083067
47.13535309	0.00047942
47.15919495	0.00026680
47.18303680	0.00061163
47.20687866	0.00080125
47.23072052	0.00055348
47.25456238	0.00018643
47.27840424	0.00131914
47.30224609	0.00277040
47.32608795	0.00174232
47.34992981	0.00170124
47.37377167	0.00093971
47.39761353	0.00048858
47.42145538	0.00075351
47.44529724	0.00059667
47.46913910	0.00027853
47.49298096	0.00018612
47.51682281	0.00045912
47.54066467	0.00067863
47.56450653	0.00071825
47.58834839	0.00050754
47.61219025	0.00194141
47.63603210	0.00653501
47.65987396	0.00823523
47.68371582	0.00326961
47.70755768	0.00034216
47.73139954	0.00067113
47.75524139	0.00084434
47.77908325	0.00070192
47.80292511	0.00036438
47.82676697	0.00011413
47.85060883	0.00036691
47.87445068	0.00068293
47.89829254	0.00070650
47.92213440	0.00049870
47.94597626	0.00077720
47.96981812	0.00261061
47.99365997	0.00811471
48.01750183	0.00722457
48.04134369	0.00210848
48.06518555	0.00031553
48.08902740	0.00061554
48.11286926	0.00054983
48.13671112	0.00026328
48.16055298	0.00015085
48.18439484	0.00038854
48.20823669	0.00053112
48.23207855	0.00053077
48.25592041	0.00031464
48.27976227	0.00129966
48.30360413	0.00239693
48.32744598	0.00151280
48.35128784	0.00214581
48.37512970	0.00102033
48.39897156	0.00037072
48.42281342	0.00068197
48.44665527	0.00069101
48.47049713	0.00029566
48.49433899	0.00034560
48.51818085	0.00066415
48.54202271	0.00078976
48.56586456	0.00065992
48.58970642	0.00035416
48.61354828	0.00191893
48.63739014	0.00704717
48.66123199	0.00844780
48.68507385	0.00320152
48.70891571	0.00034914
48.73275757	0.00042066
48.75659943	0.00073744
48.78044128	0.00067144
48.80428314	0.00037986
