Частота	A * B
(kГц)	(?)

0.00000000	0.11525060
0.02384186	0.05734064
0.04768372	0.12492320
0.07152557	0.29856330
0.09536743	0.32139500
0.11920929	0.10866320
0.14305115	0.04025334
0.16689301	0.08071113
0.19073486	0.05748347
0.21457672	0.07748225
0.23841858	0.08819743
0.26226044	0.08892007
0.28610229	0.04445046
0.30994415	0.03709271
0.33378601	0.08064225
0.35762787	0.05802924
0.38146973	0.07493711
0.40531158	0.06564564
0.42915344	0.02696406
0.45299530	0.05904436
0.47683716	0.06516966
0.50067902	0.08261766
0.52452087	0.05857065
0.54836273	0.07405863
0.57220459	0.06789091
0.59604645	0.01054822
0.61988831	0.14188590
0.64373016	0.19844700
0.66757202	0.12648240
0.69141388	0.06214079
0.71525574	0.07337844
0.73909760	0.07070470
0.76293945	0.13936280
0.78678131	0.63082030
0.81062317	1.04340000
0.83446503	0.61592330
0.85830688	0.06619832
0.88214874	0.07203910
0.90599060	0.07190485
0.92983246	0.06152088
0.95367432	0.09977783
0.97751617	0.12920240
1.00135803	0.09486322
1.02519989	0.00393013
1.04904175	0.06920010
1.07288361	0.07267394
1.09672546	0.05986411
1.12056732	0.08049757
1.14440918	0.04704416
1.16825104	0.04867788
1.19209290	0.04297680
1.21593475	0.06999440
1.23977661	0.07371748
1.26361847	0.05916128
1.28746033	0.08045438
1.31130219	0.03320250
1.33514404	0.05788633
1.35898590	0.12946400
1.38282776	0.11475050
1.40666962	0.07941362
1.43051147	0.05872620
1.45435333	0.07993171
1.47819519	0.02455755
1.50203705	0.37447000
1.52587891	1.05399300
1.54972076	0.97148730
1.57356262	0.31929850
1.59740448	0.06446949
1.62124634	0.08196608
1.64508820	0.05584250
1.66893005	0.09432410
1.69277191	0.17156720
1.71661377	0.18137090
1.74045563	0.06045565
1.76429749	0.04331734
1.78813934	0.08075999
1.81198120	0.05666509
1.83582306	0.07740068
1.85966492	0.07255480
1.88350677	0.06181527
1.90734863	0.04137563
1.93119049	0.04355178
1.95503235	0.08083193
1.97887421	0.05700739
2.00271606	0.07614992
2.02655792	0.06287149
2.05039978	0.01683212
2.07424164	0.07863284
2.09808350	0.09101555
2.12192535	0.08684336
2.14576721	0.05747019
2.16960907	0.07531827
2.19345093	0.06655576
2.21729279	0.03094281
2.24113464	0.25235320
2.26497650	0.35746290
2.28881836	0.19831480
2.31266022	0.06778010
2.33650208	0.07476782
2.36034393	0.06922614
2.38418579	0.07799930
2.40802765	0.21644600
2.43186951	0.33855610
2.45571136	0.19964100
2.47955322	0.00784545
2.50339508	0.07323030
2.52723694	0.07038738
2.55107880	0.06232592
2.57492065	0.08737891
2.59876251	0.08883243
2.62260437	0.06902070
2.64644623	0.01422312
2.67028809	0.07067145
2.69412994	0.07122941
2.71797180	0.06130082
2.74181366	0.07925829
2.76565552	0.03418078
2.78949738	0.04769889
2.81333923	0.06425505
2.83718109	0.07731766
2.86102295	0.07244488
2.88486481	0.06067079
2.90870667	0.07988882
2.93254852	0.03050120
2.95639038	0.08615658
2.98023224	0.19963320
3.00407410	0.16530180
3.02791595	0.08493013
3.05175781	0.05920624
3.07559967	0.08126984
3.09944153	0.06929240
3.12328339	0.34577780
3.14712524	0.87376730
3.17096710	0.80344780
3.19480896	0.22250410
3.21865082	0.04675399
3.24249268	0.07989740
3.26633453	0.05547991
3.29017639	0.08549047
3.31401825	0.11671170
3.33786011	0.11929770
3.36170197	0.04063862
3.38554382	0.04527993
3.40938568	0.08079489
3.43322754	0.05582058
3.45706940	0.07809116
3.48091125	0.06285333
3.50475311	0.04281341
3.52859497	0.04793677
3.55243683	0.05376619
3.57627869	0.08125536
3.60012054	0.05611970
3.62396240	0.07724771
3.64780426	0.06096588
3.67164612	0.01763687
3.69548798	0.11077750
3.71932983	0.13059650
3.74317169	0.09587742
3.76701355	0.05673121
3.79085541	0.07616160
3.81469727	0.06451776
3.83853912	0.15894030
3.86238098	0.89254530
3.88622284	1.26617300
3.91006470	0.64461760
3.93390656	0.11713680
3.95774841	0.07618251
3.98159027	0.06744295
4.00543213	0.06919497
4.02927399	0.13555200
4.05311584	0.19216100
4.07695770	0.11525170
4.10079956	0.00853664
4.12464142	0.07428462
4.14848328	0.06883403
4.17232513	0.06365079
4.19616699	0.08101076
4.22000885	0.06160669
4.24385071	0.05456876
4.26769257	0.02786748
4.29153442	0.07268079
4.31537628	0.06969979
4.33921814	0.06280108
4.36306000	0.07842951
4.38690186	0.02543380
4.41074371	0.05640601
4.43458557	0.09357573
4.45842743	0.08964530
4.48226929	0.07174052
4.50611115	0.06209356
4.52995300	0.07932634
4.55379486	0.02498449
4.57763672	0.15620090
4.60147858	0.36378010
4.62532043	0.28957190
4.64916229	0.10814000
4.67300415	0.06083239
4.69684601	0.08034939
4.72068787	0.05726704
4.74452972	0.14217300
4.76837158	0.30156500
4.79221344	0.27714370
4.81605530	0.06945017
4.83989716	0.05246030
4.86373901	0.07998613
4.88758087	0.05515540
4.91142273	0.08190794
4.93526459	0.08622813
4.95910645	0.08313352
4.98294830	0.03297403
5.00679016	0.04826687
5.03063202	0.08045534
5.05447388	0.05540703
5.07831573	0.07880220
5.10215759	0.05698336
5.12599945	0.03052834
5.14984131	0.06310932
5.17368317	0.06932876
5.19752502	0.08215650
5.22136688	0.05555497
5.24520874	0.07810042
5.26905060	0.05951708
5.29289246	0.03066962
5.31673431	0.16872650
5.34057617	0.20067270
5.36441803	0.11649550
5.38825989	0.05723131
5.41210175	0.07814723
5.43594360	0.06521764
5.45978546	0.16472910
5.48362732	0.61923800
5.50746918	0.86723370
5.53131104	0.42382970
5.55515289	0.01233026
5.57899475	0.07683102
5.60283661	0.06650283
5.62667847	0.06801448
5.65052032	0.10271010
5.67436218	0.12569300
5.69820404	0.07845534
5.72204590	0.01356350
5.74588776	0.07539599
5.76972961	0.06712916
5.79357147	0.06525970
5.81741333	0.07744885
5.84125519	0.04172519
5.86509705	0.04951213
5.88893890	0.04492206
5.91278076	0.07575657
5.93662262	0.06817363
5.96046448	0.06430127
5.98430634	0.07774299
6.00814819	0.01994498
6.03199005	0.07601728
6.05583191	0.13741740
6.07967377	0.11176380
6.10351563	0.07243815
6.12735748	0.06394318
6.15119934	0.07815357
6.17504120	0.01736874
6.19888306	0.61755290
6.22272491	1.40307000
6.24656677	1.09616800
6.27040863	0.29452440
6.29425049	0.06460250
6.31809235	0.08022122
6.34193420	0.05564087
6.36577606	0.10339440
6.38961792	0.17499830
6.41345978	0.16055920
6.43730164	0.03759402
6.46114349	0.05441403
6.48498535	0.07945429
6.50882721	0.05520354
6.53266907	0.08074682
6.55651093	0.06728125
6.58035278	0.05936627
6.60419464	0.03578194
6.62803650	0.05315141
6.65187836	0.08003075
6.67572021	0.05517984
6.69956207	0.07953224
6.72340393	0.05334005
6.74724579	0.02705703
6.77108765	0.08737763
6.79492950	0.09268854
6.81877136	0.08462042
6.84261322	0.05511096
6.86645508	0.07885037
6.89029694	0.05775474
6.91413879	0.06451388
6.93798065	0.30922200
6.96182251	0.36958380
6.98566437	0.17826750
7.00950623	0.06076149
7.03334808	0.07897992
7.05718994	0.06334731
7.08103180	0.09032203
7.10487366	0.23168710
7.12871552	0.31372610
7.15255737	0.15210180
7.17639923	0.01803074
7.20024109	0.07783798
7.22408295	0.06478047
7.24792480	0.06837713
7.27176666	0.08644959
7.29560852	0.08603851
7.31945038	0.05884555
7.34329224	0.02157811
7.36713409	0.07640421
7.39097595	0.06555049
7.41481781	0.06687070
7.43865967	0.07530133
7.46250153	0.02645600
7.48634338	0.05413306
7.51018524	0.06685994
7.53402710	0.08100466
7.55786896	0.06659925
7.58171082	0.06605450
7.60555267	0.07677385
7.62939453	0.01592192
7.65323639	0.11451250
7.67707825	0.21446310
7.70092010	0.15667360
7.72476196	0.07562281
7.74860382	0.06459752
7.77244568	0.07829453
7.79628754	0.07948632
7.82012939	0.37125550
7.84397125	0.78760600
7.86781311	0.61213050
7.89165497	0.12375370
7.91549683	0.05997966
7.93933868	0.07795663
7.96318054	0.05541675
7.98702240	0.09032599
8.01086426	0.11746790
8.03470612	0.10731320
8.05854797	0.02454633
8.08238983	0.05603185
8.10623169	0.07889324
8.13007355	0.05528696
8.15391541	0.08063864
8.17775726	0.05494705
8.20159912	0.04400867
8.22544098	0.04755194
8.24928284	0.06102579
8.27312469	0.07973960
8.29696655	0.05510416
8.32080841	0.08017685
8.34465027	0.05096625
8.36849213	0.03448188
8.39233398	0.12559930
8.41617584	0.13000590
8.44001770	0.09093394
8.46385956	0.05503352
8.48770142	0.07863745
8.51154327	0.05133161
8.53538513	0.32668050
8.55922699	1.31954800
8.58306885	1.57848100
8.60691071	0.67074970
8.63075256	0.09916344
8.65459442	0.08052122
8.67843628	0.06145287
8.70227814	0.07724105
8.72612000	0.14335140
8.74996185	0.18202270
8.77380371	0.08971448
8.79764557	0.02350214
8.82148743	0.07852765
8.84532928	0.06326848
8.86917114	0.06949205
8.89301300	0.07755476
8.91685486	0.05876991
8.94069672	0.04980446
8.96453857	0.03311258
8.98838043	0.07768930
9.01222229	0.06396063
9.03606415	0.06847938
9.05990601	0.07383225
9.08374786	0.01459113
9.10758972	0.06836311
9.13143158	0.09709043
9.15527344	0.09025832
9.17911530	0.06543992
9.20295715	0.06767998
9.22679901	0.07582913
9.25064087	0.00765345
9.27448273	0.21256900
9.29832458	0.40262850
9.32216644	0.27519650
9.34600830	0.09251660
9.36985016	0.06628058
9.39369202	0.07706191
9.41753387	0.06121780
9.44137573	0.15920080
9.46521759	0.29829300
9.48905945	0.23269470
9.51290131	0.03777491
9.53674316	0.06227893
9.56058502	0.07728633
9.58442688	0.05594250
9.60826874	0.08460251
9.63211060	0.08396997
9.65595245	0.07630699
9.67979431	0.02298080
9.70363617	0.05840232
9.72747803	0.07804317
9.75131989	0.05575335
9.77516174	0.08070552
9.79900360	0.04720885
9.82284546	0.03692774
9.84668732	0.06673053
9.87052917	0.07376484
9.89437103	0.07962676
9.91821289	0.05551538
9.94205475	0.08039764
9.96589661	0.04929859
9.98973846	0.05442335
10.01358032	0.19470410
10.03742218	0.19887370
10.06126404	0.10590410
10.08510590	0.05553163
10.10894775	0.08102004
10.13278961	0.06131982
10.15663147	0.19207550
10.18047333	0.60492970
10.20431519	0.71932130
10.22815704	0.28577220
10.25199890	0.02062823
10.27584076	0.07961825
10.29968262	0.06097784
10.32352448	0.07484592
10.34736633	0.10477110
10.37120819	0.12005160
10.39505005	0.06207906
10.41889191	0.02688918
10.44273376	0.07932557
10.46657562	0.06156827
10.49041748	0.07102601
10.51425934	0.07229529
10.53810120	0.03856811
10.56194305	0.05030347
10.58578491	0.04872619
10.60962677	0.07967722
10.63346863	0.06241244
10.65731049	0.06999864
10.68115234	0.07269361
10.70499420	0.00557326
10.72883606	0.09465791
10.75267792	0.14288470
10.77651978	0.10789290
10.80036163	0.06525749
10.82420349	0.06954448
10.84804535	0.07465844
10.87188721	0.10352850
10.89572906	1.03981100
10.91957092	1.94704300
10.94341278	1.28609000
10.96725464	0.27571680
10.99109650	0.06818073
11.01493835	0.07617218
11.03878021	0.05876171
11.06262207	0.11189920
11.08646393	0.17523750
11.11030579	0.13816720
11.13414764	0.01747303
11.15798950	0.06376243
11.18183136	0.07621819
11.20567322	0.05680026
11.22951508	0.08207291
11.25335693	0.06208339
11.27719879	0.05676267
11.30104065	0.03193722
11.32488251	0.06210958
11.34872437	0.07707293
11.37256622	0.05640087
11.39640808	0.08086511
11.42024994	0.04245710
11.44409180	0.03960542
11.46793365	0.09498379
11.49177551	0.09389210
11.51561737	0.08068515
11.53945923	0.05595648
11.56330109	0.08055172
11.58714294	0.04644889
11.61098480	0.10791920
11.63482666	0.36890430
11.65866852	0.37442130
11.68251038	0.15728790
11.70635223	0.05788327
11.73019409	0.08123296
11.75403595	0.05849082
11.77787781	0.10387230
11.80171967	0.24314460
11.82556152	0.28413570
11.84940338	0.11035450
11.87324524	0.03367283
11.89708710	0.08032026
11.92092896	0.05954594
11.94477081	0.07435519
11.96861267	0.08440547
11.99245453	0.08252133
12.01629639	0.04843978
12.04013824	0.03226411
12.06398010	0.07982560
12.08782196	0.06017321
12.11166382	0.07247487
12.13550568	0.06913169
12.15934753	0.02276790
12.18318939	0.06031595
12.20703125	0.06977264
12.23087311	0.08314340
12.25471497	0.06091194
12.27855682	0.07158998
12.30239868	0.07147887
12.32624054	0.00548131
12.35008240	0.14500520
12.37392426	0.22514590
12.39776611	0.14621090
12.42160797	0.06708164
12.44544983	0.07058118
12.46929169	0.07352475
12.49313354	0.09438762
12.51697540	0.39364770
12.54081726	0.70624230
12.56465912	0.46126730
12.58850098	0.05857202
12.61234283	0.06869058
12.63618469	0.07423715
12.66002655	0.05867711
12.68386841	0.09383752
12.70771027	0.11682280
12.73155212	0.09398628
12.75539398	0.01038661
12.77923584	0.06520346
12.80307770	0.07507534
12.82691956	0.05775574
12.85076141	0.08097837
12.87460327	0.04704147
12.89844513	0.04601803
12.92228699	0.04788778
12.94612885	0.06801718
12.96997070	0.07620343
12.99381256	0.05710793
13.01765442	0.08103876
13.04149628	0.03944880
13.06533813	0.05283556
13.08917999	0.13871500
13.11302185	0.12763600
13.13686371	0.08498393
13.16070557	0.05706116
13.18454742	0.07904606
13.20838928	0.02299881
13.23223114	0.66369860
13.25607300	2.07374200
13.27991486	2.09935000
13.30375671	0.73456590
13.32759857	0.08644064
13.35144043	0.08304793
13.37528229	0.05686782
13.39912415	0.08540364
13.42296600	0.14948830
13.44680786	0.16846960
13.47064972	0.06591797
13.49449158	0.03702698
13.51833344	0.08049621
13.54217529	0.05849364
13.56601715	0.07490074
13.58985901	0.07265063
13.61370087	0.05659855
13.63754272	0.04499068
13.66138458	0.04100256
13.68522644	0.08040508
13.70906830	0.05886974
13.73291016	0.07389146
13.75675201	0.06701999
13.78059387	0.01115558
13.80443573	0.07994905
13.82827759	0.09952918
13.85211945	0.08970615
13.87596130	0.05970146
13.89980316	0.07303963
13.92364502	0.07025704
13.94748688	0.02433162
13.97132874	0.27790670
13.99517059	0.43639690
14.01901245	0.25631000
14.04285431	0.07884696
14.06669617	0.07212286
14.09053802	0.07208911
14.11437988	0.06865311
14.13822174	0.17527420
14.16206360	0.28881240
14.18590546	0.18958850
14.20974731	0.01321448
14.23358917	0.07002605
14.25743103	0.07294607
14.28127289	0.05965000
14.30511475	0.08544213
14.32895660	0.08153716
14.35279846	0.06860299
14.37664032	0.01733301
14.40048218	0.06705602
14.42432404	0.07379972
14.44816589	0.05896122
14.47200775	0.08031029
14.49584961	0.03698149
14.51969147	0.04459388
14.54353333	0.06995008
14.56737518	0.07802078
14.59121704	0.07528231
14.61505890	0.05841523
14.63890076	0.08062584
14.66274261	0.03723940
14.68658447	0.08189532
14.71042633	0.21866590
14.73426819	0.19331510
14.75811005	0.09501587
14.78195190	0.05733534
14.80579376	0.08161536
14.82963562	0.06083484
14.85347748	0.22018170
14.87731934	0.58532010
14.90116119	0.59116640
14.92500305	0.18521530
14.94884491	0.04115485
14.97268677	0.08046313
14.99652863	0.05669359
15.02037048	0.08102569
15.04421234	0.10602020
15.06805420	0.11238750
15.09189606	0.04615632
15.11573792	0.03937333
15.13957977	0.08086710
15.16342163	0.05719297
15.18726349	0.07606790
15.21110535	0.06539372
15.23494720	0.03790146
15.25878906	0.05104749
15.28263092	0.05404415
15.30647278	0.08146808
15.33031464	0.05763106
15.35415649	0.07519651
15.37799835	0.06545014
15.40184021	0.01044270
15.42568207	0.11327090
15.44952393	0.14573450
15.47336578	0.10328970
15.49720764	0.05899429
15.52104950	0.07399821
15.54489136	0.06852645
15.56873322	0.31297650
15.59257507	1.91397100
15.61641693	2.99240200
15.64025879	1.66205800
15.66410065	0.27285850
15.68794250	0.07352998
15.71178436	0.07022300
15.73562622	0.06426623
15.75946808	0.11968490
15.78330994	0.17209350
15.80715179	0.11516390
15.83099365	0.00179802
15.85483551	0.07118948
15.87867737	0.07152890
15.90251923	0.06094609
15.92636108	0.08124822
15.95020294	0.05748091
15.97404480	0.05393159
15.99788666	0.03112090
16.02172852	0.06978673
16.04557037	0.07241953
16.06941223	0.06026787
16.09325409	0.07986294
16.11709595	0.03061774
16.14093781	0.05297535
16.16477966	0.10123560
16.18862152	0.09457234
16.21246338	0.07526693
16.23630524	0.05962830
16.26014709	0.08021914
16.28398895	0.03172990
16.30783081	0.16289390
16.33167267	0.42984300
16.35551453	0.37187880
16.37935638	0.13632200
16.40319824	0.05918418
16.42704010	0.08122524
16.45088196	0.05618196
16.47472382	0.11800250
16.49856567	0.25007950
16.52240753	0.25115700
16.54624939	0.07458796
16.57009125	0.04669101
16.59393311	0.08064002
16.61777496	0.05597055
16.64161682	0.07930564
16.66545868	0.08165538
16.68930054	0.07819960
16.71314240	0.03822491
16.73698425	0.04332394
16.76082611	0.08083106
16.78466797	0.05635374
16.80850983	0.07710342
16.83235168	0.06106229
16.85619354	0.02501209
16.88003540	0.06602398
16.90387726	0.07303716
16.92771912	0.08340662
16.95156097	0.05667963
16.97540283	0.07629766
16.99924469	0.06413776
17.02308655	0.02357559
17.04692841	0.17679250
17.07077026	0.23119890
17.09461212	0.13444450
17.11845398	0.06030977
17.14229584	0.07592110
17.16613770	0.06780715
17.18997955	0.11292650
17.21382141	0.41125190
17.23766327	0.62688430
17.26150513	0.34074000
17.28534698	0.01567633
17.30918884	0.07470251
17.33303070	0.06916686
17.35687256	0.06428385
17.38071442	0.09611678
17.40455627	0.11460440
17.42839813	0.07981928
17.45223999	0.00882179
17.47608185	0.07250058
17.49992371	0.06990103
17.52376556	0.06246310
17.54760742	0.07897541
17.57144928	0.04007968
17.59529114	0.04836763
17.61913300	0.04933074
17.64297485	0.07403582
17.66681671	0.07117665
17.69065857	0.06142813
17.71450043	0.07963944
17.73834229	0.02655053
17.76218414	0.07255682
17.78602600	0.14956220
17.80986786	0.12369800
17.83370972	0.07832140
17.85755157	0.06230954
17.88139343	0.07738281
17.90523529	0.07209021
17.92907715	1.53289300
17.95291901	3.84841900
17.97676086	3.29964400
18.00060272	0.93094030
18.02444458	0.07973623
18.04828644	0.08361877
18.07212830	0.05521267
18.09597015	0.09308689
18.11981201	0.15356550
18.14365387	0.15213250
18.16749573	0.04422901
18.19133759	0.04901359
18.21517944	0.08016355
18.23902130	0.05577729
18.26286316	0.07897581
18.28670502	0.06685121
18.31054688	0.05489353
18.33438873	0.04054492
18.35823059	0.04994757
18.38207245	0.08072597
18.40591431	0.05569961
18.42975616	0.07812851
18.45359802	0.05827038
18.47743988	0.02058582
18.50128174	0.09079770
18.52512360	0.10100540
18.54896545	0.08771753
18.57280731	0.05587839
18.59664917	0.07729507
18.62049103	0.06252959
18.64433289	0.06036917
18.66817474	0.35201360
18.69201660	0.46379200
18.71585846	0.23397970
18.73970032	0.06811889
18.76354218	0.07712227
18.78738403	0.06622223
18.81122589	0.07846210
18.83506775	0.18961940
18.85890961	0.27354040
18.88275146	0.14912340
18.90659332	0.01116116
18.93043518	0.07574041
18.95427704	0.06755331
18.97811890	0.06519384
19.00196075	0.08454031
19.02580261	0.07892386
19.04964447	0.06024146
19.07348633	0.02000380
19.09732819	0.07383566
19.12117004	0.06837086
19.14501190	0.06406423
19.16885376	0.07749872
19.19269562	0.02731468
19.21653748	0.05262589
19.24037933	0.07287010
19.26422119	0.08158179
19.28806305	0.06966963
19.31190491	0.06330699
19.33574677	0.07865323
19.35958862	0.02318810
19.38343048	0.11310590
19.40727234	0.23947860
19.43111420	0.18445320
19.45495605	0.08420940
19.47879791	0.06184166
19.50263977	0.07987893
19.52648163	0.06506486
19.55032349	0.24776250
19.57416534	0.55920560
19.59800720	0.47874220
19.62184906	0.11194000
19.64569092	0.05493509
19.66953278	0.07932563
19.69337463	0.05503745
19.71721649	0.08595675
19.74105835	0.10645840
19.76490021	0.10291700
19.78874207	0.03105596
19.81258392	0.05078019
19.83642578	0.08003324
19.86026764	0.05519933
19.88410950	0.07960262
19.90795135	0.05723570
19.93179321	0.03937958
19.95563507	0.05191384
19.97947693	0.06018921
20.00331879	0.08110061
20.02716064	0.05493408
20.05100250	0.07923889
20.07484436	0.05611528
20.09868622	0.02772965
20.12252808	0.13117600
20.14636993	0.14592440
20.17021179	0.09855606
20.19405365	0.05528482
20.21789551	0.07504448
20.24173737	0.05003268
20.26557922	1.07745800
20.28942108	4.75504400
20.31326294	6.25754200
20.33710480	2.89602200
20.36094666	0.33484750
20.38478851	0.08045078
20.40863037	0.06276143
20.43247223	0.07033392
20.45631409	0.12675650
20.48015594	0.16559010
20.50399780	0.09245481
20.52783966	0.01647677
20.55168152	0.07635061
20.57552338	0.06624117
20.59936523	0.06636930
20.62320709	0.07843340
20.64704895	0.05377867
20.67089081	0.05092953
20.69473267	0.03400875
20.71857452	0.07566297
20.74241638	0.06681135
20.76625824	0.06568954
20.79010010	0.07642622
20.81394196	0.01836319
20.83778381	0.06665833
20.86162567	0.10598810
20.88546753	0.09458601
20.90930939	0.06890401
20.93315125	0.06493817
20.95699310	0.07780963
20.98083496	0.01240894
21.00467682	0.23123270
21.02851868	0.49041850
21.05236053	0.36226080
21.07620239	0.11626620
21.10004425	0.06352422
21.12388611	0.07896131
21.14772797	0.05750930
21.17156982	0.13218130
21.19541168	0.25197490
21.21925354	0.21626440
21.24309540	0.04460092
21.26693726	0.05746079
21.29077911	0.07886870
21.31462097	0.05518613
21.33846283	0.08262292
21.36230469	0.07859116
21.38614655	0.07304963
21.40998840	0.02894520
21.43383026	0.05379766
21.45767212	0.07949205
21.48151398	0.05519271
21.50535583	0.08003729
21.52919769	0.05151093
21.55303955	0.03175395
21.57688141	0.07112159
21.60072327	0.07654250
21.62456512	0.08166432
21.64840698	0.05509309
21.67224884	0.07949597
21.69609070	0.05486870
21.71993256	0.04796734
21.74377441	0.20875830
21.76761627	0.23241930
21.79145813	0.12186110
21.81529999	0.05647509
21.83914185	0.07971743
21.86298370	0.06241595
21.88682556	0.13404580
21.91066742	0.42271820
21.93450928	0.54879670
21.95835114	0.24441300
21.98219299	0.01524861
22.00603485	0.07860914
22.02987671	0.06351059
22.05371857	0.07087114
22.07756042	0.09731887
22.10140228	0.11073660
22.12524414	0.06525363
22.14908600	0.02084665
22.17292786	0.07768818
22.19676971	0.06416052
22.22061157	0.06812610
22.24445343	0.07475180
22.26829529	0.03518566
22.29213715	0.05063497
22.31597900	0.05227715
22.33982086	0.07839000
22.36366272	0.06567039
22.38750458	0.06659837
22.41134644	0.07620876
22.43518829	0.01216293
22.45903015	0.09335234
22.48287201	0.15769930
22.50671387	0.11792590
22.53055573	0.07267806
22.55439758	0.07156595
22.57823944	0.07320273
22.60208130	0.75917700
22.62592316	7.14792800
22.64976501	14.74663000
22.67360687	10.68794000
22.69744873	2.34878600
22.72129059	0.08309484
22.74513245	0.08494792
22.76897430	0.05823193
22.79281616	0.09925321
22.81665802	0.15529870
22.84049988	0.13379240
22.86434174	0.02492644
22.88818359	0.05970611
22.91202545	0.07742841
22.93586731	0.05624794
22.95970917	0.08101461
22.98355103	0.06092712
23.00739288	0.05330726
23.03123474	0.03718952
23.05507660	0.05889372
23.07891846	0.07872380
23.10276031	0.05537950
23.12660217	0.08059499
23.15044403	0.04788468
23.17428589	0.03393713
23.19812775	0.10055940
23.22196960	0.10162630
23.24581146	0.08416914
23.26965332	0.05507282
23.29349518	0.07989159
23.31733704	0.05221301
23.34117889	0.10949520
23.36502075	0.43443220
23.38886261	0.48389230
23.41270447	0.20936960
23.43654633	0.06143551
23.46038818	0.08043784
23.48423004	0.06060446
23.50807190	0.08963367
23.53191376	0.20143250
23.55575562	0.25323720
23.57959747	0.11223680
23.60343933	0.02674639
23.62728119	0.07937186
23.65112305	0.06197199
23.67496490	0.07123484
23.69880676	0.08220164
23.72264862	0.07606183
23.74649048	0.05146003
23.77033234	0.02855958
23.79417419	0.07840613
23.81801605	0.06272486
23.84185791	0.06973516
23.86569977	0.07240403
23.88954163	0.02024182
23.91338348	0.06053411
23.93722534	0.07564621
23.96106720	0.08388527
23.98490906	0.06373134
24.00875092	0.06894706
24.03259277	0.07442591
24.05643463	0.00811620
24.08027649	0.14785590
24.10411835	0.25598650
24.12796021	0.17302620
24.15180206	0.07390080
24.17564392	0.06780976
24.19948578	0.07591884
24.22332764	0.07410086
24.24716949	0.27347530
24.27101135	0.52637520
24.29485321	0.38009550
24.31869507	0.05888675
24.34253693	0.06462207
24.36637878	0.07655423
24.39022064	0.05627610
24.41406250	0.08982825
24.43790436	0.10544780
24.46174622	0.09257506
24.48558807	0.01674299
24.50942993	0.06014058
24.53327179	0.07774304
24.55711365	0.05629801
24.58095551	0.08032136
24.60479736	0.04918091
24.62863922	0.04366875
24.65248108	0.05091711
24.67632294	0.06879473
24.70016479	0.07618050
24.72400665	0.05951397
24.74784851	0.07724720
24.77169037	0.04941374
24.79553223	0.04935152
24.81937408	0.14872320
24.84321594	0.14747640
24.86705780	0.07965873
24.89089966	0.06736340
24.91474152	0.12447640
24.93858337	0.40698750
24.96242523	10.93957000
24.98626709	37.39117000
25.01010895	41.60377000
25.03395081	15.81579000
25.05779266	1.01516300
25.08163452	0.05714344
25.10547638	0.08679670
25.12931824	0.09900114
25.15316010	0.12857890
25.17700195	0.15585080
25.20084381	0.07029034
25.22468567	0.02778046
25.24852753	0.08358185
25.27236938	0.05691204
25.29621124	0.07467026
25.32005310	0.07170327
25.34389496	0.05348020
25.36773682	0.04628329
25.39157867	0.03967765
25.41542053	0.08021040
25.43926239	0.06092070
25.46310425	0.07078742
25.48694611	0.07134135
25.51078796	0.00810006
25.53462982	0.07966030
25.55847168	0.10975330
25.58231354	0.09324321
25.60615540	0.06293460
25.62999725	0.07027514
25.65383911	0.07350638
25.67768097	0.01839736
25.70152283	0.31476610
25.72536469	0.54905890
25.74920654	0.34627950
25.77304840	0.09800782
25.79689026	0.06935854
25.82073212	0.07459138
25.84457397	0.06262789
25.86841583	0.14577420
25.89225769	0.24871270
25.91609955	0.18080340
25.93994141	0.02009448
25.96378326	0.06629977
25.98762512	0.07522454
26.01146698	0.05747651
26.03530884	0.08408155
26.05915070	0.07547799
26.08299255	0.06713049
26.10683441	0.02231541
26.13067627	0.06306183
26.15451813	0.07613717
26.17835999	0.05703847
26.20220184	0.08082415
26.22604370	0.04098970
26.24988556	0.04058724
26.27372742	0.07551672
26.29756927	0.08004054
26.32141113	0.07800297
26.34525299	0.05665325
26.36909485	0.08074732
26.39293671	0.04366768
26.41677856	0.07713792
26.44062042	0.23962580
26.46446228	0.22886340
26.48830414	0.10892500
26.51214600	0.05628962
26.53598785	0.08146928
26.55982971	0.05896320
26.58367157	0.15677060
26.60751343	0.42703960
26.63135529	0.47241040
26.65519714	0.16802580
26.67903900	0.03496934
26.70288086	0.08045977
26.72672272	0.05851230
26.75056458	0.07711444
26.77440643	0.09779791
26.79824829	0.10504040
26.82209015	0.05090027
26.84593201	0.03346109
26.86977386	0.08035576
26.89361572	0.05912888
26.91745758	0.07369419
26.94129944	0.06830864
26.96514130	0.03321319
26.98898315	0.05321255
27.01282501	0.05595379
27.03666687	0.08135510
27.06050873	0.05973794
27.08435059	0.07280505
27.10819244	0.06942380
27.13203430	0.00329397
27.15587616	0.11477950
27.17971802	0.16281690
27.20355988	0.11335440
27.22740173	0.06225580
27.25124359	0.07156653
27.27508545	0.07199716
27.29892731	0.84100680
27.32276917	5.23446800
27.34661102	9.00027800
27.37045288	5.48718300
27.39429474	0.88075470
27.41813660	0.07032715
27.44197845	0.07278609
27.46582031	0.06048098
27.48966217	0.10794910
27.51350403	0.15403290
27.53734589	0.11414860
27.56118774	0.00680011
27.58502960	0.06749257
27.60887146	0.07405116
27.63271332	0.05860459
27.65655518	0.08145324
27.68039703	0.05478228
27.70423889	0.05226468
27.72808075	0.03549443
27.75192261	0.06681800
27.77576447	0.07492703
27.79960632	0.05810190
27.82344818	0.08067842
27.84729004	0.03640860
27.87113190	0.04864200
27.89497375	0.10874710
27.91881561	0.10162090
27.94265747	0.07901164
27.96649933	0.05754736
27.99034119	0.08052377
28.01418304	0.03812693
28.03802490	0.17513990
28.06186676	0.52469830
28.08570862	0.49617260
28.10955048	0.18372510
28.13339233	0.05940367
28.15723419	0.08161259
28.18107605	0.05667043
28.20491791	0.10138980
28.22875977	0.21001760
28.25260162	0.22887040
28.27644348	0.07955205
28.30028534	0.04048219
28.32412720	0.08077393
28.34796906	0.05745781
28.37181091	0.07664872
28.39565277	0.07884738
28.41949463	0.07277441
28.44333649	0.04268660
28.46717834	0.03888119
28.49102020	0.08062361
28.51486206	0.05796010
28.53870392	0.07498217
28.56254578	0.06511710
28.58638763	0.01967067
28.61022949	0.06799887
28.63407135	0.07834500
28.65791321	0.08468860
28.68175507	0.05850907
28.70559692	0.07414323
28.72943878	0.06819809
28.75328064	0.01653940
28.77712250	0.18514700
28.80096436	0.26770740
28.82480621	0.15937090
28.84864807	0.06524885
28.87248993	0.07344764
28.89633179	0.07069642
28.92017365	0.08705015
28.94401550	0.29603570
28.96785736	0.48716180
28.99169922	0.29438950
29.01554108	0.02120072
29.03938293	0.07187752
29.06322479	0.07181788
29.08706665	0.06104450
29.11090851	0.09152544
29.13475037	0.10424290
29.15859222	0.08023055
29.18243408	0.00906589
29.20627594	0.06891192
29.23011780	0.07267153
29.25395966	0.06000236
29.27780151	0.07996868
29.30164337	0.04029496
29.32548523	0.04650270
29.34932709	0.05390029
29.37316895	0.07314445
29.39701080	0.07346314
29.42085266	0.05975958
29.44469452	0.07998256
29.46853638	0.03391263
29.49237823	0.06843025
29.51622009	0.16215920
29.54006195	0.14035020
29.56390381	0.08102526
29.58774567	0.05713445
29.61158752	0.08499611
29.63542938	0.14422120
29.65927124	1.64943100
29.68311310	4.53177500
29.70695496	4.26995900
29.73079681	1.30346800
29.75463867	0.01707320
29.77848053	0.07682797
29.80232239	0.05679761
29.82616425	0.08885074
29.85000610	0.13517550
29.87384796	0.14322150
29.89768982	0.04997791
29.92153168	0.04235605
29.94537354	0.08126814
29.96921539	0.05612021
29.99305725	0.07742923
30.01689911	0.06718677
30.04074097	0.05046089
30.06458282	0.04428572
30.08842468	0.04761466
30.11226654	0.08108567
30.13610840	0.05690229
30.15995026	0.07613213
30.18379211	0.06305318
30.20763397	0.01388581
30.23147583	0.09312738
30.25531769	0.11119570
30.27915955	0.09147016
30.30300140	0.05757616
30.32684326	0.07531027
30.35068512	0.06679327
30.37452698	0.05818935
30.39836884	0.41536260
30.42221069	0.60467840
30.44605255	0.32487490
30.46989441	0.08246061
30.49373627	0.07483814
30.51757813	0.06913048
30.54141998	0.07026171
30.56526184	0.15855230
30.58910370	0.24002890
30.61294556	0.14640140
30.63678741	0.00572459
30.66062927	0.07305760
30.68447113	0.07027236
30.70831299	0.06224904
30.73215485	0.08348927
30.75599670	0.07256305
30.77983856	0.06055666
30.80368042	0.02125180
30.82752228	0.07078565
30.85136414	0.07115316
30.87520599	0.06139319
30.89904785	0.07919727
30.92288971	0.03021877
30.94673157	0.05008632
30.97057343	0.07927421
30.99441528	0.08312743
31.01825714	0.07279725
31.04209900	0.06073168
31.06594086	0.07990752
31.08978271	0.03025865
31.11362457	0.11131290
31.13746643	0.26804550
31.16130829	0.22086420
31.18515015	0.09609099
31.20899200	0.05946147
31.23283386	0.08090427
31.25667572	0.05915910
31.28051758	0.18008170
31.30435944	0.42369010
31.32820129	0.39867110
31.35204315	0.10828650
31.37588501	0.04938635
31.39972687	0.08027897
31.42356873	0.05543590
31.44741058	0.08236462
31.47125244	0.09751309
31.49509430	0.09782682
31.51893616	0.03688779
31.54277802	0.04520607
31.56661987	0.08076435
31.59046173	0.05581687
31.61430359	0.07798728
31.63814545	0.06041411
31.66198730	0.03451460
31.68582916	0.05525168
31.70967102	0.06117347
31.73351288	0.08170644
31.75735474	0.05620485
31.78119659	0.07711548
31.80503845	0.06154839
31.82888031	0.02104837
31.85272217	0.13604580
31.87656403	0.16481030
31.90040588	0.10595890
31.92424774	0.05766331
31.94808960	0.07796464
31.97193146	0.06822968
31.99577332	0.51130060
32.01961517	2.37112400
32.04345703	3.42826200
32.06729889	1.74322500
32.09114075	0.17593700
32.11498260	0.07544868
32.13882446	0.06866914
32.16266632	0.06765684
32.18650818	0.11292000
32.21035004	0.15016250
32.23419189	0.09415302
32.25803375	0.00892375
32.28187561	0.07427515
32.30571747	0.06855296
32.32955933	0.06383634
32.35340118	0.07916511
32.37724304	0.05018935
32.40108490	0.05070078
32.42492676	0.03670799
32.44876862	0.07348692
32.47261047	0.06961598
32.49645233	0.06287242
32.52029419	0.07854265
32.54413605	0.02382363
32.56797791	0.06382409
32.59181976	0.11534630
32.61566162	0.10077320
32.63950348	0.07278094
32.66334534	0.06223387
32.68718719	0.07918553
32.71102905	0.01802513
32.73487091	0.26181430
32.75871277	0.62249790
32.78255463	0.50070320
32.80639648	0.15819940
32.83023834	0.06158615
32.85408020	0.08042710
32.87792206	0.05581231
32.90176392	0.11321940
32.92560577	0.21477610
32.94944763	0.20161760
32.97328949	0.05123457
32.99713135	0.05213599
33.02097321	0.08001225
33.04481506	0.05521071
33.06865692	0.08066001
33.09249878	0.07494689
33.11634064	0.06900428
33.14018250	0.03442243
33.16402435	0.04930802
33.18786621	0.08043566
33.21170807	0.05538533
33.23554993	0.07882636
33.25939178	0.05610380
33.28323364	0.02600577
33.30707550	0.07478918
33.33091736	0.08106355
33.35475922	0.08359828
33.37860107	0.05546468
33.40244293	0.07813132
33.42628479	0.05993416
33.45012665	0.04120035
33.47396851	0.22418610
33.49781036	0.27381060
33.52165222	0.14447410
33.54549408	0.05907166
33.56933594	0.07806185
33.59317780	0.06485322
33.61701965	0.10284710
33.64086151	0.31418530
33.66470337	0.44266610
33.68854523	0.22091540
33.71238708	0.00975322
33.73622894	0.07689795
33.76007080	0.06630416
33.78391266	0.06713413
33.80775452	0.09220544
33.83159637	0.10148210
33.85543823	0.06763491
33.87928009	0.01614401
33.90312195	0.07521029
33.92696381	0.06707630
33.95080566	0.06536682
33.97464752	0.07673317
33.99848938	0.03331847
34.02233124	0.05047512
34.04617310	0.05621026
34.07001495	0.07791527
34.09385681	0.06797679
34.11769867	0.06467385
34.14154053	0.07758471
34.16538239	0.01995060
34.18922424	0.09118789
34.21306610	0.17366340
34.23690796	0.13435540
34.26074982	0.07391042
34.28459167	0.06249408
34.30843353	0.08013234
34.33227539	0.14581670
34.35611725	1.12692200
34.37995911	2.54473900
34.40380096	2.02806800
34.42764282	0.47848630
34.45148468	0.05259143
34.47532654	0.07753804
34.49916840	0.05511212
34.52301025	0.09427398
34.54685211	0.13764500
34.57069397	0.12848540
34.59453583	0.03119379
34.61837769	0.05365866
34.64221954	0.07970006
34.66606140	0.05499165
34.68990326	0.08043114
34.71374512	0.06048594
34.73758698	0.04977373
34.76142883	0.04178087
34.78527069	0.05598472
34.80911255	0.08016653
34.83295441	0.05514633
34.85679626	0.07953740
34.88063812	0.05343046
34.90447998	0.02785196
34.92832184	0.10523220
34.95216370	0.11168730
34.97600555	0.08803327
34.99984741	0.05510879
35.02368927	0.07869976
35.04753113	0.05751839
35.07137299	0.11631160
35.09521484	0.53561970
35.11905670	0.65651040
35.14289856	0.29935690
35.16674042	0.07072312
35.19058228	0.07915042
35.21442413	0.06319764
35.23826599	0.07958653
35.26210785	0.16962870
35.28594971	0.22658710
35.30979156	0.11388100
35.33363342	0.01957965
35.35747528	0.07778877
35.38131714	0.06466912
35.40515900	0.06812632
35.42900085	0.08119505
35.45284271	0.06979383
35.47668457	0.05351211
35.50052643	0.02659791
35.52436829	0.07646126
35.54821014	0.06545500
35.57205200	0.06696107
35.59589386	0.07518311
35.61973572	0.02045205
35.64357758	0.05967582
35.66741943	0.08240857
35.69126129	0.08536315
35.71510315	0.06675905
35.73894501	0.06616334
35.76278687	0.07686667
35.78662872	0.01455096
35.81047058	0.15053290
35.83431244	0.29264800
35.85815430	0.20903150
35.88199615	0.08382814
35.90583801	0.06476002
35.92967987	0.07811205
35.95352173	0.06382268
35.97736359	0.20297320
36.00120544	0.41251050
36.02504730	0.32884480
36.04888916	0.06229040
36.07273102	0.06021049
36.09657288	0.07811972
36.12041473	0.05539485
36.14425659	0.08609717
36.16809845	0.09662434
36.19194031	0.08919434
36.21578217	0.02388630
36.23962402	0.05584049
36.26346588	0.07888285
36.28730774	0.05534669
36.31114960	0.08045168
36.33499146	0.05144123
36.35883331	0.03822846
36.38267517	0.05722354
36.40651703	0.06686218
36.43035889	0.07992823
36.45420074	0.05534663
36.47804260	0.07992201
36.50188446	0.05171865
36.52572632	0.04094479
36.54956818	0.15637940
36.57341003	0.16376210
36.59725189	0.09808446
36.62109375	0.05530307
36.64493561	0.08143574
36.66877747	0.06727321
36.69261932	0.45889660
36.71646118	1.67407300
36.74030304	2.04595900
36.76414490	0.85592350
36.78798676	0.03008059
36.81182861	0.07830007
36.83567047	0.06285417
36.85951233	0.07504587
36.88335419	0.11736990
36.90719604	0.14345010
36.93103790	0.07441587
36.95487976	0.02327732
36.97872162	0.07871874
37.00256348	0.06289090
37.02640533	0.06965259
37.05024719	0.07489768
37.07408905	0.04698920
37.09793091	0.04909155
37.12177277	0.04069133
37.14561462	0.07823846
37.16945648	0.06384118
37.19329834	0.06853264
37.21714020	0.07401253
37.24098206	0.01082193
37.26482391	0.07927806
37.28866577	0.12005220
37.31250763	0.09914381
37.33634949	0.06607047
37.36019135	0.06783847
37.38403320	0.07585201
37.40787506	0.01354287
37.43171692	0.37534410
37.45555878	0.72830070
37.47940063	0.49805250
37.50324249	0.13392830
37.52708435	0.06641813
37.55092621	0.07706822
37.57476807	0.05856235
37.59860992	0.12474650
37.62245178	0.21527030
37.64629364	0.17275560
37.67013550	0.02713110
37.69397736	0.06189172
37.71781921	0.07724985
37.74166107	0.05602527
37.76550293	0.08278994
37.78934479	0.07097601
37.81318665	0.06467824
37.83702850	0.02778103
37.86087036	0.05901187
37.88471222	0.07800768
37.90855408	0.05579432
37.93239594	0.08071367
37.95623779	0.04575958
37.98007965	0.03569014
38.00392151	0.08074169
38.02776337	0.08371042
38.05160522	0.08060503
38.07544708	0.05547154
38.09928894	0.08037627
38.12313080	0.04963203
38.14697266	0.07202010
38.17081451	0.26357350
38.19465637	0.27414350
38.21849823	0.12892190
38.24234009	0.05648359
38.26618195	0.08084936
38.29002380	0.05985386
38.31386566	0.12053260
38.33770752	0.32688340
38.36154938	0.39424000
38.38539124	0.15908920
38.40923309	0.02839322
38.43307495	0.07984634
38.45691681	0.06082395
38.48075867	0.07348137
38.50460052	0.09186667
38.52844238	0.09740741
38.55228424	0.05481020
38.57612610	0.02791354
38.59996796	0.07922171
38.62380981	0.06149819
38.64765167	0.07108051
38.67149353	0.07125647
38.69533539	0.02930740
38.71917725	0.05438364
38.74301910	0.05938117
38.76686096	0.08111963
38.79070282	0.06225965
38.81454468	0.07019915
38.83838654	0.07281162
38.86222839	0.00489194
38.88607025	0.11531880
38.90991211	0.18186660
38.93375397	0.12703770
38.95759583	0.06656935
38.98143768	0.06884903
39.00527954	0.07492401
39.02912140	0.16241000
39.05296326	0.94893640
39.07680511	1.78626700
39.10064697	1.19925000
39.12448883	0.20323370
39.14833069	0.06658923
39.17217255	0.07512289
39.19601440	0.05774282
39.21985626	0.09930333
39.24369812	0.13791930
39.26753998	0.11214770
39.29138184	0.01406514
39.31522369	0.06326942
39.33906555	0.07626776
39.36290741	0.05679638
39.38674927	0.08140767
39.41059113	0.05370831
39.43443298	0.04960233
39.45827484	0.04035789
39.48211670	0.06405736
39.50595856	0.07712483
39.52980042	0.05642930
39.55364227	0.08090302
39.57748413	0.04234191
39.60132599	0.04348453
39.62516785	0.11591010
39.64900970	0.11104580
39.67285156	0.08316874
39.69669342	0.05599857
39.72053528	0.08025595
39.74437714	0.04404134
39.76821899	0.19995760
39.79206085	0.67939710
39.81590271	0.70480840
39.83974457	0.27113170
39.86358643	0.06379808
39.88742828	0.08150040
39.91127014	0.05819657
39.93511200	0.08959512
39.95895386	0.17847470
39.98279572	0.20894630
40.00663757	0.08410426
40.03047943	0.03390890
40.05432129	0.08033258
40.07816315	0.05949241
40.10200500	0.07387992
40.12584686	0.07752716
40.14968872	0.06709714
40.17353058	0.04626780
40.19737244	0.03539280
40.22121429	0.07985289
40.24505615	0.06008181
40.26889801	0.07254429
40.29273987	0.06891354
40.31658173	0.01543740
40.34042358	0.06894571
40.36426544	0.08504500
40.38810730	0.08632141
40.41194916	0.06092686
40.43579102	0.07169133
40.45963287	0.07170292
40.48347473	0.01019566
40.50731659	0.19436900
40.53115845	0.31226260
40.55500031	0.19409730
40.57884216	0.07283560
40.60268402	0.07067843
40.62652588	0.07348450
40.65036774	0.07259333
40.67420959	0.22435050
40.69805145	0.39382520
40.72189331	0.26414890
40.74573517	0.02759262
40.76957703	0.06848035
40.79341888	0.07421260
40.81726074	0.05850356
40.84110260	0.08816943
40.86494446	0.09510468
40.88878632	0.07942005
40.91262817	0.01385806
40.93647003	0.06499621
40.96031189	0.07505991
40.98415375	0.05786917
41.00799561	0.08068790
41.03183746	0.04210875
41.05567932	0.04329105
41.07952118	0.05923111
41.10336304	0.07245742
41.12720490	0.07619084
41.15104675	0.05749354
41.17488861	0.08071706
41.19873047	0.04019858
41.22257233	0.06326447
41.24641418	0.17487660
41.27025604	0.15991420
41.29409790	0.08964261
41.31793976	0.05631414
41.34178162	0.08240771
41.36562347	0.07062847
41.38946533	0.45371620
41.41330719	1.34200700
41.43714905	1.38951700
41.46099091	0.46794550
41.48483276	0.02507949
41.50867462	0.07972214
41.53251648	0.05779348
41.55635834	0.08201551
41.58020020	0.12081670
41.60404205	0.13412040
41.62788391	0.05546377
41.65172577	0.03635649
41.67556763	0.08080553
41.69940948	0.05808976
41.72325134	0.07498551
41.74709320	0.06894886
41.77093506	0.04539461
41.79477692	0.04747461
41.81861877	0.04683705
41.84246063	0.08078569
41.86630249	0.05874780
41.89014435	0.07391447
41.91398621	0.06726184
41.93782806	0.00696422
41.96166992	0.09456087
41.98551178	0.12283770
42.00935364	0.09657697
42.03319550	0.05999505
42.05703735	0.07309391
42.08087921	0.07044364
42.10472107	0.06078922
42.12856293	0.52409830
42.15240479	0.84407520
42.17624664	0.48943750
42.20008850	0.11198740
42.22393036	0.07213573
42.24777222	0.07199607
42.27161407	0.06439764
42.29545593	0.13559840
42.31929779	0.21132240
42.34313965	0.14350950
42.36698151	0.00750050
42.39082336	0.06975616
42.41466522	0.07285602
42.43850708	0.05967962
42.46234894	0.08286616
42.48619080	0.06729610
42.51003265	0.05980977
42.53387451	0.02471662
42.55771637	0.06740978
42.58155823	0.07374103
42.60540009	0.05904520
42.62924194	0.08030840
42.65308380	0.03458023
42.67692566	0.04655803
42.70076752	0.08574787
42.72460938	0.08608084
42.74845123	0.07591554
42.77229309	0.05845702
42.79613495	0.08058666
42.81997681	0.03700763
42.84381866	0.10944590
42.86766052	0.30178530
42.89150238	0.26881400
42.91534424	0.11332480
42.93918610	0.05775837
42.96302795	0.08142950
42.98686981	0.05733790
43.01071167	0.13929520
43.03455353	0.33333200
43.05839539	0.34351210
43.08223724	0.10810860
43.10607910	0.04340244
43.12992096	0.08069780
43.15376282	0.05664380
43.17760468	0.07906659
43.20144653	0.09079199
43.22528839	0.09200790
43.24913025	0.04212890
43.27297211	0.03973671
43.29681396	0.08082748
43.32065582	0.05714247
43.34449768	0.07605188
43.36833954	0.06386758
43.39218140	0.02940015
43.41602325	0.05802627
43.43986511	0.06342407
43.46370697	0.08236358
43.48754883	0.05760340
43.51139069	0.07518546
43.53523254	0.06588896
43.55907440	0.01394841
43.58291626	0.14011090
43.60675812	0.18643810
43.63059998	0.11865120
43.65444183	0.06026844
43.67828369	0.07474761
43.70212555	0.06931183
43.72596741	0.18562200
43.74980927	0.85887130
43.77365112	1.36005400
43.79749298	0.76344580
43.82133484	0.07776888
43.84517670	0.07345976
43.86901855	0.07070035
43.89286041	0.06326271
43.91670227	0.10352460
43.94054413	0.13589190
43.96438599	0.09489512
43.98822784	0.00308436
44.01206970	0.07101054
44.03591156	0.07136662
44.05975342	0.06108958
44.08359528	0.08012366
44.10743713	0.04767523
44.13127899	0.04962371
44.15512085	0.04068097
44.17896271	0.07112150
44.20280457	0.07239573
44.22664642	0.06032493
44.25048828	0.07996338
44.27433014	0.03003256
44.29817200	0.06009491
44.32201385	0.12476700
44.34585571	0.10941440
44.36969757	0.07704502
44.39353943	0.05979948
44.41738129	0.07987600
44.44122314	0.02289187
44.46506500	0.32048820
44.48890686	0.85352150
44.51274872	0.75118840
44.53659058	0.24171570
44.56043243	0.06200921
44.58427429	0.08152428
44.60811615	0.05556000
44.63195801	0.09967801
44.65579987	0.18451780
44.67964172	0.18797000
44.70348358	0.05750323
44.72732544	0.04635569
44.75116730	0.08064972
44.77500916	0.05600322
44.79885101	0.07854370
44.82269287	0.07297821
44.84653473	0.06432498
44.87037659	0.03925052
44.89421844	0.04527147
44.91806030	0.08083802
44.94190216	0.05629824
44.96574402	0.07714793
44.98958588	0.06066657
45.01342773	0.01990391
45.03726959	0.07759196
45.06111145	0.08729479
45.08495331	0.08567026
45.10879517	0.05661343
45.13263702	0.07634605
45.15647888	0.06448750
45.18032074	0.03434652
45.20416260	0.24199370
45.22800446	0.32594210
45.25184631	0.17691190
45.27568817	0.06406598
45.29953003	0.07596286
45.32337189	0.06775095
45.34721375	0.08442613
45.37105560	0.24311900
45.39489746	0.36836670
45.41873932	0.20561160
45.44258118	0.00684150
45.46642303	0.07460599
45.49026489	0.06904604
45.51410675	0.06383386
45.53794861	0.08867116
45.56179047	0.09286057
45.58563232	0.06882641
45.60947418	0.01391344
45.63331604	0.07231521
45.65715790	0.06986966
45.68099976	0.06259988
45.70484161	0.07853416
45.72868347	0.03340626
45.75252533	0.04887940
45.77636719	0.06146478
45.80020905	0.07734223
45.82405090	0.07098083
45.84789276	0.06193366
45.87173462	0.07928950
45.89557648	0.02702756
45.91941833	0.08803262
45.94326019	0.19067130
45.96710205	0.15363720
45.99094391	0.08085951
46.01478577	0.06031301
46.03862762	0.08093359
46.06246948	0.07937787
46.08631134	0.46321370
46.11015320	1.13203000
46.13399506	0.99260010
46.15783691	0.25936690
46.18167877	0.04923178
46.20552063	0.07937262
46.22936249	0.05515455
46.25320435	0.08805139
46.27704620	0.12302930
46.30088806	0.12253250
46.32472992	0.03763295
46.34857178	0.04816299
46.37241364	0.08054936
46.39625549	0.05537716
46.42009735	0.07896280
46.44393921	0.06182789
46.46778107	0.04522360
46.49162292	0.04606619
46.51546478	0.05419171
46.53930664	0.08100115
46.56314850	0.05561340
46.58699036	0.07812622
46.61083221	0.05854897
46.63467407	0.02113634
46.65851593	0.10916410
46.68235779	0.12377540
46.70619965	0.09291417
46.73004150	0.05595667
46.75388336	0.07710838
46.77772522	0.06231392
46.80156708	0.13642700
46.82540894	0.72158860
46.84925079	0.97484760
46.87309265	0.47681510
46.89693451	0.09344742
46.92077637	0.07730567
46.94461823	0.06601989
46.96846008	0.07218999
46.99230194	0.14537620
47.01614380	0.20301030
47.03998566	0.11497670
47.06382751	0.01223315
47.08766937	0.07560606
47.11151123	0.06744778
47.13535309	0.06510282
47.15919495	0.08095859
47.18303680	0.06411517
47.20687866	0.05448544
47.23072052	0.02689235
47.25456238	0.07403570
47.27840424	0.06829114
47.30224609	0.06415768
47.32608795	0.07748853
47.34992981	0.02328138
47.37377167	0.05775355
47.39761353	0.08977391
47.42145538	0.08785779
47.44529724	0.07003906
47.46913910	0.06341847
47.49298096	0.07865722
47.51682281	0.02152187
47.54066467	0.15394090
47.56450653	0.33723020
47.58834839	0.25824130
47.61219025	0.09827610
47.63603210	0.06202075
47.65987396	0.07972602
47.68371582	0.05864409
47.70755768	0.15835800
47.73139954	0.33305500
47.75524139	0.29220540
47.77908325	0.06692769
47.80292511	0.05516947
47.82676697	0.07947508
47.85060883	0.05503258
47.87445068	0.08323685
47.89829254	0.08922014
47.92213440	0.08535206
47.94597626	0.03009130
47.96981812	0.05080530
47.99365997	0.08005989
48.01750183	0.05520080
48.04134369	0.07947858
48.06518555	0.05501527
48.08902740	0.03320705
48.11286926	0.06133315
48.13671112	0.06809933
48.16055298	0.08148227
48.18439484	0.05527821
48.20823669	0.07883973
48.23207855	0.05702083
48.25592041	0.03416423
48.27976227	0.16466950
48.30360413	0.18728000
48.32744598	0.10945240
48.35128784	0.05627051
48.37512970	0.07918024
48.39897156	0.06443536
48.42281342	0.21267190
48.44665527	0.79964690
48.47049713	1.07116300
48.49433899	0.49661450
48.51818085	0.01297431
48.54202271	0.07761505
48.56586456	0.06519039
48.58970642	0.07012527
48.61354828	0.10689430
48.63739014	0.13149030
48.66123199	0.07736563
48.68507385	0.01666979
48.70891571	0.07663973
48.73275757	0.06571434
48.75659943	0.06670801
48.78044128	0.07661462
48.80428314	0.04315123
