Частота	Канал A
(kГц)	(В)

0.00000000	0.32902850
0.02384186	0.13865160
0.04768372	0.02239895
0.07152557	0.00023257
0.09536743	0.00023093
0.11920929	0.00025528
0.14305115	0.00045812
0.16689301	0.00056155
0.19073486	0.00043447
0.21457672	0.00050888
0.23841858	0.00058970
0.26226044	0.00079971
0.28610229	0.00142039
0.30994415	0.00173300
0.33378601	0.00315041
0.35762787	0.00342801
0.38146973	0.00160730
0.40531158	0.00107816
0.42915344	0.00111620
0.45299530	0.00098499
0.47683716	0.00060875
0.50067902	0.00051860
0.52452087	0.00067287
0.54836273	0.00061060
0.57220459	0.00082832
0.59604645	0.00119100
0.61988831	0.00219250
0.64373016	0.00435202
0.66757202	0.00353558
0.69141388	0.00217989
0.71525574	0.00191315
0.73909760	0.00122143
0.76293945	0.00071893
0.78678131	0.00073549
0.81062317	0.00060029
0.83446503	0.00055252
0.85830688	0.00056552
0.88214874	0.00041595
0.90599060	0.00063041
0.92983246	0.00066362
0.95367432	0.02081349
0.97751617	0.11944120
1.00135803	0.18950700
1.02519989	0.10636350
1.04904175	0.01543052
1.07288361	0.00038585
1.09672546	0.00020209
1.12056732	0.00014356
1.14440918	0.00021304
1.16825104	0.00020460
1.19209290	0.00004155
1.21593475	0.00018130
1.23977661	0.00016488
1.26361847	0.00046719
1.28746033	0.00089693
1.31130219	0.00100415
1.33514404	0.00191452
1.35898590	0.00219166
1.38282776	0.00116266
1.40666962	0.00047073
1.43051147	0.00054491
1.45435333	0.00068893
1.47819519	0.00062802
1.50203705	0.00050129
1.52587891	0.00046796
1.54972076	0.00056076
1.57356262	0.00062093
1.59740448	0.00098709
1.62124634	0.00217729
1.64508820	0.00434021
1.66893005	0.00346107
1.69277191	0.00233810
1.71661377	0.00192730
1.74045563	0.00134407
1.76429749	0.00108507
1.78813934	0.00087161
1.81198120	0.00064400
1.83582306	0.00065008
1.85966492	0.00083905
1.88350677	0.00075345
1.90734863	0.00081744
1.93119049	0.00111768
1.95503235	0.02189968
1.97887421	0.11404750
2.00271606	0.17064370
2.02655792	0.09035176
2.05039978	0.01198845
2.07424164	0.00067139
2.09808350	0.00069999
2.12192535	0.00034922
2.14576721	0.00013932
2.16960907	0.00020711
2.19345093	0.00013085
2.21729279	0.00013244
2.24113464	0.00021067
2.26497650	0.00021970
2.28881836	0.00016436
2.31266022	0.00024395
2.33650208	0.00027293
2.36034393	0.00031872
2.38418579	0.00042742
2.40802765	0.00045823
2.43186951	0.00024674
2.45571136	0.00028699
2.47955322	0.00026378
2.50339508	0.00025973
2.52723694	0.00033596
2.55107880	0.00046484
2.57492065	0.00045171
2.59876251	0.00073796
2.62260437	0.00201754
2.64644623	0.00358942
2.67028809	0.00256472
2.69412994	0.00185204
2.71797180	0.00154273
2.74181366	0.00112446
2.76565552	0.00078509
2.78949738	0.00069249
2.81333923	0.00056225
2.83718109	0.00058462
2.86102295	0.00079838
2.88486481	0.00071938
2.90870667	0.00099948
2.93254852	0.00137909
2.95639038	0.02087087
2.98023224	0.10043990
3.00407410	0.14206050
3.02791595	0.07092098
3.05175781	0.00869884
3.07559967	0.00095983
3.09944153	0.00077851
3.12328339	0.00057324
3.14712524	0.00057441
3.17096710	0.00059570
3.19480896	0.00051195
3.21865082	0.00038642
3.24249268	0.00045280
3.26633453	0.00071771
3.29017639	0.00104257
3.31401825	0.00087119
3.33786011	0.00139819
3.36170197	0.00148509
3.38554382	0.00046996
3.40938568	0.00023147
3.43322754	0.00019448
3.45706940	0.00011448
3.48091125	0.00009314
3.50475311	0.00011369
3.52859497	0.00011692
3.55243683	0.00033048
3.57627869	0.00050488
3.60012054	0.00057226
3.62396240	0.00103702
3.64780426	0.00201369
3.67164612	0.00140138
3.69548798	0.00112659
3.71932983	0.00104791
3.74317169	0.00061248
3.76701355	0.00035865
3.79085541	0.00063296
3.81469727	0.00065044
3.83853912	0.00052888
3.86238098	0.00041901
3.88622284	0.00061317
3.91006470	0.00114660
3.93390656	0.00143965
3.95774841	0.01803056
3.98159027	0.07986973
4.00543213	0.10669860
4.02927399	0.05004216
4.05311584	0.00547534
4.07695770	0.00102876
4.10079956	0.00096893
4.12464142	0.00068526
4.14848328	0.00062601
4.17232513	0.00055911
4.19616699	0.00051013
4.22000885	0.00050458
4.24385071	0.00064963
4.26769257	0.00098215
4.29153442	0.00154249
4.31537628	0.00157529
4.33921814	0.00291098
4.36306000	0.00271662
4.38690186	0.00126825
4.41074371	0.00081113
4.43458557	0.00038462
4.45842743	0.00034575
4.48226929	0.00050166
4.50611115	0.00043143
4.52995300	0.00029817
4.55379486	0.00016682
4.57763672	0.00005053
4.60147858	0.00019154
4.62532043	0.00023700
4.64916229	0.00014426
4.67300415	0.00025426
4.69684601	0.00037950
4.72068787	0.00034041
4.74452972	0.00033423
4.76837158	0.00016103
4.79221344	0.00026887
4.81605530	0.00039054
4.83989716	0.00051101
4.86373901	0.00064895
4.88758087	0.00045693
4.91142273	0.00054514
4.93526459	0.00101404
4.95910645	0.01354308
4.98294830	0.05536442
5.00679016	0.06982554
5.03063202	0.03086910
5.05447388	0.00309479
5.07831573	0.00074624
5.10215759	0.00085412
5.12599945	0.00071127
5.14984131	0.00083092
5.17368317	0.00083611
5.19752502	0.00060451
5.22136688	0.00076534
5.24520874	0.00104612
5.26905060	0.00141525
5.29289246	0.00218396
5.31673431	0.00215259
5.34057617	0.00368580
5.36441803	0.00337921
5.38825989	0.00147460
5.41210175	0.00090059
5.43594360	0.00060618
5.45978546	0.00043839
5.48362732	0.00066544
5.50746918	0.00063401
5.53131104	0.00036997
5.55515289	0.00033174
5.57899475	0.00055300
5.60283661	0.00085820
5.62667847	0.00140786
5.65052032	0.00204140
5.67436218	0.00130234
5.69820404	0.00071760
5.72204590	0.00040833
5.74588776	0.00008533
5.76972961	0.00003230
5.79357147	0.00009103
5.81741333	0.00012038
5.84125519	0.00018384
5.86509705	0.00023748
5.88893890	0.00013970
5.91278076	0.00012159
5.93662262	0.00047627
5.96046448	0.00727155
5.98430634	0.02831619
6.00814819	0.03402201
6.03199005	0.01428143
6.05583191	0.00167646
6.07967377	0.00082376
6.10351563	0.00052015
6.12735748	0.00027993
6.15119934	0.00036777
6.17504120	0.00059060
6.19888306	0.00067069
6.22272491	0.00066077
6.24656677	0.00077701
6.27040863	0.00121884
6.29425049	0.00211727
6.31809235	0.00227266
6.34193420	0.00407718
6.36577606	0.00355744
6.38961792	0.00160246
6.41345978	0.00087072
6.43730164	0.00081247
6.46114349	0.00085412
6.48498535	0.00078152
6.50882721	0.00070039
6.53266907	0.00067630
6.55651093	0.00053302
6.58035278	0.00082019
6.60419464	0.00134039
6.62803650	0.00265083
6.65187836	0.00381966
6.67572021	0.00223970
6.69956207	0.00152095
6.72340393	0.00107645
6.74724579	0.00056893
6.77108765	0.00037705
6.79492950	0.00036854
6.81877136	0.00030169
6.84261322	0.00021292
6.86645508	0.00027340
6.89029694	0.00031733
6.91413879	0.00014612
6.93798065	0.00007670
6.96182251	0.00115881
6.98566437	0.00367721
7.00950623	0.00403485
7.03334808	0.00155843
7.05718994	0.00044120
7.08103180	0.00039758
7.10487366	0.00049310
7.12871552	0.00041520
7.15255737	0.00020236
7.17639923	0.00029265
7.20024109	0.00016383
7.22408295	0.00022923
7.24792480	0.00063142
7.27176666	0.00124090
7.29560852	0.00197523
7.31945038	0.00202361
7.34329224	0.00342177
7.36713409	0.00272492
7.39097595	0.00111703
7.41481781	0.00089355
7.43865967	0.00084700
7.46250153	0.00071047
7.48634338	0.00068611
7.51018524	0.00077993
7.53402710	0.00085005
7.55786896	0.00065784
7.58171082	0.00063478
7.60555267	0.00130833
7.62939453	0.00314996
7.65323639	0.00459105
7.67707825	0.00264451
7.70092010	0.00201123
7.72476196	0.00122926
7.74860382	0.00085792
7.77244568	0.00071975
7.79628754	0.00064467
7.82012939	0.00041817
7.84397125	0.00038525
7.86781311	0.00048916
7.89165497	0.00054571
7.91549683	0.00057732
7.93933868	0.00061737
7.96318054	0.00518387
7.98702240	0.01710847
8.01086426	0.01837912
8.03470612	0.00676152
8.05854797	0.00048071
8.08238983	0.00014967
8.10623169	0.00006992
8.13007355	0.00010255
8.15391541	0.00021803
8.17775726	0.00031331
8.20159912	0.00024475
8.22544098	0.00004501
8.24928284	0.00032864
8.27312469	0.00064383
8.29696655	0.00101053
8.32080841	0.00123815
8.34465027	0.00231299
8.36849213	0.00177754
8.39233398	0.00064652
8.41617584	0.00040563
8.44001770	0.00055274
8.46385956	0.00066239
8.48770142	0.00072047
8.51154327	0.00055029
8.53538513	0.00057681
8.55922699	0.00078767
8.58306885	0.00082678
8.60691071	0.00136216
8.63075256	0.00357741
8.65459442	0.00483559
8.67843628	0.00247767
8.70227814	0.00197037
8.72612000	0.00112942
8.74996185	0.00093909
8.77380371	0.00090537
8.79764557	0.00083185
8.82148743	0.00075576
8.84532928	0.00071327
8.86917114	0.00065793
8.89301300	0.00076424
8.91685486	0.00099887
8.94069672	0.00131842
8.96453857	0.01021546
8.98838043	0.03129520
9.01222229	0.03174028
9.03606415	0.01109278
9.05990601	0.00137134
9.08374786	0.00067591
9.10758972	0.00052683
9.13143158	0.00036376
9.15527344	0.00017603
9.17911530	0.00014825
9.20295715	0.00032917
9.22679901	0.00035719
9.25064087	0.00022178
9.27448273	0.00007994
9.29832458	0.00015337
9.32216644	0.00039822
9.34600830	0.00061849
9.36985016	0.00049396
9.39369202	0.00028279
9.41753387	0.00022252
9.44137573	0.00021494
9.46521759	0.00026581
9.48905945	0.00042725
9.51290131	0.00037044
9.53674316	0.00023724
9.56058502	0.00038120
9.58442688	0.00060284
9.60826874	0.00110780
9.63211060	0.00292696
9.65595245	0.00400036
9.67979431	0.00226935
9.70363617	0.00181869
9.72747803	0.00115819
9.75131989	0.00083690
9.77516174	0.00060236
9.79900360	0.00068272
9.82284546	0.00061940
9.84668732	0.00057536
9.87052917	0.00063344
9.89437103	0.00081651
9.91821289	0.00128981
9.94205475	0.00181180
9.96589661	0.01341148
9.98973846	0.03826079
10.01358032	0.03674761
10.03742218	0.01204993
10.06126404	0.00125071
10.08510590	0.00059341
10.10894775	0.00061602
10.13278961	0.00059275
10.15663147	0.00053073
10.18047333	0.00046731
10.20431519	0.00045240
10.22815704	0.00051992
10.25199890	0.00072080
10.27584076	0.00083300
10.29968262	0.00087500
10.32352448	0.00083440
10.34736633	0.00120530
10.37120819	0.00074461
10.39505005	0.00029937
10.41889191	0.00020175
10.44273376	0.00011816
10.46657562	0.00005862
10.49041748	0.00006720
10.51425934	0.00023211
10.53810120	0.00012884
10.56194305	0.00023912
10.58578491	0.00046770
10.60962677	0.00071745
10.63346863	0.00178106
10.65731049	0.00238727
10.68115234	0.00139861
10.70499420	0.00141641
10.72883606	0.00099713
10.75267792	0.00048162
10.77651978	0.00042808
10.80036163	0.00054272
10.82420349	0.00042396
10.84804535	0.00033323
10.87188721	0.00050658
10.89572906	0.00067877
10.91957092	0.00096405
10.94341278	0.00169225
10.96725464	0.01385542
10.99109650	0.03704488
11.01493835	0.03342076
11.03878021	0.01002633
11.06262207	0.00144374
11.08646393	0.00092991
11.11030579	0.00078336
11.13414764	0.00068148
11.15798950	0.00066753
11.18183136	0.00059531
11.20567322	0.00064219
11.22951508	0.00080242
11.25335693	0.00076728
11.27719879	0.00101190
11.30104065	0.00175095
11.32488251	0.00180233
11.34872437	0.00274635
11.37256622	0.00175578
11.39640808	0.00079198
11.42024994	0.00058502
11.44409180	0.00035594
11.46793365	0.00000755
11.49177551	0.00029692
11.51561737	0.00035797
11.53945923	0.00013940
11.56330109	0.00008055
11.58714294	0.00006912
11.61098480	0.00009124
11.63482666	0.00024184
11.65866852	0.00028161
11.68251038	0.00027847
11.70635223	0.00036863
11.73019409	0.00026976
11.75403595	0.00014916
11.77787781	0.00011221
11.80171967	0.00032683
11.82556152	0.00036181
11.84940338	0.00022450
11.87324524	0.00024435
11.89708710	0.00045564
11.92092896	0.00082899
11.94477081	0.00145176
11.96861267	0.01190338
11.99245453	0.02987091
12.01629639	0.02573125
12.04013824	0.00754924
12.06398010	0.00118085
12.08782196	0.00084986
12.11166382	0.00067452
12.13550568	0.00053991
12.15934753	0.00051579
12.18318939	0.00041531
12.20703125	0.00067088
12.23087311	0.00100979
12.25471497	0.00122887
12.27855682	0.00162468
12.30239868	0.00229327
12.32624054	0.00241831
12.35008240	0.00363595
12.37392426	0.00228320
12.39776611	0.00127914
12.42160797	0.00098978
12.44544983	0.00057498
12.46929169	0.00031363
12.49313354	0.00028012
12.51697540	0.00045500
12.54081726	0.00063020
12.56465912	0.00057586
12.58850098	0.00047013
12.61234283	0.00051991
12.63618469	0.00162609
12.66002655	0.00196781
12.68386841	0.00098594
12.70771027	0.00060302
12.73155212	0.00031580
12.75539398	0.00009142
12.77923584	0.00013843
12.80307770	0.00021461
12.82691956	0.00028195
12.85076141	0.00041757
12.87460327	0.00032942
12.89844513	0.00019232
12.92228699	0.00050737
12.94612885	0.00101907
12.96997070	0.00770530
12.99381256	0.01793619
13.01765442	0.01455132
13.04149628	0.00399121
13.06533813	0.00092406
13.08917999	0.00073577
13.11302185	0.00069768
13.13686371	0.00063098
13.16070557	0.00052519
13.18454742	0.00051449
13.20838928	0.00055922
13.23223114	0.00063370
13.25607300	0.00092070
13.27991486	0.00170113
13.30375671	0.00244752
13.32759857	0.00267006
13.35144043	0.00408717
13.37528229	0.00252371
13.39912415	0.00118324
13.42296600	0.00086913
13.44680786	0.00058503
13.47064972	0.00060389
13.49449158	0.00054253
13.51833344	0.00043335
13.54217529	0.00052298
13.56601715	0.00087965
13.58985901	0.00097593
13.61370087	0.00125788
13.63754272	0.00323974
13.66138458	0.00346248
13.68522644	0.00161823
13.70906830	0.00127208
13.73291016	0.00064987
13.75675201	0.00050843
13.78059387	0.00027961
13.80443573	0.00018084
13.82827759	0.00031849
13.85211945	0.00033522
13.87596130	0.00016803
13.89980316	0.00016764
13.92364502	0.00028084
13.94748688	0.00013692
13.97132874	0.00212909
13.99517059	0.00438379
14.01901245	0.00331662
14.04285431	0.00087219
14.06669617	0.00049196
14.09053802	0.00050061
14.11437988	0.00037382
14.13822174	0.00023985
14.16206360	0.00041528
14.18590546	0.00059881
14.20974731	0.00065894
14.23358917	0.00068449
14.25743103	0.00090311
14.28127289	0.00141959
14.30511475	0.00197110
14.32895660	0.00257378
14.35279846	0.00365290
14.37664032	0.00221003
14.40048218	0.00118663
14.42432404	0.00098367
14.44816589	0.00061443
14.47200775	0.00067860
14.49584961	0.00080480
14.51969147	0.00071987
14.54353333	0.00082019
14.56737518	0.00101263
14.59121704	0.00130061
14.61505890	0.00205952
14.63890076	0.00448506
14.66274261	0.00443713
14.68658447	0.00200134
14.71042633	0.00174500
14.73426819	0.00113278
14.75811005	0.00087682
14.78195190	0.00061584
14.80579376	0.00063133
14.82963562	0.00068403
14.85347748	0.00052600
14.87731934	0.00053409
14.90116119	0.00051187
14.92500305	0.00055570
14.94884491	0.00082178
14.97268677	0.00413410
14.99652863	0.00865396
15.02037048	0.00617853
15.04421234	0.00131365
15.06805420	0.00008304
15.09189606	0.00022103
15.11573792	0.00014202
15.13957977	0.00015178
15.16342163	0.00023311
15.18726349	0.00019053
15.21110535	0.00013178
15.23494720	0.00032076
15.25878906	0.00042829
15.28263092	0.00081335
15.30647278	0.00119750
15.33031464	0.00172264
15.35415649	0.00230647
15.37799835	0.00132786
15.40184021	0.00092210
15.42568207	0.00082741
15.44952393	0.00055537
15.47336578	0.00040565
15.49720764	0.00062295
15.52104950	0.00077588
15.54489136	0.00067753
15.56873322	0.00078129
15.59257507	0.00127766
15.61641693	0.00231539
15.64025879	0.00475310
15.66410065	0.00451192
15.68794250	0.00241053
15.71178436	0.00209034
15.73562622	0.00126374
15.75946808	0.00077250
15.78330994	0.00076517
15.80715179	0.00080297
15.83099365	0.00064286
15.85483551	0.00068602
15.87867737	0.00061516
15.90251923	0.00054745
15.92636108	0.00081208
15.95020294	0.00168422
15.97404480	0.00948672
15.99788666	0.01864227
16.02172852	0.01278218
16.04557037	0.00284690
16.06941223	0.00059741
16.09325409	0.00035558
16.11709595	0.00040707
16.14093781	0.00023284
16.16477966	0.00010190
16.18862152	0.00015706
16.21246338	0.00007487
16.23630524	0.00014007
16.26014709	0.00032594
16.28398895	0.00033356
16.30783081	0.00039880
16.33167267	0.00062617
16.35551453	0.00076945
16.37935638	0.00058368
16.40319824	0.00022216
16.42704010	0.00016330
16.45088196	0.00037662
16.47472382	0.00049742
16.49856567	0.00046086
16.52240753	0.00034410
16.54624939	0.00032573
16.57009125	0.00044867
16.59393311	0.00080663
16.61777496	0.00189425
16.64161682	0.00432149
16.66545868	0.00398999
16.68930054	0.00207324
16.71314240	0.00176239
16.73698425	0.00108887
16.76082611	0.00099498
16.78466797	0.00075813
16.80850983	0.00058479
16.83235168	0.00081492
16.85619354	0.00090426
16.88003540	0.00099135
16.90387726	0.00108335
16.92771912	0.00136857
16.95156097	0.00244847
16.97540283	0.01316551
16.99924469	0.02425358
17.02308655	0.01584028
17.04692841	0.00343596
17.07077026	0.00080199
17.09461212	0.00061240
17.11845398	0.00082811
17.14229584	0.00090721
17.16613770	0.00075399
17.18997955	0.00048551
17.21382141	0.00037439
17.23766327	0.00060968
17.26150513	0.00074942
17.28534698	0.00083369
17.30918884	0.00081423
17.33303070	0.00066743
17.35687256	0.00077245
17.38071442	0.00042076
17.40455627	0.00020576
17.42839813	0.00019085
17.45223999	0.00013358
17.47608185	0.00025386
17.49992371	0.00027284
17.52376556	0.00023998
17.54760742	0.00026081
17.57144928	0.00022458
17.59529114	0.00036594
17.61913300	0.00122978
17.64297485	0.00287971
17.66681671	0.00255872
17.69065857	0.00141969
17.71450043	0.00125597
17.73834229	0.00104852
17.76218414	0.00082864
17.78602600	0.00061082
17.80986786	0.00053348
17.83370972	0.00055078
17.85755157	0.00046384
17.88139343	0.00058764
17.90523529	0.00088359
17.92907715	0.00136194
17.95291901	0.00259004
17.97676086	0.01416950
18.00060272	0.02459399
18.02444458	0.01506988
18.04828644	0.00311888
18.07212830	0.00115067
18.09597015	0.00078576
18.11981201	0.00049340
18.14365387	0.00062046
18.16749573	0.00057814
18.19133759	0.00052380
18.21517944	0.00055913
18.23902130	0.00060679
18.26286316	0.00086033
18.28670502	0.00143310
18.31054688	0.00161311
18.33438873	0.00197784
18.35823059	0.00233766
18.38207245	0.00118564
18.40591431	0.00048154
18.42975616	0.00026326
18.45359802	0.00040431
18.47743988	0.00041292
18.50128174	0.00030346
18.52512360	0.00023049
18.54896545	0.00019956
18.57280731	0.00008046
18.59664917	0.00010252
18.62049103	0.00028593
18.64433289	0.00082271
18.66817474	0.00079054
18.69201660	0.00073431
18.71585846	0.00064372
18.73970032	0.00052418
18.76354218	0.00031783
18.78738403	0.00010704
18.81122589	0.00019454
18.83506775	0.00020792
18.85890961	0.00033587
18.88275146	0.00061083
18.90659332	0.00079812
18.93043518	0.00089650
18.95427704	0.00233043
18.97811890	0.01273511
19.00196075	0.02070728
19.02580261	0.01204216
19.04964447	0.00246039
19.07348633	0.00094378
19.09732819	0.00082451
19.12117004	0.00081328
19.14501190	0.00068381
19.16885376	0.00067383
19.19269562	0.00074982
19.21653748	0.00073736
19.24037933	0.00072585
19.26422119	0.00110808
19.28806305	0.00205419
19.31190491	0.00214871
19.33574677	0.00279343
19.35958862	0.00314132
19.38343048	0.00152333
19.40727234	0.00073693
19.43111420	0.00052458
19.45495605	0.00062730
19.47879791	0.00065455
19.50263977	0.00058023
19.52648163	0.00048657
19.55032349	0.00032089
19.57416534	0.00031829
19.59800720	0.00035911
19.62184906	0.00088501
19.64569092	0.00164562
19.66953278	0.00123336
19.69337463	0.00035997
19.71721649	0.00026142
19.74105835	0.00010905
19.76490021	0.00002722
19.78874207	0.00014835
19.81258392	0.00028895
19.83642578	0.00024579
19.86026764	0.00033208
19.88410950	0.00040082
19.90795135	0.00044605
19.93179321	0.00056538
19.95563507	0.00179061
19.97947693	0.00884916
20.00331879	0.01343852
20.02716064	0.00739953
20.05100250	0.00156848
20.07484436	0.00071298
20.09868622	0.00059582
20.12252808	0.00074713
20.14636993	0.00079075
20.17021179	0.00061874
20.19405365	0.00061246
20.21789551	0.00066129
20.24173737	0.00077772
20.26557922	0.00131958
20.28942108	0.00226905
20.31326294	0.00226055
20.33710480	0.00305699
20.36094666	0.00328508
20.38478851	0.00160864
20.40863037	0.00109820
20.43247223	0.00082982
20.45631409	0.00067743
20.48015594	0.00057705
20.50399780	0.00056139
20.52783966	0.00070738
20.55168152	0.00081115
20.57552338	0.00085830
20.59936523	0.00105967
20.62320709	0.00205664
20.64704895	0.00378244
20.67089081	0.00275262
20.69473267	0.00123830
20.71857452	0.00090648
20.74241638	0.00044585
20.76625824	0.00023428
20.79010010	0.00030919
20.81394196	0.00030349
20.83778381	0.00016967
20.86162567	0.00008644
20.88546753	0.00009305
20.90930939	0.00017626
20.93315125	0.00023620
20.95699310	0.00064041
20.98083496	0.00297391
21.00467682	0.00434366
21.02851868	0.00234443
21.05236053	0.00051146
21.07620239	0.00042572
21.10004425	0.00041834
21.12388611	0.00040458
21.14772797	0.00033801
21.17156982	0.00042243
21.19541168	0.00048990
21.21925354	0.00046057
21.24309540	0.00058248
21.26693726	0.00111660
21.29077911	0.00206509
21.31462097	0.00200485
21.33846283	0.00294928
21.36230469	0.00308961
21.38614655	0.00164553
21.40998840	0.00114518
21.43383026	0.00101494
21.45767212	0.00088983
21.48151398	0.00067317
21.50535583	0.00047884
21.52919769	0.00062083
21.55303955	0.00071075
21.57688141	0.00091897
21.60072327	0.00134308
21.62456512	0.00296734
21.64840698	0.00530083
21.67224884	0.00368626
21.69609070	0.00174684
21.71993256	0.00115183
21.74377441	0.00077020
21.76761627	0.00076313
21.79145813	0.00065577
21.81529999	0.00041265
21.83914185	0.00048971
21.86298370	0.00066783
21.88682556	0.00063806
21.91066742	0.00063914
21.93450928	0.00059374
21.95835114	0.00082134
21.98219299	0.00329647
22.00603485	0.00471591
22.02987671	0.00240594
22.05371857	0.00044780
22.07756042	0.00017708
22.10140228	0.00016704
22.12524414	0.00009398
22.14908600	0.00024773
22.17292786	0.00016175
22.19676971	0.00027243
22.22061157	0.00038002
22.24445343	0.00020502
22.26829529	0.00059513
22.29213715	0.00139361
22.31597900	0.00142842
22.33982086	0.00230552
22.36366272	0.00224751
22.38750458	0.00116050
22.41134644	0.00070574
22.43518829	0.00059687
22.45903015	0.00062799
22.48287201	0.00060037
22.50671387	0.00067694
22.53055573	0.00078443
22.55439758	0.00084144
22.57823944	0.00100692
22.60208130	0.00144139
22.62592316	0.00345565
22.64976501	0.00578310
22.67360687	0.00369720
22.69744873	0.00187560
22.72129059	0.00142601
22.74513245	0.00095178
22.76897430	0.00087535
22.79281616	0.00082526
22.81665802	0.00063938
22.84049988	0.00059831
22.86434174	0.00050791
22.88818359	0.00049542
22.91202545	0.00071825
22.93586731	0.00103514
22.95970917	0.00232285
22.98355103	0.00897468
23.00739288	0.01173392
23.03123474	0.00549789
23.05507660	0.00101248
23.07891846	0.00040770
23.10276031	0.00024226
23.12660217	0.00032639
23.15044403	0.00040647
23.17428589	0.00032779
23.19812775	0.00019403
23.22196960	0.00009666
23.24581146	0.00012381
23.26965332	0.00015919
23.29349518	0.00028982
23.31733704	0.00048549
23.34117889	0.00095206
23.36502075	0.00087732
23.38886261	0.00057777
23.41270447	0.00050330
23.43654633	0.00032830
23.46038818	0.00027297
23.48423004	0.00041366
23.50807190	0.00043645
23.53191376	0.00060095
23.55575562	0.00069718
23.57959747	0.00082348
23.60343933	0.00100573
23.62728119	0.00301243
23.65112305	0.00515843
23.67496490	0.00314582
23.69880676	0.00199059
23.72264862	0.00150707
23.74649048	0.00093050
23.77033234	0.00078346
23.79417419	0.00091659
23.81801605	0.00097300
23.84185791	0.00088034
23.86569977	0.00072576
23.88954163	0.00082489
23.91338348	0.00116469
23.93722534	0.00145325
23.96106720	0.00347201
23.98490906	0.01288708
24.00875092	0.01581397
24.03259277	0.00700809
24.05643463	0.00140929
24.08027649	0.00074114
24.10411835	0.00071510
24.12796021	0.00056412
24.15180206	0.00028785
24.17564392	0.00037402
24.19948578	0.00042306
24.22332764	0.00042648
24.24716949	0.00039680
24.27101135	0.00048889
24.29485321	0.00073749
24.31869507	0.00055247
24.34253693	0.00063554
24.36637878	0.00061524
24.39022064	0.00024227
24.41406250	0.00013280
24.43790436	0.00007626
24.46174622	0.00000126
24.48558807	0.00008813
24.50942993	0.00011457
24.53327179	0.00027972
24.55711365	0.00037034
24.58095551	0.00049198
24.60479736	0.00068702
24.62863922	0.00200955
24.65248108	0.00340376
24.67632294	0.00203033
24.70016479	0.00138192
24.72400665	0.00093133
24.74784851	0.00059696
24.77169037	0.00041800
24.79553223	0.00048176
24.81937408	0.00062506
24.84321594	0.00060448
24.86705780	0.00058286
24.89089966	0.00061751
24.91474152	0.00088122
24.93858337	0.00139264
24.96242523	0.00399279
24.98626709	0.01426078
25.01010895	0.01642592
25.03395081	0.00675885
25.05779266	0.00151226
25.08163452	0.00090362
25.10547638	0.00078128
25.12931824	0.00070668
25.15316010	0.00062083
25.17700195	0.00055578
25.20084381	0.00050377
25.22468567	0.00045498
25.24852753	0.00044734
25.27236938	0.00101036
25.29621124	0.00184191
25.32005310	0.00154788
25.34389496	0.00193615
25.36773682	0.00162141
25.39157867	0.00070828
25.41542053	0.00048831
25.43926239	0.00027710
25.46310425	0.00015357
25.48694611	0.00013537
25.51078796	0.00010933
25.53462982	0.00007936
25.55847168	0.00010512
25.58231354	0.00003685
25.60615540	0.00015393
25.62999725	0.00081323
25.65383911	0.00137219
25.67768097	0.00088339
25.70152283	0.00079723
25.72536469	0.00069343
25.74920654	0.00048401
25.77304840	0.00051737
25.79689026	0.00054012
25.82073212	0.00052157
25.84457397	0.00048332
25.86841583	0.00064819
25.89225769	0.00055992
25.91609955	0.00057479
25.93994141	0.00121532
25.96378326	0.00373125
25.98762512	0.01309777
26.01146698	0.01437342
26.03530884	0.00559773
26.05915070	0.00137356
26.08299255	0.00101110
26.10683441	0.00080993
26.13067627	0.00075403
26.15451813	0.00056825
26.17835999	0.00045905
26.20220184	0.00071962
26.22604370	0.00085297
26.24988556	0.00094547
26.27372742	0.00123962
26.29756927	0.00214490
26.32141113	0.00206909
26.34525299	0.00312697
26.36909485	0.00245178
26.39293671	0.00111345
26.41677856	0.00054172
26.44062042	0.00046099
26.46446228	0.00048420
26.48830414	0.00041200
26.51214600	0.00035167
26.53598785	0.00029443
26.55982971	0.00032429
26.58367157	0.00046327
26.60751343	0.00053369
26.63135529	0.00100595
26.65519714	0.00144131
26.67903900	0.00087989
26.70288086	0.00035098
26.72672272	0.00022368
26.75056458	0.00017005
26.77440643	0.00026490
26.79824829	0.00031234
26.82209015	0.00029179
26.84593201	0.00031214
26.86977386	0.00026148
26.89361572	0.00043190
26.91745758	0.00059421
26.94129944	0.00089643
26.96514130	0.00297951
26.98898315	0.00928331
27.01282501	0.00960827
27.03666687	0.00363100
27.06050873	0.00116168
27.08435059	0.00082595
27.10819244	0.00070634
27.13203430	0.00057704
27.15587616	0.00045210
27.17971802	0.00052105
27.20355988	0.00082549
27.22740173	0.00100018
27.25124359	0.00105717
27.27508545	0.00149316
27.29892731	0.00252396
27.32276917	0.00216663
27.34661102	0.00325466
27.37045288	0.00244412
27.39429474	0.00123712
27.41813660	0.00093360
27.44197845	0.00066639
27.46582031	0.00064584
27.48966217	0.00070128
27.51350403	0.00050541
27.53734589	0.00042417
27.56118774	0.00066392
27.58502960	0.00086680
27.60887146	0.00118174
27.63271332	0.00282406
27.65655518	0.00374225
27.68039703	0.00178476
27.70423889	0.00108688
27.72808075	0.00068953
27.75192261	0.00049671
27.77576447	0.00039667
27.79960632	0.00029320
27.82344818	0.00028813
27.84729004	0.00028408
27.87113190	0.00024081
27.89497375	0.00020662
27.91881561	0.00025652
27.94265747	0.00023747
27.96649933	0.00144247
27.99034119	0.00400068
28.01418304	0.00391069
28.03802490	0.00144547
28.06186676	0.00038041
28.08570862	0.00037222
28.10955048	0.00029592
28.13339233	0.00034576
28.15723419	0.00046251
28.18107605	0.00055393
28.20491791	0.00059641
28.22875977	0.00057255
28.25260162	0.00069636
28.27644348	0.00117770
28.30028534	0.00199691
28.32412720	0.00208074
28.34796906	0.00326393
28.37181091	0.00226673
28.39565277	0.00119423
28.41949463	0.00097413
28.44333649	0.00087322
28.46717834	0.00070012
28.49102020	0.00065895
28.51486206	0.00066538
28.53870392	0.00069404
28.56254578	0.00088422
28.58638763	0.00121749
28.61022949	0.00164658
28.63407135	0.00412833
28.65791321	0.00552631
28.68175507	0.00273637
28.70559692	0.00160020
28.72943878	0.00098383
28.75328064	0.00066575
28.77712250	0.00069588
28.80096436	0.00054505
28.82480621	0.00027055
28.84864807	0.00035601
28.87248993	0.00046206
28.89633179	0.00036729
28.92017365	0.00044454
28.94401550	0.00053605
28.96785736	0.00084640
28.99169922	0.00238910
29.01554108	0.00219937
29.03938293	0.00071222
29.06322479	0.00025197
29.08706665	0.00029672
29.11090851	0.00022755
29.13475037	0.00016855
29.15859222	0.00011246
29.18243408	0.00017559
29.20627594	0.00033070
29.23011780	0.00044080
29.25395966	0.00069201
29.27780151	0.00118702
29.30164337	0.00173193
29.32548523	0.00160188
29.34932709	0.00245972
29.37316895	0.00176048
29.39701080	0.00103676
29.42085266	0.00084816
29.44469452	0.00072522
29.46853638	0.00053975
29.49237823	0.00047502
29.51622009	0.00056326
29.54006195	0.00054085
29.56390381	0.00077442
29.58774567	0.00113441
29.61158752	0.00203001
29.63542938	0.00512776
29.65927124	0.00612739
29.68311310	0.00281936
29.70695496	0.00183971
29.73079681	0.00113153
29.75463867	0.00079883
29.77848053	0.00077945
29.80232239	0.00076477
29.82616425	0.00067159
29.85000610	0.00061249
29.87384796	0.00042986
29.89768982	0.00053960
29.92153168	0.00074980
29.94537354	0.00108802
29.96921539	0.00320766
29.99305725	0.00807806
30.01689911	0.00694450
30.04074097	0.00204778
30.06458282	0.00050727
30.08842468	0.00035019
30.11226654	0.00040291
30.13610840	0.00036082
30.15995026	0.00026101
30.18379211	0.00014088
30.20763397	0.00008191
30.23147583	0.00013030
30.25531769	0.00007819
30.27915955	0.00020062
30.30300140	0.00048967
30.32684326	0.00064891
30.35068512	0.00102757
30.37452698	0.00057917
30.39836884	0.00036032
30.42221069	0.00056955
30.44605255	0.00055045
30.46989441	0.00050162
30.49373627	0.00053990
30.51757813	0.00049118
30.54141998	0.00045718
30.56526184	0.00072829
30.58910370	0.00095986
30.61294556	0.00193557
30.63678741	0.00508465
30.66062927	0.00586795
30.68447113	0.00265294
30.70831299	0.00180930
30.73215485	0.00111126
30.75599670	0.00098356
30.77983856	0.00075555
30.80368042	0.00062138
30.82752228	0.00060623
30.85136414	0.00046753
30.87520599	0.00053366
30.89904785	0.00082989
30.92288971	0.00120404
30.94673157	0.00167567
30.97057343	0.00492050
30.99441528	0.01204058
31.01825714	0.01000842
31.04209900	0.00289628
31.06594086	0.00060531
31.08978271	0.00039813
31.11362457	0.00050700
31.13746643	0.00047406
31.16130829	0.00035382
31.18515015	0.00047825
31.20899200	0.00039673
31.23283386	0.00027293
31.25667572	0.00037533
31.28051758	0.00040632
31.30435944	0.00060279
31.32820129	0.00046254
31.35204315	0.00029946
31.37588501	0.00021318
31.39972687	0.00014312
31.42356873	0.00007007
31.44741058	0.00013723
31.47125244	0.00026424
31.49509430	0.00025396
31.51893616	0.00027909
31.54277802	0.00050780
31.56661987	0.00046792
31.59046173	0.00052291
31.61430359	0.00131749
31.63814545	0.00359376
31.66198730	0.00390221
31.68582916	0.00175435
31.70967102	0.00142978
31.73351288	0.00104656
31.75735474	0.00084284
31.78119659	0.00078938
31.80503845	0.00074458
31.82888031	0.00069190
31.85272217	0.00057411
31.87656403	0.00077918
31.90040588	0.00087085
31.92424774	0.00118503
31.94808960	0.00196663
31.97193146	0.00599604
31.99577332	0.01334513
32.01961517	0.01047636
32.04345703	0.00307324
32.06729889	0.00110758
32.09114075	0.00087664
32.11498260	0.00079733
32.13882446	0.00069245
32.16266632	0.00075258
32.18650818	0.00067186
32.21035004	0.00050283
32.23419189	0.00053751
32.25803375	0.00096021
32.28187561	0.00143788
32.30571747	0.00168606
32.32955933	0.00144904
32.35340118	0.00188877
32.37724304	0.00117115
32.40108490	0.00051486
32.42492676	0.00014458
32.44876862	0.00011115
32.47261047	0.00009286
32.49645233	0.00001253
32.52029419	0.00012667
32.54413605	0.00010659
32.56797791	0.00001633
32.59181976	0.00020730
32.61566162	0.00058515
32.63950348	0.00165085
32.66334534	0.00178939
32.68718719	0.00098212
32.71102905	0.00078619
32.73487091	0.00050800
32.75871277	0.00035779
32.78255463	0.00042109
32.80639648	0.00042623
32.83023834	0.00062364
32.85408020	0.00072440
32.87792206	0.00060618
32.90176392	0.00066116
32.92560577	0.00085170
32.94944763	0.00148447
32.97328949	0.00603500
32.99713135	0.01247570
33.02097321	0.00911504
33.04481506	0.00254634
33.06865692	0.00108351
33.09249878	0.00078056
33.11634064	0.00080151
33.14018250	0.00068164
33.16402435	0.00056953
33.18786621	0.00064435
33.21170807	0.00079633
33.23554993	0.00080406
33.25939178	0.00086251
33.28323364	0.00168189
33.30707550	0.00236744
33.33091736	0.00232608
33.35475922	0.00294432
33.37860107	0.00162434
33.40244293	0.00092939
33.42628479	0.00074501
33.45012665	0.00056390
33.47396851	0.00051941
33.49781036	0.00054811
33.52165222	0.00032547
33.54549408	0.00013104
33.56933594	0.00026104
33.59317780	0.00042280
33.61701965	0.00060391
33.64086151	0.00108777
33.66470337	0.00107808
33.68854523	0.00045407
33.71238708	0.00017113
33.73622894	0.00016951
33.76007080	0.00024956
33.78391266	0.00006062
33.80775452	0.00022502
33.83159637	0.00032097
33.85543823	0.00027807
33.87928009	0.00025153
33.90312195	0.00044905
33.92696381	0.00072922
33.95080566	0.00111263
33.97464752	0.00441494
33.99848938	0.00900392
34.02233124	0.00652521
34.04617310	0.00206025
34.07001495	0.00107107
34.09385681	0.00078724
34.11769867	0.00076740
34.14154053	0.00052015
34.16538239	0.00052173
34.18922424	0.00079607
34.21306610	0.00090719
34.23690796	0.00099113
34.26074982	0.00124586
34.28459167	0.00212414
34.30843353	0.00267923
34.33227539	0.00262995
34.35611725	0.00329019
34.37995911	0.00188745
34.40380096	0.00101224
34.42764282	0.00066357
34.45148468	0.00072614
34.47532654	0.00079530
34.49916840	0.00059586
34.52301025	0.00052131
34.54685211	0.00056760
34.57069397	0.00066744
34.59453583	0.00099568
34.61837769	0.00185878
34.64221954	0.00367639
34.66606140	0.00333399
34.68990326	0.00110112
34.71374512	0.00065054
34.73758698	0.00053715
34.76142883	0.00047332
34.78527069	0.00036833
34.80911255	0.00022142
34.83295441	0.00013757
34.85679626	0.00008543
34.88063812	0.00009925
34.90447998	0.00008370
34.92832184	0.00013400
34.95216370	0.00038489
34.97600555	0.00231515
34.99984741	0.00429611
35.02368927	0.00297339
35.04753113	0.00096474
35.07137299	0.00042178
35.09521484	0.00046246
35.11905670	0.00058276
35.14289856	0.00043433
35.16674042	0.00028966
35.19058228	0.00043744
35.21442413	0.00056486
35.23826599	0.00077203
35.26210785	0.00131648
35.28594971	0.00217494
35.30979156	0.00252679
35.33363342	0.00253803
35.35747528	0.00307440
35.38131714	0.00168957
35.40515900	0.00121808
35.42900085	0.00107784
35.45284271	0.00080961
35.47668457	0.00055644
35.50052643	0.00041289
35.52436829	0.00039690
35.54821014	0.00071488
35.57205200	0.00101203
35.59589386	0.00120229
35.61973572	0.00273119
35.64357758	0.00584721
35.66741943	0.00504649
35.69126129	0.00185501
35.71510315	0.00132319
35.73894501	0.00088698
35.76278687	0.00061117
35.78662872	0.00042708
35.81047058	0.00056745
35.83431244	0.00058429
35.85815430	0.00046633
35.88199615	0.00030241
35.90583801	0.00013911
35.92967987	0.00028017
35.95352173	0.00034906
35.97736359	0.00059733
36.00120544	0.00119734
36.02504730	0.00078069
36.04888916	0.00020283
36.07273102	0.00017402
36.09657288	0.00010835
36.12041473	0.00018939
36.14425659	0.00025096
36.16809845	0.00029579
36.19194031	0.00031968
36.21578217	0.00030977
36.23962402	0.00029907
36.26346588	0.00066761
36.28730774	0.00156564
36.31114960	0.00175915
36.33499146	0.00203165
36.35883331	0.00243037
36.38267517	0.00124184
36.40651703	0.00082990
36.43035889	0.00077229
36.45420074	0.00076358
36.47804260	0.00076854
36.50188446	0.00073146
36.52572632	0.00067539
36.54956818	0.00076029
36.57341003	0.00094332
36.59725189	0.00118972
36.62109375	0.00314955
36.64493561	0.00696572
36.66877747	0.00573349
36.69261932	0.00190824
36.71646118	0.00143372
36.74030304	0.00089964
36.76414490	0.00067042
36.78798676	0.00079830
36.81182861	0.00068983
36.83567047	0.00052874
36.85951233	0.00057510
36.88335419	0.00079083
36.90719604	0.00094953
36.93103790	0.00114268
36.95487976	0.00143924
36.97872162	0.00369699
37.00256348	0.00622731
37.02640533	0.00377785
37.05024719	0.00086494
37.07408905	0.00047061
37.09793091	0.00033850
37.12177277	0.00008379
37.14561462	0.00007024
37.16945648	0.00011182
37.19329834	0.00012706
37.21714020	0.00011066
37.24098206	0.00004720
37.26482391	0.00026292
37.28866577	0.00072085
37.31250763	0.00081682
37.33634949	0.00104697
37.36019135	0.00118918
37.38403320	0.00088640
37.40787506	0.00069109
37.43171692	0.00049659
37.45555878	0.00036466
37.47940063	0.00058583
37.50324249	0.00065883
37.52708435	0.00062592
37.55092621	0.00082487
37.57476807	0.00093105
37.59860992	0.00121706
37.62245178	0.00319785
37.64629364	0.00665197
37.67013550	0.00527602
37.69397736	0.00215584
37.71781921	0.00178036
37.74166107	0.00121154
37.76550293	0.00078866
37.78934479	0.00058573
37.81318665	0.00054865
37.83702850	0.00059359
37.86087036	0.00070444
37.88471222	0.00088391
37.90855408	0.00106405
37.93239594	0.00129659
37.95623779	0.00170499
37.98007965	0.00625326
38.00392151	0.00975258
38.02776337	0.00542647
38.05160522	0.00131187
38.07544708	0.00054541
38.09928894	0.00047242
38.12313080	0.00039751
38.14697266	0.00045115
38.17081451	0.00041034
38.19465637	0.00023430
38.21849823	0.00031874
38.24234009	0.00032907
38.26618195	0.00025977
38.29002380	0.00042400
38.31386566	0.00044582
38.33770752	0.00017714
38.36154938	0.00013145
38.38539124	0.00006726
38.40923309	0.00016236
38.43307495	0.00014225
38.45691681	0.00012019
38.48075867	0.00023750
38.50460052	0.00043105
38.52844238	0.00050661
38.55228424	0.00033927
38.57612610	0.00048414
38.59996796	0.00085805
38.62380981	0.00245362
38.64765167	0.00500749
38.67149353	0.00367982
38.69533539	0.00163264
38.71917725	0.00129440
38.74301910	0.00106717
38.76686096	0.00084084
38.79070282	0.00072290
38.81454468	0.00063685
38.83838654	0.00067497
38.86222839	0.00069350
38.88607025	0.00068160
38.90991211	0.00111887
38.93375397	0.00166238
38.95759583	0.00243223
38.98143768	0.00781180
39.00527954	0.01138001
39.02912140	0.00616426
39.05296326	0.00155268
39.07680511	0.00087640
39.10064697	0.00095327
39.12448883	0.00087337
39.14833069	0.00068589
39.17217255	0.00042320
39.19601440	0.00042921
39.21985626	0.00057982
39.24369812	0.00074935
39.26753998	0.00084376
39.29138184	0.00144003
39.31522369	0.00141746
39.33906555	0.00119938
39.36290741	0.00135978
39.38674927	0.00059986
39.41059113	0.00024326
39.43443298	0.00013805
39.45827484	0.00007472
39.48211670	0.00011050
39.50595856	0.00020206
39.52980042	0.00027256
39.55364227	0.00036327
39.57748413	0.00040206
39.60132599	0.00032338
39.62516785	0.00119963
39.64900970	0.00238915
39.67285156	0.00170837
39.69669342	0.00085427
39.72053528	0.00062812
39.74437714	0.00036677
39.76821899	0.00049076
39.79206085	0.00068673
39.81590271	0.00056352
39.83974457	0.00043078
39.86358643	0.00063092
39.88742828	0.00080959
39.91127014	0.00100352
39.93511200	0.00130568
39.95895386	0.00220969
39.98279572	0.00763174
40.00663757	0.01051043
40.03047943	0.00531056
40.05432129	0.00134552
40.07816315	0.00080931
40.10200500	0.00097860
40.12584686	0.00084927
40.14968872	0.00056468
40.17353058	0.00041606
40.19737244	0.00044394
40.22121429	0.00060423
40.24505615	0.00090868
40.26889801	0.00131244
40.29273987	0.00218935
40.31658173	0.00218765
40.34042358	0.00245093
40.36426544	0.00237931
40.38810730	0.00115802
40.41194916	0.00069216
40.43579102	0.00043184
40.45963287	0.00029432
40.48347473	0.00033528
40.50731659	0.00028206
40.53115845	0.00027440
40.55500031	0.00028137
40.57884216	0.00030511
40.60268402	0.00040740
40.62652588	0.00050850
40.65036774	0.00072430
40.67420959	0.00053364
40.69805145	0.00015471
40.72189331	0.00007764
40.74573517	0.00018915
40.76957703	0.00020710
40.79341888	0.00033365
40.81726074	0.00040186
40.84110260	0.00040293
40.86494446	0.00040294
40.88878632	0.00056664
40.91262817	0.00076287
40.93647003	0.00088236
40.96031189	0.00147551
40.98415375	0.00596842
41.00799561	0.00782643
41.03183746	0.00378360
41.05567932	0.00120217
41.07952118	0.00099294
41.10336304	0.00086240
41.12720490	0.00068480
41.15104675	0.00072972
41.17488861	0.00076263
41.19873047	0.00062196
41.22257233	0.00067620
41.24641418	0.00114908
41.27025604	0.00176584
41.29409790	0.00286157
41.31793976	0.00261098
41.34178162	0.00293180
41.36562347	0.00280782
41.38946533	0.00148603
41.41330719	0.00099104
41.43714905	0.00072291
41.46099091	0.00057580
41.48483276	0.00057820
41.50867462	0.00053159
41.53251648	0.00058274
41.55635834	0.00058596
41.58020020	0.00059909
41.60404205	0.00085088
41.62788391	0.00256339
41.65172577	0.00421270
41.67556763	0.00261943
41.69940948	0.00080535
41.72325134	0.00040774
41.74709320	0.00016059
41.77093506	0.00023017
41.79477692	0.00024148
41.81861877	0.00020987
41.84246063	0.00015031
41.86630249	0.00006464
41.89014435	0.00007895
41.91398621	0.00030980
41.93782806	0.00065869
41.96166992	0.00113625
41.98551178	0.00324291
42.00935364	0.00398367
42.03319550	0.00189562
42.05703735	0.00083981
42.08087921	0.00064512
42.10472107	0.00039319
42.12856293	0.00046315
42.15240479	0.00069810
42.17624664	0.00060177
42.20008850	0.00050683
42.22393036	0.00055917
42.24777222	0.00079423
42.27161407	0.00136164
42.29545593	0.00254030
42.31929779	0.00237282
42.34313965	0.00289287
42.36698151	0.00263838
42.39082336	0.00141266
42.41466522	0.00096079
42.43850708	0.00083069
42.46234894	0.00076835
42.48619080	0.00079079
42.51003265	0.00070754
42.53387451	0.00061405
42.55771637	0.00065451
42.58155823	0.00098050
42.60540009	0.00138152
42.62924194	0.00405887
42.65308380	0.00665501
42.67692566	0.00395951
42.70076752	0.00168958
42.72460938	0.00111940
42.74845123	0.00056297
42.77229309	0.00036550
42.79613495	0.00049860
42.81997681	0.00061793
42.84381866	0.00054550
42.86766052	0.00032595
42.89150238	0.00024426
42.91534424	0.00036622
42.93918610	0.00028535
42.96302795	0.00014737
42.98686981	0.00014764
43.01071167	0.00032613
43.03455353	0.00012950
43.05839539	0.00002946
43.08223724	0.00008995
43.10607910	0.00017428
43.12992096	0.00023326
43.15376282	0.00011369
43.17760468	0.00040914
43.20144653	0.00037883
43.22528839	0.00017610
43.24913025	0.00045225
43.27297211	0.00118322
43.29681396	0.00211992
43.32065582	0.00184751
43.34449768	0.00247690
43.36833954	0.00206756
43.39218140	0.00108282
43.41602325	0.00076460
43.43986511	0.00061132
43.46370697	0.00055330
43.48754883	0.00067958
43.51139069	0.00072143
43.53523254	0.00062757
43.55907440	0.00091661
43.58291626	0.00128009
43.60675812	0.00182400
43.63059998	0.00512685
43.65444183	0.00790018
43.67828369	0.00424749
43.70212555	0.00170004
43.72596741	0.00119637
43.74980927	0.00092277
43.77365112	0.00098566
43.79749298	0.00076761
43.82133484	0.00057655
43.84517670	0.00062990
43.86901855	0.00043452
43.89286041	0.00047767
43.91670227	0.00088600
43.94054413	0.00113208
43.96438599	0.00149832
43.98822784	0.00397713
44.01206970	0.00430110
44.03591156	0.00169348
44.05975342	0.00042136
44.08359528	0.00029562
44.10743713	0.00022157
44.13127899	0.00021526
44.15512085	0.00025877
44.17896271	0.00022508
44.20280457	0.00019222
44.22664642	0.00018511
44.25048828	0.00014700
44.27433014	0.00060005
44.29817200	0.00103138
44.32201385	0.00094800
44.34585571	0.00147567
44.36969757	0.00116820
44.39353943	0.00071608
44.41738129	0.00059236
44.44122314	0.00050275
44.46506500	0.00048884
44.48890686	0.00053269
44.51274872	0.00063675
44.53659058	0.00080029
44.56043243	0.00080440
44.58427429	0.00080322
44.60811615	0.00154660
44.63195801	0.00543773
44.65579987	0.00801066
44.67964172	0.00424656
44.70348358	0.00189327
44.72732544	0.00133528
44.75116730	0.00093083
44.77500916	0.00066198
44.79885101	0.00060839
44.82269287	0.00063115
44.84653473	0.00064326
44.87037659	0.00064185
44.89421844	0.00063974
44.91806030	0.00070822
44.94190216	0.00124715
44.96574402	0.00231583
44.98958588	0.00676339
45.01342773	0.00713469
45.03726959	0.00281931
45.06111145	0.00081810
45.08495331	0.00064917
45.10879517	0.00059623
45.13263702	0.00055348
45.15647888	0.00058877
45.18032074	0.00041581
45.20416260	0.00006524
45.22800446	0.00033378
45.25184631	0.00044006
45.27568817	0.00029352
45.29953003	0.00015727
45.32337189	0.00018677
45.34721375	0.00010996
45.37105560	0.00001914
45.39489746	0.00009048
45.41873932	0.00013678
45.44258118	0.00012450
45.46642303	0.00005726
45.49026489	0.00013002
45.51410675	0.00035123
45.53794861	0.00050071
45.56179047	0.00045962
45.58563232	0.00059439
45.60947418	0.00146734
45.63331604	0.00464053
45.65715790	0.00650643
45.68099976	0.00344132
45.70484161	0.00171532
45.72868347	0.00105170
45.75252533	0.00084746
45.77636719	0.00080958
45.80020905	0.00069025
45.82405090	0.00061609
45.84789276	0.00078316
45.87173462	0.00079295
45.89557648	0.00078981
45.91941833	0.00118841
45.94326019	0.00179580
45.96710205	0.00287034
45.99094391	0.00822567
46.01478577	0.00829981
46.03862762	0.00321318
46.06246948	0.00128004
46.08631134	0.00093907
46.11015320	0.00073363
46.13399506	0.00062507
46.15783691	0.00073611
46.18167877	0.00077990
46.20552063	0.00065030
46.22936249	0.00046119
46.25320435	0.00070210
46.27704620	0.00107490
46.30088806	0.00159994
46.32472992	0.00115598
46.34857178	0.00109764
46.37241364	0.00080850
46.39625549	0.00031718
46.42009735	0.00009460
46.44393921	0.00022391
46.46778107	0.00021192
46.49162292	0.00012275
46.51546478	0.00012740
46.53930664	0.00015644
46.56314850	0.00025826
46.58699036	0.00025383
46.61083221	0.00061647
46.63467407	0.00249280
46.65851593	0.00342473
46.68235779	0.00165089
46.70619965	0.00088935
46.73004150	0.00076704
46.75388336	0.00055539
46.77772522	0.00052423
46.80156708	0.00054137
46.82540894	0.00059324
46.84925079	0.00054812
46.87309265	0.00065387
46.89693451	0.00089117
46.92077637	0.00108413
46.94461823	0.00158372
46.96846008	0.00321101
46.99230194	0.00846553
47.01614380	0.00790101
47.03998566	0.00296282
47.06382751	0.00122782
47.08766937	0.00062281
47.11151123	0.00056145
47.13535309	0.00069746
47.15919495	0.00063144
47.18303680	0.00060023
47.20687866	0.00065569
47.23072052	0.00075169
47.25456238	0.00088294
47.27840424	0.00147385
47.30224609	0.00241596
47.32608795	0.00197597
47.34992981	0.00232279
47.37377167	0.00153119
47.39761353	0.00061979
47.42145538	0.00047187
47.44529724	0.00057298
47.46913910	0.00046465
47.49298096	0.00019275
47.51682281	0.00016287
47.54066467	0.00020587
47.56450653	0.00026545
47.58834839	0.00028493
47.61219025	0.00026819
47.63603210	0.00036486
47.65987396	0.00044304
47.68371582	0.00031715
47.70755768	0.00008963
47.73139954	0.00011535
47.75524139	0.00023473
47.77908325	0.00025455
47.80292511	0.00023562
47.82676697	0.00025810
47.85060883	0.00030442
47.87445068	0.00027219
47.89829254	0.00058728
47.92213440	0.00091299
47.94597626	0.00123319
47.96981812	0.00288431
47.99365997	0.00687126
48.01750183	0.00605490
48.04134369	0.00222916
48.06518555	0.00109001
48.08902740	0.00089100
48.11286926	0.00073059
48.13671112	0.00059813
48.16055298	0.00057142
48.18439484	0.00057055
48.20823669	0.00065604
48.23207855	0.00089073
48.25592041	0.00128069
48.27976227	0.00198546
48.30360413	0.00301437
48.32744598	0.00220393
48.35128784	0.00278715
48.37512970	0.00194479
48.39897156	0.00112410
48.42281342	0.00078886
48.44665527	0.00077389
48.47049713	0.00077234
48.49433899	0.00066824
48.51818085	0.00060547
48.54202271	0.00051982
48.56586456	0.00046470
48.58970642	0.00073778
48.61354828	0.00128119
48.63739014	0.00330984
48.66123199	0.00392105
48.68507385	0.00154531
48.70891571	0.00040234
48.73275757	0.00021475
48.75659943	0.00018374
48.78044128	0.00008359
48.80428314	0.00009000
