Частота	A * B
(kГц)	(?)

0.00000000	0.03601903
0.02384186	0.04391870
0.04768372	0.13427890
0.07152557	0.32731360
0.09536743	0.30283290
0.11920929	0.10648730
0.14305115	0.04026262
0.16689301	0.03223017
0.19073486	0.04872077
0.21457672	0.07147157
0.23841858	0.10799440
0.26226044	0.09260404
0.28610229	0.06278433
0.30994415	0.04999820
0.33378601	0.04892314
0.35762787	0.05362953
0.38146973	0.05497989
0.40531158	0.05813035
0.42915344	0.05872604
0.45299530	0.06728875
0.47683716	0.08609764
0.50067902	0.07583077
0.52452087	0.05676713
0.54836273	0.04271859
0.57220459	0.03567704
0.59604645	0.05446560
0.61988831	0.12318490
0.64373016	0.21143470
0.66757202	0.14755410
0.69141388	0.06099198
0.71525574	0.03254069
0.73909760	0.03020037
0.76293945	0.12994380
0.78678131	0.66171070
0.81062317	1.04425600
0.83446503	0.58707170
0.85830688	0.09777692
0.88214874	0.02956611
0.90599060	0.03673689
0.92983246	0.06046930
0.95367432	0.11405040
0.97751617	0.14384240
1.00135803	0.08621425
1.02519989	0.05282521
1.04904175	0.04129094
1.07288361	0.04737643
1.09672546	0.05619262
1.12056732	0.06544485
1.14440918	0.06884683
1.16825104	0.06364104
1.19209290	0.06555845
1.21593475	0.07043786
1.23977661	0.05921389
1.26361847	0.05163815
1.28746033	0.04200277
1.31130219	0.04526187
1.33514404	0.06767605
1.35898590	0.12676020
1.38282776	0.13954890
1.40666962	0.07846208
1.43051147	0.04535459
1.45435333	0.02800358
1.47819519	0.04520546
1.50203705	0.36179530
1.52587891	1.03255100
1.54972076	1.00006200
1.57356262	0.32813620
1.59740448	0.04287181
1.62124634	0.02682062
1.64508820	0.04722077
1.66893005	0.10005670
1.69277191	0.19937320
1.71661377	0.16711070
1.74045563	0.07146923
1.76429749	0.04061192
1.78813934	0.03761604
1.81198120	0.05130702
1.83582306	0.06586438
1.85966492	0.08606871
1.88350677	0.07382134
1.90734863	0.06187337
1.93119049	0.05852481
1.95503235	0.05632047
1.97887421	0.05483162
2.00271606	0.05024469
2.02655792	0.04839567
2.05039978	0.05610587
2.07424164	0.07706327
2.09808350	0.11151580
2.12192535	0.08828008
2.14576721	0.05650762
2.16960907	0.03787836
2.19345093	0.03256842
2.21729279	0.06374145
2.24113464	0.22610080
2.26497650	0.36905410
2.28881836	0.22397380
2.31266022	0.06381740
2.33650208	0.02923431
2.36034393	0.03276739
2.38418579	0.07625018
2.40802765	0.24597610
2.43186951	0.34126070
2.45571136	0.17666350
2.47955322	0.05345883
2.50339508	0.03141071
2.52723694	0.04121694
2.55107880	0.05992697
2.57492065	0.09355491
2.59876251	0.10573490
2.62260437	0.07108835
2.64644623	0.05402080
2.67028809	0.04907122
2.69412994	0.05156450
2.71797180	0.05482161
2.74181366	0.05624918
2.76565552	0.05742456
2.78949738	0.06328558
2.81333923	0.07889111
2.83718109	0.08571924
2.86102295	0.06319919
2.88486481	0.04877588
2.90870667	0.03574257
2.93254852	0.04369426
2.95639038	0.08431046
2.98023224	0.19137290
3.00407410	0.19468420
3.02791595	0.08704917
3.05175781	0.04238676
3.07559967	0.02607070
3.09944153	0.05275248
3.12328339	0.36272850
3.14712524	0.89682220
3.17096710	0.77660940
3.19480896	0.22107350
3.21865082	0.03763027
3.24249268	0.02982878
3.26633453	0.04931406
3.29017639	0.08652262
3.31401825	0.14145690
3.33786011	0.11206300
3.36170197	0.06227755
3.38554382	0.04367849
3.40938568	0.04367518
3.43322754	0.05327325
3.45706940	0.06025041
3.48091125	0.06980576
3.50475311	0.06386776
3.52859497	0.06395435
3.55243683	0.07139219
3.57627869	0.06412734
3.60012054	0.05514460
3.62396240	0.04518858
3.64780426	0.04112769
3.67164612	0.05644524
3.69548798	0.09927063
3.71932983	0.15072740
3.74317169	0.10520300
3.76701355	0.05538866
3.79085541	0.03316824
3.81469727	0.03204582
3.83853912	0.17475130
3.86238098	0.86184630
3.88622284	1.27632100
3.91006470	0.67158470
3.93390656	0.10150220
3.95774841	0.02763104
3.98159027	0.03649917
4.00543213	0.06841286
4.02927399	0.16107770
4.05311584	0.19701590
4.07695770	0.10182070
4.10079956	0.04967166
4.12464142	0.03570264
4.14848328	0.04552704
4.17232513	0.05888309
4.19616699	0.07850961
4.22000885	0.08172033
4.24385071	0.06518570
4.26769257	0.05867365
4.29153442	0.05867352
4.31537628	0.05523342
4.33921814	0.05259001
4.36306000	0.04797026
4.38690186	0.05067653
4.41074371	0.06617052
4.43458557	0.10172620
4.45842743	0.10583720
4.48226929	0.06675443
4.50611115	0.04539528
4.52995300	0.03071491
4.55379486	0.04483969
4.57763672	0.14252300
4.60147858	0.35221990
4.62532043	0.32094580
4.64916229	0.11180280
4.67300415	0.03872228
4.69684601	0.02621098
4.72068787	0.04997174
4.74452972	0.15778520
4.76837158	0.32525320
4.79221344	0.25389910
4.81605530	0.08148024
4.83989716	0.03672290
4.86373901	0.03457952
4.88758087	0.05189548
4.91142273	0.07649951
4.93526459	0.10789950
4.95910645	0.08402061
4.98294830	0.06003914
5.00679016	0.05003374
5.03063202	0.04994986
5.05447388	0.05430503
5.07831573	0.05467221
5.10215759	0.05724790
5.12599945	0.05954553
5.14984131	0.07045577
5.17368317	0.08945715
5.19752502	0.07265513
5.22136688	0.05454268
5.24520874	0.03991372
5.26905060	0.03664504
5.29289246	0.06075102
5.31673431	0.14854530
5.34057617	0.22094090
5.36441803	0.13210220
5.38825989	0.05468744
5.41210175	0.02927883
5.43594360	0.03397622
5.45978546	0.16229690
5.48362732	0.65145080
5.50746918	0.85882740
5.53131104	0.39990130
5.55515289	0.06159576
5.57899475	0.02829383
5.60283661	0.04048542
5.62667847	0.06607455
5.65052032	0.12161670
5.67436218	0.13396460
5.69820404	0.07612607
5.72204590	0.04972884
5.74588776	0.04201354
5.76972961	0.04947218
5.79357147	0.05701477
5.81741333	0.06638321
5.84125519	0.06620553
5.86509705	0.06369854
5.88893890	0.06814864
5.91278076	0.07018391
5.93662262	0.05818511
5.96046448	0.04966595
5.98430634	0.04065101
6.00814819	0.04772240
6.03199005	0.07526799
6.05583191	0.14093890
6.07967377	0.13448230
6.10351563	0.07100780
6.12735748	0.04146974
6.15119934	0.02746331
6.17504120	0.06796570
6.19888306	0.59610530
6.22272491	1.38914800
6.24656677	1.12774900
6.27040863	0.29457710
6.29425049	0.03621620
6.31809235	0.02879279
6.34193420	0.05226517
6.36577606	0.11401770
6.38961792	0.19877170
6.41345978	0.14290410
6.43730164	0.06269103
6.46114349	0.03845036
6.48498535	0.03995959
6.50882721	0.05357458
6.53266907	0.06861396
6.55651093	0.08492087
6.58035278	0.06977370
6.60419464	0.06077208
6.62803650	0.05981091
6.65187836	0.05630666
6.67572021	0.05448183
6.69956207	0.04888748
6.72340393	0.04794685
6.74724579	0.05867859
6.77108765	0.08495769
6.79492950	0.11515180
6.81877136	0.08243993
6.84261322	0.05316773
6.86645508	0.03474193
6.89029694	0.03489913
6.91413879	0.08124105
6.93798065	0.28317810
6.96182251	0.38924320
6.98566437	0.19836690
7.00950623	0.05415168
7.03334808	0.02673858
7.05718994	0.03702910
7.08103180	0.09160097
7.10487366	0.26284670
7.12871552	0.30763600
7.15255737	0.13600480
7.17639923	0.04700556
7.20024109	0.03146498
7.22408295	0.04455925
7.24792480	0.06354286
7.27176666	0.09773888
7.29560852	0.09845287
7.31945038	0.06681100
7.34329224	0.05262067
7.36713409	0.04981463
7.39097595	0.05274095
7.41481781	0.05451945
7.43865967	0.05599947
7.46250153	0.05688095
7.48634338	0.06503769
7.51018524	0.08444101
7.53402710	0.08397481
7.55786896	0.06065588
7.58171082	0.04600184
7.60555267	0.03455044
7.62939453	0.04758728
7.65323639	0.10238660
7.67707825	0.21389920
7.70092010	0.18512150
7.72476196	0.07562047
7.74860382	0.03780079
7.77244568	0.02678830
7.79628754	0.06688149
7.82012939	0.39509260
7.84397125	0.80312910
7.86781311	0.58258310
7.89165497	0.13597010
7.91549683	0.03367282
7.93933868	0.03260180
7.96318054	0.05340942
7.98702240	0.09488667
8.01086426	0.13993460
8.03470612	0.09816810
8.05854797	0.05814241
8.08238983	0.04297863
8.10623169	0.04556130
8.13007355	0.05454303
8.15391541	0.06129102
8.17775726	0.06834878
8.20159912	0.06312732
8.22544098	0.06495837
8.24928284	0.07335821
8.27312469	0.06263098
8.29696655	0.05379771
8.32080841	0.04305651
8.34465027	0.04172116
8.36849213	0.06071798
8.39233398	0.11478710
8.41617584	0.15395680
8.44001770	0.09587490
8.46385956	0.05070595
8.48770142	0.03006077
8.51154327	0.03583160
8.53538513	0.32906340
8.55922699	1.29005200
8.58306885	1.59706400
8.60691071	0.69152430
8.63075256	0.07789211
8.65459442	0.02655133
8.67843628	0.04097762
8.70227814	0.07721557
8.72612000	0.17157440
8.74996185	0.17884700
8.77380371	0.08516798
8.79764557	0.04575453
8.82148743	0.03658202
8.84532928	0.04818621
8.86917114	0.06098325
8.89301300	0.08034293
8.91685486	0.07696313
8.94069672	0.06373099
8.96453857	0.05943609
8.98838043	0.05883476
9.01222229	0.05535231
9.03606415	0.05125243
9.05990601	0.04710678
9.08374786	0.05216999
9.10758972	0.07074450
9.13143158	0.11041000
9.15527344	0.10172160
9.17911530	0.06242580
9.20295715	0.04194427
9.22679901	0.03029446
9.25064087	0.05131781
9.27448273	0.19066170
9.29832458	0.39958090
9.32216644	0.30657200
9.34600830	0.09161946
9.36985016	0.03417184
9.39369202	0.02832583
9.41753387	0.05735385
9.44137573	0.18082810
9.46521759	0.31493710
9.48905945	0.20774100
9.51290131	0.06546078
9.53674316	0.03416065
9.56058502	0.03747004
9.58442688	0.05494870
9.60826874	0.08160678
9.63211060	0.10550720
9.65595245	0.07675956
9.67979431	0.05768337
9.70363617	0.05053483
9.72747803	0.05102698
9.75131989	0.05458594
9.77516174	0.05435373
9.79900360	0.05621496
9.82284546	0.06091003
9.84668732	0.07494199
9.87052917	0.09134161
9.89437103	0.06930617
9.91821289	0.05213205
9.94205475	0.03730833
9.96589661	0.03865695
9.98973846	0.06982513
10.01358032	0.17656280
10.03742218	0.22476460
10.06126404	0.11591670
10.08510590	0.04913451
10.10894775	0.02694983
10.13278961	0.03890795
10.15663147	0.19721990
10.18047333	0.63571940
10.20431519	0.70258170
10.22815704	0.26974180
10.25199890	0.04638369
10.27584076	0.02840445
10.29968262	0.04426518
10.32352448	0.07230082
10.34736633	0.12714690
10.37120819	0.12205550
10.39505005	0.06883514
10.41889191	0.04729063
10.44273376	0.04313656
10.46657562	0.05134688
10.49041748	0.05770167
10.51425934	0.06674282
10.53810120	0.06398814
10.56194305	0.06397521
10.58578491	0.07128152
10.60962677	0.06914245
10.63346863	0.05711004
10.65731049	0.04742930
10.68115234	0.03973196
10.70499420	0.05090321
10.72883606	0.08595361
10.75267792	0.15325220
10.77651978	0.12686600
10.80036163	0.06421717
10.82420349	0.03763953
10.84804535	0.02837661
10.87188721	0.13648100
10.89572906	1.01223500
10.91957092	1.94202500
10.94341278	1.31790300
10.96725464	0.26672100
10.99109650	0.03168754
11.01493835	0.03168617
11.03878021	0.05758608
11.06262207	0.12805620
11.08646393	0.19288430
11.11030579	0.12046220
11.13414764	0.05649609
11.15798950	0.03728123
11.18183136	0.04255848
11.20567322	0.05560645
11.22951508	0.07129877
11.25335693	0.08239967
11.27719879	0.06693343
11.30104065	0.06018029
11.32488251	0.06091793
11.34872437	0.05627135
11.37256622	0.05373826
11.39640808	0.04758421
11.42024994	0.04796578
11.44409180	0.06166954
11.46793365	0.09447638
11.49177551	0.11627400
11.51561737	0.07651071
11.53945923	0.04980458
11.56330109	0.03207445
11.58714294	0.03825916
11.61098480	0.10970670
11.63482666	0.34622600
11.65866852	0.40053740
11.68251038	0.17087100
11.70635223	0.04669014
11.73019409	0.02557683
11.75403595	0.04181870
11.77787781	0.10949830
11.80171967	0.27338850
11.82556152	0.27028600
11.84940338	0.10461040
11.87324524	0.04232370
11.89708710	0.03261277
11.92092896	0.04777949
11.94477081	0.06744341
11.96861267	0.10035090
11.99245453	0.09051685
12.01629639	0.06369525
12.04013824	0.05202457
12.06398010	0.05056507
12.08782196	0.05366997
12.11166382	0.05401424
12.13550568	0.05549897
12.15934753	0.05712286
12.18318939	0.06743315
12.20703125	0.08974015
12.23087311	0.08111005
12.25471497	0.05818717
12.27855682	0.04305742
12.30239868	0.03423731
12.32624054	0.05238797
12.35008240	0.12605800
12.37392426	0.23298090
12.39776611	0.17148470
12.42160797	0.06603135
12.44544983	0.03360531
12.46929169	0.02896846
12.49313354	0.08572444
12.51697540	0.42256930
12.54081726	0.71292140
12.56465912	0.43206170
12.58850098	0.08671100
12.61234283	0.03091345
12.63618469	0.03594860
12.66002655	0.05773972
12.68386841	0.10303740
12.70771027	0.13506900
12.73155212	0.08616764
12.75539398	0.05467491
12.77923584	0.04301495
12.80307770	0.04754230
12.82691956	0.05546200
12.85076141	0.06225484
12.87460327	0.06631790
12.89844513	0.06311609
12.92228699	0.06692500
12.94612885	0.07441756
12.96997070	0.06109625
12.99381256	0.05211312
13.01765442	0.04113004
13.04149628	0.04323153
13.06533813	0.06620627
13.08917999	0.13172100
13.11302185	0.15320660
13.13686371	0.08680987
13.16070557	0.04632783
13.18454742	0.02781345
13.20838928	0.04750207
13.23223114	0.65472090
13.25607300	2.04829000
13.27991486	2.12471700
13.30375671	0.74732120
13.32759857	0.05957942
13.35144043	0.02709941
13.37528229	0.04587579
13.39912415	0.08738710
13.42296600	0.17817780
13.44680786	0.15837010
13.47064972	0.07311595
13.49449158	0.04261744
13.51833344	0.03814314
13.54217529	0.05059138
13.56601715	0.06314706
13.58985901	0.08103535
13.61370087	0.07251960
13.63754272	0.06261221
13.66138458	0.06080813
13.68522644	0.05868347
13.70906830	0.05524345
13.73291016	0.04971485
13.75675201	0.04638758
13.78059387	0.05438504
13.80443573	0.07712537
13.82827759	0.11769690
13.85211945	0.09612391
13.87596130	0.05843984
13.89980316	0.03846014
13.92364502	0.03112231
13.94748688	0.06219602
13.97132874	0.25123300
13.99517059	0.44246750
14.01901245	0.28516580
14.04285431	0.07461383
14.06669617	0.03033314
14.09053802	0.03154161
14.11437988	0.06664574
14.13822174	0.20183470
14.16206360	0.29712380
14.18590546	0.16636020
14.20974731	0.05559932
14.23358917	0.03271198
14.25743103	0.04063236
14.28127289	0.05795496
14.30511475	0.08642108
14.32895660	0.10105260
14.35279846	0.07119913
14.37664032	0.05576788
14.40048218	0.05122693
14.42432404	0.05210025
14.44816589	0.05448096
14.47200775	0.05401456
14.49584961	0.05534613
14.51969147	0.06261522
14.54353333	0.08063084
14.56737518	0.09153289
14.59121704	0.06601788
14.61505890	0.04949034
14.63890076	0.03512748
14.66274261	0.04164103
14.68658447	0.08342317
14.71042633	0.20550370
14.73426819	0.22259560
14.75811005	0.10014860
14.78195190	0.04403622
14.80579376	0.02583145
14.82963562	0.04541777
14.85347748	0.23302420
14.87731934	0.61203650
14.90116119	0.56785020
14.92500305	0.17991260
14.94884491	0.03959112
14.97268677	0.02980796
14.99652863	0.04802871
15.02037048	0.07913516
15.04421234	0.13004020
15.06805420	0.10927760
15.09189606	0.06363934
15.11573792	0.04567333
15.13957977	0.04455728
15.16342163	0.05290061
15.18726349	0.05833675
15.21110535	0.06639155
15.23494720	0.06258442
15.25878906	0.06457768
15.28263092	0.07442478
15.30647278	0.06750619
15.33031464	0.05591745
15.35415649	0.04504543
15.37799835	0.03938812
15.40184021	0.05462498
15.42568207	0.10017980
15.44952393	0.16242880
15.47336578	0.11766330
15.49720764	0.05789323
15.52104950	0.03391455
15.54489136	0.03056920
15.56873322	0.33123100
15.59257507	1.88310800
15.61641693	2.99681400
15.64025879	1.69130300
15.66410065	0.25465900
15.68794250	0.02866954
15.71178436	0.03534771
15.73562622	0.06323034
15.75946808	0.14124830
15.78330994	0.18209820
15.80715179	0.10123660
15.83099365	0.05170919
15.85483551	0.03704922
15.87867737	0.04520422
15.90251923	0.05748314
15.92636108	0.07365876
15.95020294	0.07887117
15.97404480	0.06510902
15.99788666	0.06034633
16.02172852	0.06159892
16.04557037	0.05622301
16.06941223	0.05260323
16.09325409	0.04639673
16.11709595	0.04868753
16.14093781	0.06531426
16.16477966	0.10485580
16.18862152	0.11481610
16.21246338	0.07084300
16.23630524	0.04635523
16.26014709	0.03018489
16.28398895	0.04270034
16.30783081	0.15223090
16.33167267	0.41316740
16.35551453	0.40223650
16.37935638	0.14323810
16.40319824	0.04073695
16.42704010	0.02589682
16.45088196	0.04712874
16.47472382	0.12910130
16.49856567	0.27685010
16.52240753	0.23147600
16.54624939	0.08213668
16.57009125	0.03864126
16.59393311	0.03462892
16.61777496	0.05081763
16.64161682	0.07163437
16.66545868	0.10104320
16.68930054	0.08284191
16.71314240	0.06121726
16.73698425	0.05215596
16.76082611	0.05132544
16.78466797	0.05426832
16.80850983	0.05340156
16.83235168	0.05475901
16.85619354	0.05814281
16.88003540	0.07092361
16.90387726	0.09406732
16.92771912	0.07750031
16.95156097	0.05570141
16.97540283	0.04007230
16.99924469	0.03495633
17.02308655	0.05874616
17.04692841	0.15479350
17.07077026	0.24714380
17.09461212	0.15487300
17.11845398	0.05816474
17.14229584	0.03001997
17.16613770	0.03236207
17.18997955	0.10906100
17.21382141	0.44297060
17.23766327	0.62425050
17.26150513	0.31509250
17.28534698	0.06074734
17.30918884	0.02931245
17.33303070	0.03955559
17.35687256	0.06243391
17.38071442	0.11032170
17.40455627	0.12730410
17.42839813	0.07668559
17.45223999	0.05170741
17.47608185	0.04357109
17.49992371	0.04949371
17.52376556	0.05607948
17.54760742	0.06299220
17.57144928	0.06412618
17.59529114	0.06353588
17.61913300	0.06985614
17.64297485	0.07445671
17.66681671	0.05956721
17.69065857	0.05009666
17.71450043	0.03955887
17.73834229	0.04569663
17.76218414	0.07383651
17.78602600	0.14879270
17.80986786	0.14843060
17.83370972	0.07868709
17.85755157	0.04223271
17.88139343	0.02682284
17.90523529	0.11778400
17.92907715	1.51458000
17.95291901	3.82942700
17.97676086	3.32951300
18.00060272	0.93428930
18.02444458	0.04663857
18.04828644	0.02911558
18.07212830	0.05127520
18.09597015	0.09845550
18.11981201	0.18040840
18.14365387	0.13713250
18.16749573	0.06477693
18.19133759	0.04038227
18.21517944	0.04020753
18.23902130	0.05267644
18.26286316	0.06541056
18.28670502	0.08041534
18.31054688	0.06895751
18.33438873	0.06177502
18.35823059	0.06240265
18.38207245	0.05834187
18.40591431	0.05482889
18.42975616	0.04808616
18.45359802	0.04594743
18.47743988	0.05713006
18.50128174	0.08565477
18.52512360	0.12280220
18.54896545	0.08961753
18.57280731	0.05468323
18.59664917	0.03511453
18.62049103	0.03318088
18.64433289	0.08185947
18.66817474	0.32401730
18.69201660	0.47866150
18.71585846	0.25815720
18.73970032	0.06115156
18.76354218	0.02746813
18.78738403	0.03554377
18.81122589	0.07828008
18.83506775	0.21929960
18.85890961	0.27309240
18.88275146	0.13129370
18.90659332	0.04917116
18.93043518	0.03243012
18.95427704	0.04384916
18.97811890	0.06101948
19.00196075	0.09048373
19.02580261	0.09504816
19.04964447	0.06722787
19.07348633	0.05449571
19.09732819	0.05191467
19.12117004	0.05308192
19.14501190	0.05403446
19.16885376	0.05360368
19.19269562	0.05498911
19.21653748	0.06466678
19.24037933	0.08700773
19.26422119	0.09005757
19.28806305	0.06290297
19.31190491	0.04661864
19.33574677	0.03360442
19.35958862	0.04548360
19.38343048	0.10304670
19.40727234	0.23344010
19.43111420	0.21460810
19.45495605	0.08576079
19.47879791	0.03925273
19.50263977	0.02615674
19.52648163	0.05434327
19.55032349	0.26778510
19.57416534	0.57954570
19.59800720	0.45129620
19.62184906	0.12002740
19.64569092	0.03544504
19.66953278	0.03221404
19.69337463	0.05181074
19.71721649	0.08638510
19.74105835	0.12993770
19.76490021	0.09684459
19.78874207	0.05972432
19.81258392	0.04488673
19.83642578	0.04622225
19.86026764	0.05404937
19.88410950	0.05897076
19.90795135	0.06534258
19.93179321	0.06213768
19.95563507	0.06575429
19.97947693	0.07710496
20.00331879	0.06540679
20.02716064	0.05461181
20.05100250	0.04268048
20.07484436	0.03976980
20.09868622	0.05876711
20.12252808	0.11805300
20.14636993	0.16691570
20.17021179	0.10884280
20.19405365	0.05129512
20.21789551	0.03069984
20.24173737	0.03564126
20.26557922	1.08322100
20.28942108	4.72385000
20.31326294	6.27101200
20.33710480	2.92007700
20.36094666	0.30683330
20.38478851	0.02755559
20.40863037	0.04028797
20.43247223	0.06836329
20.45631409	0.15329730
20.48015594	0.16678420
20.50399780	0.08640217
20.52783966	0.04774139
20.55168152	0.03757812
20.57552338	0.04766425
20.59936523	0.05940364
20.62320709	0.07530961
20.64704895	0.07495984
20.67089081	0.06387673
20.69473267	0.06135977
20.71857452	0.06176832
20.74241638	0.05613419
20.76625824	0.05109259
20.79010010	0.04538927
20.81394196	0.05020812
20.83778381	0.07019079
20.86162567	0.11506730
20.88546753	0.11099540
20.90930939	0.06561285
20.93315125	0.04281788
20.95699310	0.02936175
20.98083496	0.04924186
21.00467682	0.21116230
21.02851868	0.48167820
21.05236053	0.39428720
21.07620239	0.11710660
21.10004425	0.03576582
21.12388611	0.02762720
21.14772797	0.05318613
21.17156982	0.14923140
21.19541168	0.27300240
21.21925354	0.19345200
21.24309540	0.06722580
21.26693726	0.03589055
21.29077911	0.03724165
21.31462097	0.05367197
21.33846283	0.07599434
21.36230469	0.09967616
21.38614655	0.07621515
21.40998840	0.05910979
21.43383026	0.05275792
21.45767212	0.05211308
21.48151398	0.05448344
21.50535583	0.05275679
21.52919769	0.05392017
21.55303955	0.05974614
21.57688141	0.07583857
21.60072327	0.09686086
21.62456512	0.07353425
21.64840698	0.05310465
21.67224884	0.03723263
21.69609070	0.03676545
21.71993256	0.06811386
21.74377441	0.18735840
21.76761627	0.25527280
21.79145813	0.13657360
21.81529999	0.05164252
21.83914185	0.02731110
21.86298370	0.03671623
21.88682556	0.13607670
21.91066742	0.45463180
21.93450928	0.53728850
21.95835114	0.22555700
21.98219299	0.04816295
22.00603485	0.02904889
22.02987671	0.04319700
22.05371857	0.06763045
22.07756042	0.11605290
22.10140228	0.11741220
22.12524414	0.06969040
22.14908600	0.04938751
22.17292786	0.04443620
22.19676971	0.05133965
22.22061157	0.05644270
22.24445343	0.06331871
22.26829529	0.06223962
22.29213715	0.06431881
22.31597900	0.07330277
22.33982086	0.07369888
22.36366272	0.05782345
22.38750458	0.04787362
22.41134644	0.03857921
22.43518829	0.04913823
22.45903015	0.08395343
22.48287201	0.16556910
22.50671387	0.13850830
22.53055573	0.07378453
22.55439758	0.03901664
22.57823944	0.02735963
22.60208130	0.78988620
22.62592316	7.12248900
22.64976501	14.73591000
22.67360687	10.71960000
22.69744873	2.34164900
22.72129059	0.04104881
22.74513245	0.03347056
22.76897430	0.05912425
22.79281616	0.10796370
22.81665802	0.17922720
22.84049988	0.11591950
22.86434174	0.05915940
22.88818359	0.03923677
22.91202545	0.04262851
22.93586731	0.05423102
22.95970917	0.06791052
22.98355103	0.07836919
23.00739288	0.06666549
23.03123474	0.06136146
23.05507660	0.06379320
23.07891846	0.05788988
23.10276031	0.05413065
23.12660217	0.04641811
23.15044403	0.04604976
23.17428589	0.06026111
23.19812775	0.09616351
23.22196960	0.12520190
23.24581146	0.08280304
23.26965332	0.05098671
23.29349518	0.03219376
23.31733704	0.03628285
23.34117889	0.11552150
23.36502075	0.40835470
23.38886261	0.50638570
23.41270447	0.22727120
23.43654633	0.05104567
23.46038818	0.02585749
23.48423004	0.04009560
23.50807190	0.09232463
23.53191376	0.23190000
23.55575562	0.24456250
23.57959747	0.10345010
23.60343933	0.04438680
23.62728119	0.03326549
23.65112305	0.04694301
23.67496490	0.06422775
23.69880676	0.09337759
23.72264862	0.08818261
23.74649048	0.06439715
23.77033234	0.05405957
23.79417419	0.05246570
23.81801605	0.05388406
23.84185791	0.05336719
23.86569977	0.05299416
23.88954163	0.05545201
23.91338348	0.06735584
23.93722534	0.09324867
23.96106720	0.08721396
23.98490906	0.05997021
24.00875092	0.04347903
24.03259277	0.03307427
24.05643463	0.05018086
24.08027649	0.12934050
24.10411835	0.25850690
24.12796021	0.20136140
24.15180206	0.07335485
24.17564392	0.03498175
24.19948578	0.02777751
24.22332764	0.06679206
24.24716949	0.29937870
24.27101135	0.53865050
24.29485321	0.35140830
24.31869507	0.08293754
24.34253693	0.03215795
24.36637878	0.03562188
24.39022064	0.05526768
24.41406250	0.09384029
24.43790436	0.12676300
24.46174622	0.08613211
24.48558807	0.05578841
24.50942993	0.04545006
24.53327179	0.04712861
24.55711365	0.05572242
24.58095551	0.05942772
24.60479736	0.06356722
24.62863922	0.06141897
24.65248108	0.07009364
24.67632294	0.07649686
24.70016479	0.06655715
24.72400665	0.05041487
24.74784851	0.04029241
24.77169037	0.04244253
24.79553223	0.07134768
24.81937408	0.12366830
24.84321594	0.18750110
24.86705780	0.06802836
24.89089966	0.07670663
24.91474152	0.06427542
24.93858337	0.36159080
24.96242523	10.94475000
24.98626709	37.41980000
25.01010895	41.58247000
25.03395081	15.79923000
25.05779266	1.05526500
25.08163452	0.05153987
25.10547638	0.05610077
25.12931824	0.10859460
25.15316010	0.13960880
25.17700195	0.16419760
25.20084381	0.06639706
25.22468567	0.04527433
25.24852753	0.04022157
25.27236938	0.05203082
25.29621124	0.05784883
25.32005310	0.07856120
25.34389496	0.06902008
25.36773682	0.06440234
25.39157867	0.06310919
25.41542053	0.06144284
25.43926239	0.05512064
25.46310425	0.05026339
25.48694611	0.04395782
25.51078796	0.05317681
25.53462982	0.07657505
25.55847168	0.12408690
25.58231354	0.10515910
25.60615540	0.06122751
25.62999725	0.03887457
25.65383911	0.03009453
25.67768097	0.06079467
25.70152283	0.28863260
25.72536469	0.54932140
25.74920654	0.37737240
25.77304840	0.09368572
25.79689026	0.03177441
25.82073212	0.03035516
25.84457397	0.06049746
25.86841583	0.16858110
25.89225769	0.26208240
25.91609955	0.15831700
25.93994141	0.05776360
25.96378326	0.03408927
25.98762512	0.04028459
26.01146698	0.05635376
26.03530884	0.08020858
26.05915070	0.09643512
26.08299255	0.07106160
26.10683441	0.05734684
26.13067627	0.05359896
26.15451813	0.05285715
26.17835999	0.05430157
26.20220184	0.05216725
26.22604370	0.05319081
26.24988556	0.06173819
26.27372742	0.08218881
26.29756927	0.09773847
26.32141113	0.06957337
26.34525299	0.05034888
26.36909485	0.03471468
26.39293671	0.03964714
26.41677856	0.08254852
26.44062042	0.22198460
26.46446228	0.25676410
26.48830414	0.11789600
26.51214600	0.04597614
26.53598785	0.02583526
26.55982971	0.04194729
26.58367157	0.16557020
26.60751343	0.45644890
26.63135529	0.45336740
26.65519714	0.15905260
26.67903900	0.04165910
26.70288086	0.02999522
26.72672272	0.04689272
26.75056458	0.07327624
26.77440643	0.11965390
26.79824829	0.10635980
26.82209015	0.06481716
26.84593201	0.04767718
26.86977386	0.04571987
26.89361572	0.05265813
26.91745758	0.05684254
26.94129944	0.06314516
26.96514130	0.06113507
26.98898315	0.06498090
27.01282501	0.07741132
27.03666687	0.07145704
27.06050873	0.05690185
27.08435059	0.04510315
27.10819244	0.03779095
27.13203430	0.05270157
27.15587616	0.10091250
27.17971802	0.17522960
27.20355988	0.13263570
27.22740173	0.06119737
27.25124359	0.03483107
27.27508545	0.02925833
27.29892731	0.82220300
27.32276917	5.26451000
27.34661102	9.00174200
27.37045288	5.45662400
27.39429474	0.89954750
27.41813660	0.02989000
27.44197845	0.03435339
27.46582031	0.05940687
27.48966217	0.12482470
27.51350403	0.16866660
27.53734589	0.10057380
27.56118774	0.05367288
27.58502960	0.03856948
27.60887146	0.04505054
27.63271332	0.05638011
27.65655518	0.06940964
27.68039703	0.07592420
27.70423889	0.06481016
27.72808075	0.06187811
27.75192261	0.06474499
27.77576447	0.05753839
27.79960632	0.05276781
27.82344818	0.04509872
27.84729004	0.04668046
27.87113190	0.06424581
27.89497375	0.10783940
27.91881561	0.12472120
27.94265747	0.07604066
27.96649933	0.04743527
27.99034119	0.02988108
28.01418304	0.04060654
28.03802490	0.16796770
28.06186676	0.50342850
28.08570862	0.52436890
28.10955048	0.19451050
28.13339233	0.04346214
28.15723419	0.02579467
28.18107605	0.04496763
28.20491791	0.10834350
28.22875977	0.23876770
28.25260162	0.21339990
28.27644348	0.08297760
28.30028534	0.04062391
28.32412720	0.03490836
28.34796906	0.04989530
28.37181091	0.06768680
28.39565277	0.09460297
28.41949463	0.08142033
28.44333649	0.06219888
28.46717834	0.05429285
28.49102020	0.05302642
28.51486206	0.05437345
28.53870392	0.05246609
28.56254578	0.05236334
28.58638763	0.05659852
28.61022949	0.07116764
28.63407135	0.09871099
28.65791321	0.08322278
28.68175507	0.05712444
28.70559692	0.04039485
28.72943878	0.03343109
28.75328064	0.05665594
28.77712250	0.16210170
28.80096436	0.27870860
28.82480621	0.18406560
28.84864807	0.06321693
28.87248993	0.03100197
28.89633179	0.03094555
28.92017365	0.08278534
28.94401550	0.32611120
28.96785736	0.49036540
28.99169922	0.26783110
29.01554108	0.06156453
29.03938293	0.03044982
29.06322479	0.03882271
29.08706665	0.05957562
29.11090851	0.10052460
29.13475037	0.12084990
29.15859222	0.07707813
29.18243408	0.05345462
29.20627594	0.04546297
29.23011780	0.04950366
29.25395966	0.05554447
29.27780151	0.06001863
29.30164337	0.06192805
29.32548523	0.06284988
29.34932709	0.07187659
29.37316895	0.07853910
29.39701080	0.06213935
29.42085266	0.05020457
29.44469452	0.03845685
29.46853638	0.04363126
29.49237823	0.07422925
29.51622009	0.15368000
29.54006195	0.16961800
29.56390381	0.08089423
29.58774567	0.04599215
29.61158752	0.02795738
29.63542938	0.11120550
29.65927124	1.66411800
29.68311310	4.55520700
29.70695496	4.24280700
29.73079681	1.29639300
29.75463867	0.06070528
29.77848053	0.02799868
29.80232239	0.04628929
29.82616425	0.09297535
29.85000610	0.15991950
29.87384796	0.13477770
29.89768982	0.06513237
29.92153168	0.04219982
29.94537354	0.04081119
29.96921539	0.05250173
29.99305725	0.06209332
30.01689911	0.07657801
30.04074097	0.06745688
30.06458282	0.06281543
30.08842468	0.06503800
30.11226654	0.06084678
30.13610840	0.05513126
30.15995026	0.04774147
30.18379211	0.04390670
30.20763397	0.05558557
30.23147583	0.08603484
30.25531769	0.13087120
30.27915955	0.09816346
30.30300140	0.05663649
30.32684326	0.03559953
30.35068512	0.03165659
30.37452698	0.08420480
30.39836884	0.38633370
30.42221069	0.61418350
30.44605255	0.35244360
30.46989441	0.07438461
30.49373627	0.02843302
30.51757813	0.03419793
30.54141998	0.06935704
30.56526184	0.18558910
30.58910370	0.24513780
30.61294556	0.12764070
30.63678741	0.05133184
30.66062927	0.03358009
30.68447113	0.04328993
30.70831299	0.05902379
30.73215485	0.08403450
30.75599670	0.09153570
30.77983856	0.06742185
30.80368042	0.05627164
30.82752228	0.05425437
30.85136414	0.05363822
30.87520599	0.05374889
30.89904785	0.05150228
30.92288971	0.05302619
30.94673157	0.06407187
30.97057343	0.08939614
30.99441528	0.09676366
31.01825714	0.06575090
31.04209900	0.04735852
31.06594086	0.03288954
31.08978271	0.04336971
31.11362457	0.10397240
31.13746643	0.25673000
31.16130829	0.25138960
31.18515015	0.10013950
31.20899200	0.04090875
31.23283386	0.02570987
31.25667572	0.04855840
31.28051758	0.19584430
31.30435944	0.44810450
31.32820129	0.37420110
31.35204315	0.11215830
31.37588501	0.03728385
31.39972687	0.03208247
31.42356873	0.05040397
31.44741058	0.07947323
31.47125244	0.12065810
31.49509430	0.09533133
31.51893616	0.06103374
31.54277802	0.04696159
31.56661987	0.04701782
31.59046173	0.05385505
31.61430359	0.05705227
31.63814545	0.06235627
31.66198730	0.06083912
31.68582916	0.06669833
31.70967102	0.08051828
31.73351288	0.06933085
31.75735474	0.05507559
31.78119659	0.04255305
31.80503845	0.03815266
31.82888031	0.05753548
31.85272217	0.11897880
31.87656403	0.18470100
31.90040588	0.11935990
31.92424774	0.05658337
31.94808960	0.03143014
31.97193146	0.03275124
31.99577332	0.50305830
32.01961517	2.40299700
32.04345703	3.42035100
32.06729889	1.71661900
32.09114075	0.20829740
32.11498260	0.02781769
32.13882446	0.03809913
32.16266632	0.06688773
32.18650818	0.13380820
32.21035004	0.15838430
32.23419189	0.08560899
32.25803375	0.04993417
32.28187561	0.03903886
32.30571747	0.04754150
32.32955933	0.05762495
32.35340118	0.07120820
32.37724304	0.07243191
32.40108490	0.06408057
32.42492676	0.06314006
32.44876862	0.06500032
32.47261047	0.05706956
32.49645233	0.05127034
32.52029419	0.04379176
32.54413605	0.04830626
32.56797791	0.06931905
32.59181976	0.11972750
32.61566162	0.12144420
32.63950348	0.06979311
32.66334534	0.04373899
32.68718719	0.02868569
32.71102905	0.04724786
32.73487091	0.24429140
32.75871277	0.60831950
32.78255463	0.53219520
32.80639648	0.16169860
32.83023834	0.03770981
32.85408020	0.02710962
32.87792206	0.05029547
32.90176392	0.12554280
32.92560577	0.23929060
32.94944763	0.18175120
32.97328949	0.06897631
32.99713135	0.03770495
33.02097321	0.03723913
33.04481506	0.05259877
33.06865692	0.07131728
33.09249878	0.09406953
33.11634064	0.07542080
33.14018250	0.06035319
33.16402435	0.05506141
33.18786621	0.05351232
33.21170807	0.05451730
33.23554993	0.05152836
33.25939178	0.05163971
33.28323364	0.05841571
33.30707550	0.07651620
33.33091736	0.10256970
33.35475922	0.07867399
33.37860107	0.05427903
33.40244293	0.03733424
33.42628479	0.03500785
33.45012665	0.06634334
33.47396851	0.20020100
33.49781036	0.29274190
33.52165222	0.16385930
33.54549408	0.05506544
33.56933594	0.02794739
33.59317780	0.03494386
33.61701965	0.10269690
33.64086151	0.34603700
33.66470337	0.43675230
33.68854523	0.19983580
33.71238708	0.05026421
33.73622894	0.02980775
33.76007080	0.04235988
33.78391266	0.06392379
33.80775452	0.10621460
33.83159637	0.11274180
33.85543823	0.07048856
33.87928009	0.05120870
33.90312195	0.04620876
33.92696381	0.05116519
33.95080566	0.05570275
33.97464752	0.06025727
33.99848938	0.06040925
34.02233124	0.06385856
34.04617310	0.07594690
34.07001495	0.07780990
34.09385681	0.06008475
34.11769867	0.04793126
34.14154053	0.03707600
34.16538239	0.04677229
34.18922424	0.08562757
34.21306610	0.17294710
34.23690796	0.16162510
34.26074982	0.07304952
34.28459167	0.04040609
34.30843353	0.02691332
34.33227539	0.12115800
34.35611725	1.14941700
34.37995911	2.56083500
34.40380096	1.99759800
34.42764282	0.48264210
34.45148468	0.03511603
34.47532654	0.03026288
34.49916840	0.05133659
34.52301025	0.10156750
34.54685211	0.16056210
34.57069397	0.11620900
34.59453583	0.05984205
34.61837769	0.04075718
34.64221954	0.04284014
34.66606140	0.05413578
34.68990326	0.06399884
34.71374512	0.07518638
34.73758698	0.06541570
34.76142883	0.06264426
34.78527069	0.06683590
34.80911255	0.06006585
34.83295441	0.05429353
34.85679626	0.04584562
34.88063812	0.04393398
34.90447998	0.05894199
34.92832184	0.09753695
34.95216370	0.13484220
34.97600555	0.09042904
34.99984741	0.05256596
35.02368927	0.03238824
35.04753113	0.03453912
35.07137299	0.12650290
35.09521484	0.50700800
35.11905670	0.67452390
35.14289856	0.32135750
35.16674042	0.05926963
35.19058228	0.02644402
35.21442413	0.03850836
35.23826599	0.08025370
35.26210785	0.19908660
35.28594971	0.22328200
35.30979156	0.10269620
35.33363342	0.04653523
35.35747528	0.03405170
35.38131714	0.04629224
35.40515900	0.06171320
35.42900085	0.08693901
35.45284271	0.08574487
35.47668457	0.06487957
35.50052643	0.05594660
35.52436829	0.05476506
35.54821014	0.05425084
35.57205200	0.05288584
35.59589386	0.05083382
35.61973572	0.05356818
35.64357758	0.06704779
35.66741943	0.09676559
35.69126129	0.09400784
35.71510315	0.06220535
35.73894501	0.04418818
35.76278687	0.03192091
35.78662872	0.04809049
35.81047058	0.13348020
35.83431244	0.28936840
35.85815430	0.23961020
35.88199615	0.08426538
35.90583801	0.03626271
35.92967987	0.02707936
35.95352173	0.05715068
35.97736359	0.22518440
36.00120544	0.42985820
36.02504730	0.30171560
36.04888916	0.08140086
36.07273102	0.03402737
36.09657288	0.03490069
36.12041473	0.05389248
36.14425659	0.08586285
36.16809845	0.11892680
36.19194031	0.08533472
36.21578217	0.05793119
36.23962402	0.04692999
36.26346588	0.04846232
36.28730774	0.05462744
36.31114960	0.05727253
36.33499146	0.06110680
36.35883331	0.06130948
36.38267517	0.06936694
36.40651703	0.08267800
36.43035889	0.06688907
36.45420074	0.05313625
36.47804260	0.04006067
36.50188446	0.03939543
36.52572632	0.06366716
36.54956818	0.14014690
36.57341003	0.18901510
36.59725189	0.10620010
36.62109375	0.05144621
36.64493561	0.02872459
36.66877747	0.03846705
36.69261932	0.46051900
36.71646118	1.70492700
36.74030304	2.02943500
36.76414490	0.83596940
36.78798676	0.07916032
36.81182861	0.02710669
36.83567047	0.04193219
36.85951233	0.07424484
36.88335419	0.14145880
36.90719604	0.14464470
36.93103790	0.07468649
36.95487976	0.04670891
36.97872162	0.04006175
37.00256348	0.04983813
37.02640533	0.05886868
37.05024719	0.07224521
37.07408905	0.06904856
37.09793091	0.06362838
37.12177277	0.06517995
37.14561462	0.06463695
37.16945648	0.05652573
37.19329834	0.04944802
37.21714020	0.04277476
37.24098206	0.05071811
37.26482391	0.07644313
37.28866577	0.13060350
37.31250763	0.11577810
37.33634949	0.06412177
37.36019135	0.04001193
37.38403320	0.02877690
37.40787506	0.06085888
37.43171692	0.35045490
37.45555878	0.72276160
37.47940063	0.53015970
37.50324249	0.13064490
37.52708435	0.03312973
37.55092621	0.02962379
37.57476807	0.05627041
37.59860992	0.14280350
37.62245178	0.23347390
37.64629364	0.15156670
37.67013550	0.05975743
37.69397736	0.03578592
37.71781921	0.03996775
37.74166107	0.05509442
37.76550293	0.07497427
37.78934479	0.09175409
37.81318665	0.07071774
37.83702850	0.05886535
37.86087036	0.05599148
37.88471222	0.05399439
37.90855408	0.05426948
37.93239594	0.05059622
37.95623779	0.05109296
37.98007965	0.06065193
38.00392151	0.08346093
38.02776337	0.10442190
38.05160522	0.07394192
38.07544708	0.05133481
38.09928894	0.03457730
38.12313080	0.03767129
38.14697266	0.08177366
38.17081451	0.24202140
38.19465637	0.29950160
38.21849823	0.14225500
38.24234009	0.04843631
38.26618195	0.02602692
38.29002380	0.03967587
38.31386566	0.12572490
38.33770752	0.35789920
38.36154938	0.38006630
38.38539124	0.14685170
38.40923309	0.04376499
38.43307495	0.03042229
38.45691681	0.04585969
38.48075867	0.06867597
38.50460052	0.11021400
38.52844238	0.10330950
38.55228424	0.06576918
38.57612610	0.04968632
38.59996796	0.04714895
38.62380981	0.05257700
38.64765167	0.05569080
38.67149353	0.06010672
38.69533539	0.05952628
38.71917725	0.06517580
38.74301910	0.08030999
38.76686096	0.07600772
38.79070282	0.05814171
38.81454468	0.04534571
38.83838654	0.03635270
38.86222839	0.05069799
38.88607025	0.10153650
38.90991211	0.18934400
38.93375397	0.15069570
38.95759583	0.06561304
38.98143768	0.03590419
39.00527954	0.02812644
39.02912140	0.14531870
39.05296326	0.97715620
39.07680511	1.79358000
39.10064697	1.16834300
39.12448883	0.22045810
39.14833069	0.03128784
39.17217255	0.03351949
39.19601440	0.05656271
39.21985626	0.11114220
39.24369812	0.15645560
39.26753998	0.09974738
39.29138184	0.05554945
39.31522369	0.04024207
39.33906555	0.04509032
39.36290741	0.05550723
39.38674927	0.06574683
39.41059113	0.07291239
39.43443298	0.06429233
39.45827484	0.06324854
39.48211670	0.06807963
39.50595856	0.05923847
39.52980042	0.05306901
39.55364227	0.04408235
39.57748413	0.04467234
39.60132599	0.06298267
39.62516785	0.11068390
39.64900970	0.13561550
39.67285156	0.08261441
39.69669342	0.04865431
39.72053528	0.02979141
39.74437714	0.03859668
39.76821899	0.19657950
39.79206085	0.65421860
39.81590271	0.72980530
39.83974457	0.28604390
39.86358643	0.04823485
39.88742828	0.02592264
39.91127014	0.04318022
39.93511200	0.09311049
39.95895386	0.20796790
39.98279572	0.19819550
40.00663757	0.08387008
40.03047943	0.04266468
40.05432129	0.03540618
40.07816315	0.04911705
40.10200500	0.06452688
40.12584686	0.08857172
40.14968872	0.07978645
40.17353058	0.06297757
40.19737244	0.05639192
40.22121429	0.05508776
40.24505615	0.05462938
40.26889801	0.05180181
40.29273987	0.05012722
40.31658173	0.05490857
40.34042358	0.07117289
40.36426544	0.10339360
40.38810730	0.08986317
40.41194916	0.05888429
40.43579102	0.04090620
40.45963287	0.03203873
40.48347473	0.05453172
40.50731659	0.17116220
40.53115845	0.31780170
40.55500031	0.22227550
40.57884216	0.07090639
40.60268402	0.03213190
40.62652588	0.02976088
40.65036774	0.06848603
40.67420959	0.25172630
40.69805145	0.40270150
40.72189331	0.23757520
40.74573517	0.06293575
40.76957703	0.03182659
40.79341888	0.03814788
40.81726074	0.05742019
40.84110260	0.09204848
40.86494446	0.11458550
40.88878632	0.07712412
40.91262817	0.05526343
40.93647003	0.04737194
40.96031189	0.04995221
40.98415375	0.05501385
41.00799561	0.05745127
41.03183746	0.05967181
41.05567932	0.06227436
41.07952118	0.07318778
41.10336304	0.08352513
41.12720490	0.06441475
41.15104675	0.05094047
41.17488861	0.03785393
41.19873047	0.04161012
41.22257233	0.07227577
41.24641418	0.16270290
41.27025604	0.18826300
41.29409790	0.09345044
41.31793976	0.04645148
41.34178162	0.02688064
41.36562347	0.04748631
41.38946533	0.46450790
41.41330719	1.36909400
41.43714905	1.36597400
41.46099091	0.45709030
41.48483276	0.04538048
41.50867462	0.02787951
41.53251648	0.04588749
41.55635834	0.08227298
41.58020020	0.14624830
41.60404205	0.12917680
41.62788391	0.06699309
41.65172577	0.04424709
41.67556763	0.04153261
41.69940948	0.05184830
41.72325134	0.06011061
41.74709320	0.07238963
41.77093506	0.06627271
41.79477692	0.06340051
41.81861877	0.06759087
41.84246063	0.06378786
41.86630249	0.05580662
41.89014435	0.04742958
41.91398621	0.04213545
41.93782806	0.05375987
41.96166992	0.08622565
41.98551178	0.13938870
42.00935364	0.10832420
42.03319550	0.05900866
42.05703735	0.03632590
42.08087921	0.03021872
42.10472107	0.09081930
42.12856293	0.49495280
42.15240479	0.84786180
42.17624664	0.51947080
42.20008850	0.10283840
42.22393036	0.02955833
42.24777222	0.03305075
42.27161407	0.06327744
42.29545593	0.15887480
42.31929779	0.22178990
42.34313965	0.12458440
42.36698151	0.05343376
42.39082336	0.03493616
42.41466522	0.04286677
42.43850708	0.05743879
42.46234894	0.07837620
42.48619080	0.08792689
42.51003265	0.06738880
42.53387451	0.05794165
42.55771637	0.05679313
42.58155823	0.05445947
42.60540009	0.05363102
42.62924194	0.04970553
42.65308380	0.05101426
42.67692566	0.06326565
42.70076752	0.09158678
42.72460938	0.10409390
42.74845123	0.06934295
42.77229309	0.04823326
42.79613495	0.03239318
42.81997681	0.04128735
42.84381866	0.10542810
42.86766052	0.28551410
42.89150238	0.29846120
42.91534424	0.12073130
42.93918610	0.04281222
42.96302795	0.02549625
42.98686981	0.04518557
43.01071167	0.15072560
43.03455353	0.36089940
43.05839539	0.32280890
43.08223724	0.10787370
43.10607910	0.03925220
43.12992096	0.03212402
43.15376282	0.04924395
43.17760468	0.07385265
43.20144653	0.11205380
43.22528839	0.09356767
43.24913025	0.06225211
43.27297211	0.04898019
43.29681396	0.04821647
43.32065582	0.05366547
43.34449768	0.05558172
43.36833954	0.05950722
43.39218140	0.05947351
43.41602325	0.06713568
43.43986511	0.08425526
43.46370697	0.07347146
43.48754883	0.05616095
43.51139069	0.04261491
43.53523254	0.03645876
43.55907440	0.05548468
43.58291626	0.12182550
43.60675812	0.20181790
43.63059998	0.13734330
43.65444183	0.05910284
43.67828369	0.03208044
43.70212555	0.03090038
43.72596741	0.17623720
43.74980927	0.89035610
43.77365112	1.35796600
43.79749298	0.73511910
43.82133484	0.11038990
43.84517670	0.02895345
43.86901855	0.03717747
43.89286041	0.06217361
43.91670227	0.12023350
43.94054413	0.14844960
43.96438599	0.08612946
43.98822784	0.05187144
44.01206970	0.04048753
44.03591156	0.04737713
44.05975342	0.05662660
44.08359528	0.06722816
44.10743713	0.07007997
44.13127899	0.06383216
44.15512085	0.06479516
44.17896271	0.06855505
44.20280457	0.05841263
44.22664642	0.05147145
44.25048828	0.04253836
44.27433014	0.04627641
44.29817200	0.06828729
44.32201385	0.12439560
44.34585571	0.13317910
44.36969757	0.07516998
44.39353943	0.04480607
44.41738129	0.02817804
44.44122314	0.04565822
44.46506500	0.30608080
44.48890686	0.83435370
44.51274872	0.78100110
44.53659058	0.24865510
44.56043243	0.04047488
44.58427429	0.02685035
44.60811615	0.04811623
44.63195801	0.10748280
44.65579987	0.21150810
44.67964172	0.17170640
44.70348358	0.07065590
44.72732544	0.03962654
44.75116730	0.03743426
44.77500916	0.05170247
44.79885101	0.06749208
44.82269287	0.08867391
44.84653473	0.07440768
44.87037659	0.06141740
44.89421844	0.05737088
44.91806030	0.05528852
44.94190216	0.05468993
44.96574402	0.05060107
44.98958588	0.04945166
45.01342773	0.05691294
45.03726959	0.07694216
45.06111145	0.10848970
45.08495331	0.08480431
45.10879517	0.05568790
45.13263702	0.03765184
45.15647888	0.03334703
45.18032074	0.06458881
45.20416260	0.21628170
45.22800446	0.34013110
45.25184631	0.20064350
45.27568817	0.06020246
45.29953003	0.02875545
45.32337189	0.03344714
45.34721375	0.08300682
45.37105560	0.27371860
45.39489746	0.36820060
45.41873932	0.18306940
45.44258118	0.05238541
45.46642303	0.03082889
45.49026489	0.04156334
45.51410675	0.06110092
45.53794861	0.09750476
45.56179047	0.10807400
45.58563232	0.07094537
45.60947418	0.05310743
45.63331604	0.04806295
45.65715790	0.05138320
45.68099976	0.05506103
45.70484161	0.05749819
45.72868347	0.05844034
45.75252533	0.06353745
45.77636719	0.07794834
45.80020905	0.08297662
45.82405090	0.06202126
45.84789276	0.04846617
45.87173462	0.03613524
45.89557648	0.04472563
45.91941833	0.08474111
45.94326019	0.18495070
45.96710205	0.18258900
45.99094391	0.08180448
46.01478577	0.04165063
46.03862762	0.02627824
46.06246948	0.06092126
46.08631134	0.48213060
46.11015320	1.15294000
46.13399506	0.96431870
46.15783691	0.25987110
46.18167877	0.03670109
46.20552063	0.02991849
46.22936249	0.05000427
46.25320435	0.09091590
46.27704620	0.14757150
46.30088806	0.11342440
46.32472992	0.06152411
46.34857178	0.04269449
46.37241364	0.04333418
46.39625549	0.05351459
46.42009735	0.06137975
46.44393921	0.07156590
46.46778107	0.06443913
46.49162292	0.06356535
46.51546478	0.06986955
46.53930664	0.06264349
46.56314850	0.05482452
46.58699036	0.04534426
46.61083221	0.04204144
46.63467407	0.05731019
46.65851593	0.09874515
46.68235779	0.14522560
46.70619965	0.09979844
46.73004150	0.05434506
46.75388336	0.03286186
46.77772522	0.03284135
46.80156708	0.15053970
46.82540894	0.69134380
46.84925079	0.98774100
46.87309265	0.50231510
46.89693451	0.07938683
46.92077637	0.02718461
46.94461823	0.03713119
46.96846008	0.07171435
46.99230194	0.17250720
47.01614380	0.20517560
47.03998566	0.10209970
47.06382751	0.04863389
47.08766937	0.03510098
47.11151123	0.04574618
47.13535309	0.05971692
47.15919495	0.08116490
47.18303680	0.08309831
47.20687866	0.06513981
47.23072052	0.05779116
47.25456238	0.05730329
47.27840424	0.05484496
47.30224609	0.05264338
47.32608795	0.04885918
47.34992981	0.05165569
47.37377167	0.06651842
47.39761353	0.10010690
47.42145538	0.10168060
47.44529724	0.06505164
47.46913910	0.04496171
47.49298096	0.03106263
47.51682281	0.04592117
47.54066467	0.13897210
47.56450653	0.32837210
47.58834839	0.28966510
47.61219025	0.10062990
47.63603210	0.03784588
47.65987396	0.02644849
47.68371582	0.05182960
47.70755768	0.17624200
47.73139954	0.35483590
47.75524139	0.26745960
47.77908325	0.08128801
47.80292511	0.03579822
47.82676697	0.03463478
47.85060883	0.05250445
47.87445068	0.07932570
47.89829254	0.11147640
47.92213440	0.08451974
47.94597626	0.05938113
47.96981812	0.04898351
47.99365997	0.04938153
48.01750183	0.05437520
48.04134369	0.05544140
48.06518555	0.05852276
48.08902740	0.06018231
48.11286926	0.07013971
48.13671112	0.08717926
48.16055298	0.07053690
48.18439484	0.05403874
48.20823669	0.03991045
48.23207855	0.03753363
48.25592041	0.06172784
48.27976227	0.14567600
48.30360413	0.20940580
48.32744598	0.12257020
48.35128784	0.05336021
48.37512970	0.02899591
48.39897156	0.03495030
48.42281342	0.21135910
48.44665527	0.83168170
48.47049713	1.05995500
48.49433899	0.47383700
48.51818085	0.06351371
48.54202271	0.02785746
48.56586456	0.04097541
48.58970642	0.06834177
48.61354828	0.12785140
48.63739014	0.13740120
48.66123199	0.07573745
48.68507385	0.04873012
48.70891571	0.04130375
48.73275757	0.04954544
48.75659943	0.05756604
48.78044128	0.06823184
48.80428314	0.06719703
