Частота	Канал A
(kГц)	(В)

0.00000000	0.28882520
0.02384186	0.12142670
0.04768372	0.01898015
0.07152557	0.00063355
0.09536743	0.00072508
0.11920929	0.00073835
0.14305115	0.00030484
0.16689301	0.00033481
0.19073486	0.00026130
0.21457672	0.00022812
0.23841858	0.00015239
0.26226044	0.00082260
0.28610229	0.00149794
0.30994415	0.00240133
0.33378601	0.00298720
0.35762787	0.00273881
0.38146973	0.00101629
0.40531158	0.00031820
0.42915344	0.00026855
0.45299530	0.00021903
0.47683716	0.00033369
0.50067902	0.00037658
0.52452087	0.00027184
0.54836273	0.00021565
0.57220459	0.00011068
0.59604645	0.00032819
0.61988831	0.00129490
0.64373016	0.00369331
0.66757202	0.00406511
0.69141388	0.00289342
0.71525574	0.00149659
0.73909760	0.00067179
0.76293945	0.00018465
0.78678131	0.00012594
0.81062317	0.00016591
0.83446503	0.00037273
0.85830688	0.00043854
0.88214874	0.00054998
0.90599060	0.00062904
0.92983246	0.00074987
0.95367432	0.01784169
0.97751617	0.10365530
1.00135803	0.16403160
1.02519989	0.09155238
1.04904175	0.01252782
1.07288361	0.00097830
1.09672546	0.00069331
1.12056732	0.00054501
1.14440918	0.00049625
1.16825104	0.00039681
1.19209290	0.00034196
1.21593475	0.00047607
1.23977661	0.00057089
1.26361847	0.00079914
1.28746033	0.00139030
1.31130219	0.00202522
1.33514404	0.00192972
1.35898590	0.00154390
1.38282776	0.00085121
1.40666962	0.00072481
1.43051147	0.00076402
1.45435333	0.00058595
1.47819519	0.00045739
1.50203705	0.00051415
1.52587891	0.00042484
1.54972076	0.00045015
1.57356262	0.00032656
1.59740448	0.00059600
1.62124634	0.00170981
1.64508820	0.00413834
1.66893005	0.00398676
1.69277191	0.00238232
1.71661377	0.00115703
1.74045563	0.00050866
1.76429749	0.00030028
1.78813934	0.00022188
1.81198120	0.00010379
1.83582306	0.00041681
1.85966492	0.00042811
1.88350677	0.00024707
1.90734863	0.00044604
1.93119049	0.00045207
1.95503235	0.01959713
1.97887421	0.10189970
2.00271606	0.15168740
2.02655792	0.07947143
2.05039978	0.00964573
2.07424164	0.00061740
2.09808350	0.00044641
2.12192535	0.00037813
2.14576721	0.00010031
2.16960907	0.00007707
2.19345093	0.00033704
2.21729279	0.00071388
2.24113464	0.00055740
2.26497650	0.00053192
2.28881836	0.00102878
2.31266022	0.00120646
2.33650208	0.00040548
2.36034393	0.00041512
2.38418579	0.00067683
2.40802765	0.00057494
2.43186951	0.00069698
2.45571136	0.00047943
2.47955322	0.00030363
2.50339508	0.00027142
2.52723694	0.00010765
2.55107880	0.00035053
2.57492065	0.00052677
2.59876251	0.00087524
2.62260437	0.00161310
2.64644623	0.00408873
2.67028809	0.00387214
2.69412994	0.00195276
2.71797180	0.00093341
2.74181366	0.00053194
2.76565552	0.00054390
2.78949738	0.00024823
2.81333923	0.00023973
2.83718109	0.00038639
2.86102295	0.00042071
2.88486481	0.00021268
2.90870667	0.00014199
2.93254852	0.00028872
2.95639038	0.02003342
2.98023224	0.09452531
3.00407410	0.13273740
3.02791595	0.06545968
3.05175781	0.00707944
3.07559967	0.00063761
3.09944153	0.00035028
3.12328339	0.00014249
3.14712524	0.00033001
3.17096710	0.00045918
3.19480896	0.00042059
3.21865082	0.00061884
3.24249268	0.00075764
3.26633453	0.00075985
3.29017639	0.00048432
3.31401825	0.00048483
3.33786011	0.00144326
3.36170197	0.00125468
3.38554382	0.00082778
3.40938568	0.00069260
3.43322754	0.00065321
3.45706940	0.00053822
3.48091125	0.00043684
3.50475311	0.00030892
3.52859497	0.00031046
3.55243683	0.00030549
3.57627869	0.00075713
3.60012054	0.00077907
3.62396240	0.00138044
3.64780426	0.00337518
3.67164612	0.00280406
3.69548798	0.00085176
3.71932983	0.00058610
3.74317169	0.00049445
3.76701355	0.00068066
3.79085541	0.00063594
3.81469727	0.00039798
3.83853912	0.00024897
3.86238098	0.00035453
3.88622284	0.00016923
3.91006470	0.00024068
3.93390656	0.00072895
3.95774841	0.01916500
3.98159027	0.08201724
4.00543213	0.10845290
4.02927399	0.05021818
4.05311584	0.00498640
4.07695770	0.00024833
4.10079956	0.00020639
4.12464142	0.00001427
4.14848328	0.00033585
4.17232513	0.00039004
4.19616699	0.00052587
4.22000885	0.00079595
4.24385071	0.00080328
4.26769257	0.00043017
4.29153442	0.00049156
4.31537628	0.00147717
4.33921814	0.00289367
4.36306000	0.00224397
4.38690186	0.00102539
4.41074371	0.00067602
4.43458557	0.00074437
4.45842743	0.00048446
4.48226929	0.00032624
4.50611115	0.00018365
4.52995300	0.00036948
4.55379486	0.00044598
4.57763672	0.00056221
4.60147858	0.00074050
4.62532043	0.00137255
4.64916229	0.00243896
4.67300415	0.00169344
4.69684601	0.00024546
4.72068787	0.00074463
4.74452972	0.00068841
4.76837158	0.00062675
4.79221344	0.00050462
4.81605530	0.00040848
4.83989716	0.00022564
4.86373901	0.00030977
4.88758087	0.00017293
4.91142273	0.00038737
4.93526459	0.00081486
4.95910645	0.01665117
4.98294830	0.06530444
5.00679016	0.08152409
5.03063202	0.03541966
5.05447388	0.00316750
5.07831573	0.00026896
5.10215759	0.00027130
5.12599945	0.00014325
5.14984131	0.00029741
5.17368317	0.00059982
5.19752502	0.00048635
5.22136688	0.00018775
5.24520874	0.00051274
5.26905060	0.00054792
5.29289246	0.00105154
5.31673431	0.00222271
5.34057617	0.00395659
5.36441803	0.00285716
5.38825989	0.00113863
5.41210175	0.00075961
5.43594360	0.00034271
5.45978546	0.00016730
5.48362732	0.00027390
5.50746918	0.00033521
5.53131104	0.00044606
5.55515289	0.00035644
5.57899475	0.00061553
5.60283661	0.00085220
5.62667847	0.00075733
5.65052032	0.00071475
5.67436218	0.00083109
5.69820404	0.00074398
5.72204590	0.00057970
5.74588776	0.00063934
5.76972961	0.00062339
5.79357147	0.00067560
5.81741333	0.00057927
5.84125519	0.00027347
5.86509705	0.00029220
5.88893890	0.00033584
5.91278076	0.00059324
5.93662262	0.00123176
5.96046448	0.01314010
5.98430634	0.04608885
6.00814819	0.05411508
6.03199005	0.02206727
6.05583191	0.00188369
6.07967377	0.00042516
6.10351563	0.00075065
6.12735748	0.00074687
6.15119934	0.00042184
6.17504120	0.00046797
6.19888306	0.00055761
6.22272491	0.00042979
6.24656677	0.00029926
6.27040863	0.00048828
6.29425049	0.00171198
6.31809235	0.00292621
6.34193420	0.00413827
6.36577606	0.00272893
6.38961792	0.00062049
6.41345978	0.00050461
6.43730164	0.00043626
6.46114349	0.00030533
6.48498535	0.00034256
6.50882721	0.00042129
6.53266907	0.00079619
6.55651093	0.00085117
6.58035278	0.00045303
6.60419464	0.00038242
6.62803650	0.00079646
6.65187836	0.00114568
6.67572021	0.00151087
6.69956207	0.00137700
6.72340393	0.00073264
6.74724579	0.00076080
6.77108765	0.00041412
6.79492950	0.00020076
6.81877136	0.00036305
6.84261322	0.00027133
6.86645508	0.00031686
6.89029694	0.00056738
6.91413879	0.00086807
6.93798065	0.00095968
6.96182251	0.00800114
6.98566437	0.02565506
7.00950623	0.02837135
7.03334808	0.01087086
7.05718994	0.00102495
7.08103180	0.00059320
7.10487366	0.00073533
7.12871552	0.00062294
7.15255737	0.00024046
7.17639923	0.00018146
7.20024109	0.00024953
7.22408295	0.00012168
7.24792480	0.00025542
7.27176666	0.00065266
7.29560852	0.00182103
7.31945038	0.00316049
7.34329224	0.00434198
7.36713409	0.00294119
7.39097595	0.00084647
7.41481781	0.00033792
7.43865967	0.00052892
7.46250153	0.00063849
7.48634338	0.00064658
7.51018524	0.00062293
7.53402710	0.00058914
7.55786896	0.00053708
7.58171082	0.00045054
7.60555267	0.00033159
7.62939453	0.00156431
7.65323639	0.00298979
7.67707825	0.00268398
7.70092010	0.00197590
7.72476196	0.00096863
7.74860382	0.00078639
7.77244568	0.00054622
7.79628754	0.00029321
7.82012939	0.00013473
7.84397125	0.00017895
7.86781311	0.00054796
7.89165497	0.00065826
7.91549683	0.00087770
7.93933868	0.00099203
7.96318054	0.00259490
7.98702240	0.00617612
8.01086426	0.00652731
8.03470612	0.00286018
8.05854797	0.00094776
8.08238983	0.00064243
8.10623169	0.00052446
8.13007355	0.00058708
8.15391541	0.00042052
8.17775726	0.00011797
8.20159912	0.00024964
8.22544098	0.00037007
8.24928284	0.00066698
8.27312469	0.00086161
8.29696655	0.00218935
8.32080841	0.00305686
8.34465027	0.00324018
8.36849213	0.00196741
8.39233398	0.00043012
8.41617584	0.00006441
8.44001770	0.00025246
8.46385956	0.00037945
8.48770142	0.00022083
8.51154327	0.00051968
8.53538513	0.00064394
8.55922699	0.00050283
8.58306885	0.00046551
8.60691071	0.00076003
8.63075256	0.00254616
8.65459442	0.00423920
8.67843628	0.00334133
8.70227814	0.00215830
8.72612000	0.00095561
8.74996185	0.00070659
8.77380371	0.00051673
8.79764557	0.00046419
8.82148743	0.00025739
8.84532928	0.00028026
8.86917114	0.00044356
8.89301300	0.00062284
8.91685486	0.00075017
8.94069672	0.00028966
8.96453857	0.00358970
8.98838043	0.01108930
9.01222229	0.01102610
9.03606415	0.00351106
9.05990601	0.00064711
9.08374786	0.00083115
9.10758972	0.00060297
9.13143158	0.00054204
9.15527344	0.00038841
9.17911530	0.00029727
9.20295715	0.00013491
9.22679901	0.00033255
9.25064087	0.00083375
9.27448273	0.00114741
9.29832458	0.00192857
9.32216644	0.00213829
9.34600830	0.00171973
9.36985016	0.00085844
9.39369202	0.00036028
9.41753387	0.00047395
9.44137573	0.00020756
9.46521759	0.00040411
9.48905945	0.00042391
9.51290131	0.00032917
9.53674316	0.00038679
9.56058502	0.00052322
9.58442688	0.00063786
9.60826874	0.00074518
9.63211060	0.00325532
9.65595245	0.00527435
9.67979431	0.00361530
9.70363617	0.00182821
9.72747803	0.00067373
9.75131989	0.00058001
9.77516174	0.00039385
9.79900360	0.00033253
9.82284546	0.00036503
9.84668732	0.00058056
9.87052917	0.00056281
9.89437103	0.00046157
9.91821289	0.00049503
9.94205475	0.00026887
9.96589661	0.00842218
9.98973846	0.02372297
10.01358032	0.02219797
10.03742218	0.00648882
10.06126404	0.00055379
10.08510590	0.00079514
10.10894775	0.00042716
10.13278961	0.00035829
10.15663147	0.00026685
10.18047333	0.00041638
10.20431519	0.00037809
10.22815704	0.00029216
10.25199890	0.00048773
10.27584076	0.00082996
10.29968262	0.00144795
10.32352448	0.00142733
10.34736633	0.00078036
10.37120819	0.00072771
10.39505005	0.00066675
10.41889191	0.00045106
10.44273376	0.00028882
10.46657562	0.00054206
10.49041748	0.00036357
10.51425934	0.00026814
10.53810120	0.00019243
10.56194305	0.00035604
10.58578491	0.00068125
10.60962677	0.00122018
10.63346863	0.00346241
10.65731049	0.00521626
10.68115234	0.00323420
10.70499420	0.00152577
10.72883606	0.00061976
10.75267792	0.00049452
10.77651978	0.00050084
10.80036163	0.00058305
10.82420349	0.00054254
10.84804535	0.00034457
10.87188721	0.00045293
10.89572906	0.00028956
10.91957092	0.00020230
10.94341278	0.00088540
10.96725464	0.01233661
10.99109650	0.03181866
11.01493835	0.02807972
11.03878021	0.00787263
11.06262207	0.00058166
11.08646393	0.00030348
11.11030579	0.00026051
11.13414764	0.00032913
11.15798950	0.00049269
11.18183136	0.00073839
11.20567322	0.00047856
11.22951508	0.00046184
11.25335693	0.00065896
11.27719879	0.00066089
11.30104065	0.00049083
11.32488251	0.00094193
11.34872437	0.00121519
11.37256622	0.00089092
11.39640808	0.00071985
11.42024994	0.00050661
11.44409180	0.00030729
11.46793365	0.00040594
11.49177551	0.00029316
11.51561737	0.00029227
11.53945923	0.00023438
11.56330109	0.00028832
11.58714294	0.00069912
11.61098480	0.00110265
11.63482666	0.00294312
11.65866852	0.00436895
11.68251038	0.00242901
11.70635223	0.00077900
11.73019409	0.00032439
11.75403595	0.00046969
11.77787781	0.00074090
11.80171967	0.00076730
11.82556152	0.00044205
11.84940338	0.00006421
11.87324524	0.00024486
11.89708710	0.00020202
11.92092896	0.00028102
11.94477081	0.00168379
11.96861267	0.01463748
11.99245453	0.03478079
12.01629639	0.02897212
12.04013824	0.00759862
12.06398010	0.00075230
12.08782196	0.00034197
12.11166382	0.00022643
12.13550568	0.00022845
12.15934753	0.00034720
12.18318939	0.00059086
12.20703125	0.00043208
12.23087311	0.00049026
12.25471497	0.00062327
12.27855682	0.00057021
12.30239868	0.00050655
12.32624054	0.00179415
12.35008240	0.00243694
12.37392426	0.00128443
12.39776611	0.00088543
12.42160797	0.00068178
12.44544983	0.00050065
12.46929169	0.00032433
12.49313354	0.00023893
12.51697540	0.00031605
12.54081726	0.00030598
12.56465912	0.00042174
12.58850098	0.00066050
12.61234283	0.00087931
12.63618469	0.00243380
12.66002655	0.00325312
12.68386841	0.00146722
12.70771027	0.00018753
12.73155212	0.00046350
12.75539398	0.00016611
12.77923584	0.00035847
12.80307770	0.00047956
12.82691956	0.00033785
12.85076141	0.00029337
12.87460327	0.00036639
12.89844513	0.00028961
12.92228699	0.00042596
12.94612885	0.00209984
12.96997070	0.01454931
12.99381256	0.03234532
13.01765442	0.02531663
13.04149628	0.00590038
13.06533813	0.00060217
13.08917999	0.00026858
13.11302185	0.00039046
13.13686371	0.00043944
13.16070557	0.00065112
13.18454742	0.00065694
13.20838928	0.00048525
13.23223114	0.00015303
13.25607300	0.00017830
13.27991486	0.00062470
13.30375671	0.00137381
13.32759857	0.00294800
13.35144043	0.00348959
13.37528229	0.00164571
13.39912415	0.00112267
13.42296600	0.00064495
13.44680786	0.00025777
13.47064972	0.00040161
13.49449158	0.00055506
13.51833344	0.00066995
13.54217529	0.00069348
13.56601715	0.00038898
13.58985901	0.00066274
13.61370087	0.00096875
13.63754272	0.00106579
13.66138458	0.00119914
13.68522644	0.00073052
13.70906830	0.00060422
13.73291016	0.00055097
13.75675201	0.00053726
13.78059387	0.00053390
13.80443573	0.00051705
13.82827759	0.00036691
13.85211945	0.00013323
13.87596130	0.00016692
13.89980316	0.00036925
13.92364502	0.00057643
13.94748688	0.00221965
13.97132874	0.01286629
13.99517059	0.02638079
14.01901245	0.01945868
14.04285431	0.00431397
14.06669617	0.00038057
14.09053802	0.00036797
14.11437988	0.00062929
14.13822174	0.00063510
14.16206360	0.00049241
14.18590546	0.00054888
14.20974731	0.00043840
14.23358917	0.00013586
14.25743103	0.00017803
14.28127289	0.00096392
14.30511475	0.00223360
14.32895660	0.00357047
14.35279846	0.00386069
14.37664032	0.00162442
14.40048218	0.00072548
14.42432404	0.00031060
14.44816589	0.00008788
14.47200775	0.00008479
14.49584961	0.00025535
14.51969147	0.00049993
14.54353333	0.00061287
14.56737518	0.00066314
14.59121704	0.00068190
14.61505890	0.00061212
14.63890076	0.00052725
14.66274261	0.00094963
14.68658447	0.00143685
14.71042633	0.00106981
14.73426819	0.00074781
14.75811005	0.00055448
14.78195190	0.00041269
14.80579376	0.00017041
14.82963562	0.00009692
14.85347748	0.00013189
14.87731934	0.00034712
14.90116119	0.00034333
14.92500305	0.00062070
14.94884491	0.00195025
14.97268677	0.00900009
14.99652863	0.01719179
15.02037048	0.01205152
15.04421234	0.00263185
15.06805420	0.00030827
15.09189606	0.00027735
15.11573792	0.00069704
15.13957977	0.00065447
15.16342163	0.00047633
15.18726349	0.00022037
15.21110535	0.00035056
15.23494720	0.00037811
15.25878906	0.00051407
15.28263092	0.00096836
15.30647278	0.00235798
15.33031464	0.00348775
15.35415649	0.00368443
15.37799835	0.00160465
15.40184021	0.00053006
15.42568207	0.00039258
15.44952393	0.00048054
15.47336578	0.00052704
15.49720764	0.00057611
15.52104950	0.00054630
15.54489136	0.00065194
15.56873322	0.00051566
15.59257507	0.00046949
15.61641693	0.00089151
15.64025879	0.00208523
15.66410065	0.00258981
15.68794250	0.00232685
15.71178436	0.00156318
15.73562622	0.00101376
15.75946808	0.00054116
15.78330994	0.00047410
15.80715179	0.00041335
15.83099365	0.00041780
15.85483551	0.00044988
15.87867737	0.00053059
15.90251923	0.00065755
15.92636108	0.00079024
15.95020294	0.00136997
15.97404480	0.00407111
15.99788666	0.00690219
16.02172852	0.00469529
16.04557037	0.00139895
16.06941223	0.00074855
16.09325409	0.00057331
16.11709595	0.00040858
16.14093781	0.00016156
16.16477966	0.00044712
16.18862152	0.00059066
16.21246338	0.00055671
16.23630524	0.00043469
16.26014709	0.00069182
16.28398895	0.00165791
16.30783081	0.00278491
16.33167267	0.00300389
16.35551453	0.00264143
16.37935638	0.00090269
16.40319824	0.00025710
16.42704010	0.00020722
16.45088196	0.00022262
16.47472382	0.00045696
16.49856567	0.00055176
16.52240753	0.00035275
16.54624939	0.00043346
16.57009125	0.00029950
16.59393311	0.00038599
16.61777496	0.00125320
16.64161682	0.00353778
16.66545868	0.00400233
16.68930054	0.00279422
16.71314240	0.00145286
16.73698425	0.00078592
16.76082611	0.00058409
16.78466797	0.00023803
16.80850983	0.00009417
16.83235168	0.00027914
16.85619354	0.00033746
16.88003540	0.00039508
16.90387726	0.00057794
16.92771912	0.00065826
16.95156097	0.00030739
16.97540283	0.00191367
16.99924469	0.00334400
17.02308655	0.00204011
17.04692841	0.00092512
17.07077026	0.00068867
17.09461212	0.00048193
17.11845398	0.00052681
17.14229584	0.00028731
17.16613770	0.00037051
17.18997955	0.00028742
17.21382141	0.00031937
17.23766327	0.00054689
17.26150513	0.00092519
17.28534698	0.00142607
17.30918884	0.00260620
17.33303070	0.00262162
17.35687256	0.00201723
17.38071442	0.00085553
17.40455627	0.00035396
17.42839813	0.00013881
17.45223999	0.00044089
17.47608185	0.00058173
17.49992371	0.00062759
17.52376556	0.00052196
17.54760742	0.00046636
17.57144928	0.00027324
17.59529114	0.00045823
17.61913300	0.00149089
17.64297485	0.00455796
17.66681671	0.00485337
17.69065857	0.00275122
17.71450043	0.00133516
17.73834229	0.00060042
17.76218414	0.00024843
17.78602600	0.00016809
17.80986786	0.00037608
17.83370972	0.00060817
17.85755157	0.00051838
17.88139343	0.00033090
17.90523529	0.00030542
17.92907715	0.00044148
17.95291901	0.00089385
17.97676086	0.00700624
18.00060272	0.01169592
18.02444458	0.00665360
18.04828644	0.00096671
18.07212830	0.00077109
18.09597015	0.00073394
18.11981201	0.00039125
18.14365387	0.00040996
18.16749573	0.00047771
18.19133759	0.00051189
18.21517944	0.00064748
18.23902130	0.00066279
18.26286316	0.00063569
18.28670502	0.00113881
18.31054688	0.00180300
18.33438873	0.00122688
18.35823059	0.00075521
18.38207245	0.00057252
18.40591431	0.00042124
18.42975616	0.00033673
18.45359802	0.00034556
18.47743988	0.00046714
18.50128174	0.00048862
18.52512360	0.00025711
18.54896545	0.00010421
18.57280731	0.00012597
18.59664917	0.00040342
18.62049103	0.00176286
18.64433289	0.00514732
18.66817474	0.00520309
18.69201660	0.00267387
18.71585846	0.00116759
18.73970032	0.00032058
18.76354218	0.00009137
18.78738403	0.00012129
18.81122589	0.00026672
18.83506775	0.00067721
18.85890961	0.00072494
18.88275146	0.00038873
18.90659332	0.00013710
18.93043518	0.00046342
18.95427704	0.00179783
18.97811890	0.01147372
19.00196075	0.01802945
19.02580261	0.00982838
19.04964447	0.00138597
19.07348633	0.00060439
19.09732819	0.00035859
19.12117004	0.00034572
19.14501190	0.00017188
19.16885376	0.00014168
19.19269562	0.00029623
19.21653748	0.00037023
19.24037933	0.00070398
19.26422119	0.00077399
19.28806305	0.00086343
19.31190491	0.00112318
19.33574677	0.00082188
19.35958862	0.00066934
19.38343048	0.00058710
19.40727234	0.00054862
19.43111420	0.00066097
19.45495605	0.00049188
19.47879791	0.00022480
19.50263977	0.00028445
19.52648163	0.00026988
19.55032349	0.00025550
19.57416534	0.00026841
19.59800720	0.00077987
19.62184906	0.00188703
19.64569092	0.00469297
19.66953278	0.00437461
19.69337463	0.00173710
19.71721649	0.00056454
19.74105835	0.00021866
19.76490021	0.00027792
19.78874207	0.00042381
19.81258392	0.00053761
19.83642578	0.00047516
19.86026764	0.00056900
19.88410950	0.00040880
19.90795135	0.00029361
19.93179321	0.00046574
19.95563507	0.00326644
19.97947693	0.01436347
20.00331879	0.02073837
20.02716064	0.01050098
20.05100250	0.00121530
20.07484436	0.00058344
20.09868622	0.00029326
20.12252808	0.00018540
20.14636993	0.00025731
20.17021179	0.00034590
20.19405365	0.00057761
20.21789551	0.00074225
20.24173737	0.00068987
20.26557922	0.00058920
20.28942108	0.00041184
20.31326294	0.00055380
20.33710480	0.00196094
20.36094666	0.00184151
20.38478851	0.00091911
20.40863037	0.00084138
20.43247223	0.00062202
20.45631409	0.00046863
20.48015594	0.00044283
20.50399780	0.00021993
20.52783966	0.00026479
20.55168152	0.00020169
20.57552338	0.00046574
20.59936523	0.00095758
20.62320709	0.00174132
20.64704895	0.00387994
20.67089081	0.00330237
20.69473267	0.00089670
20.71857452	0.00006740
20.74241638	0.00023369
20.76625824	0.00074017
20.79010010	0.00056525
20.81394196	0.00048852
20.83778381	0.00049088
20.86162567	0.00044302
20.88546753	0.00037693
20.90930939	0.00046860
20.93315125	0.00069559
20.95699310	0.00384500
20.98083496	0.01527424
21.00467682	0.02090228
21.02851868	0.01005318
21.05236053	0.00115028
21.07620239	0.00033808
21.10004425	0.00034453
21.12388611	0.00040412
21.14772797	0.00047299
21.17156982	0.00051832
21.19541168	0.00060042
21.21925354	0.00059238
21.24309540	0.00041773
21.26693726	0.00029367
21.29077911	0.00057371
21.31462097	0.00140238
21.33846283	0.00287825
21.36230469	0.00236895
21.38614655	0.00102260
21.40998840	0.00068792
21.43383026	0.00055658
21.45767212	0.00034192
21.48151398	0.00027189
21.50535583	0.00029795
21.52919769	0.00040982
21.55303955	0.00039866
21.57688141	0.00084859
21.60072327	0.00086169
21.62456512	0.00107991
21.64840698	0.00215992
21.67224884	0.00157282
21.69609070	0.00031852
21.71993256	0.00058240
21.74377441	0.00055400
21.76761627	0.00073935
21.79145813	0.00084633
21.81529999	0.00068796
21.83914185	0.00028438
21.86298370	0.00026877
21.88682556	0.00033674
21.91066742	0.00048664
21.93450928	0.00070935
21.95835114	0.00403754
21.98219299	0.01391604
22.00603485	0.01772578
22.02987671	0.00785940
22.05371857	0.00070249
22.07756042	0.00023780
22.10140228	0.00033529
22.12524414	0.00049175
22.14908600	0.00068356
22.17292786	0.00050471
22.19676971	0.00024447
22.22061157	0.00056371
22.24445343	0.00070688
22.26829529	0.00062934
22.29213715	0.00137123
22.31597900	0.00247625
22.33982086	0.00373897
22.36366272	0.00287875
22.38750458	0.00107925
22.41134644	0.00049476
22.43518829	0.00038594
22.45903015	0.00036231
22.48287201	0.00048978
22.50671387	0.00045478
22.53055573	0.00053406
22.55439758	0.00060060
22.57823944	0.00069972
22.60208130	0.00071500
22.62592316	0.00089224
22.64976501	0.00025086
22.67360687	0.00077686
22.69744873	0.00102917
22.72129059	0.00058694
22.74513245	0.00067735
22.76897430	0.00080637
22.79281616	0.00046908
22.81665802	0.00024007
22.84049988	0.00014080
22.86434174	0.00027073
22.88818359	0.00048915
22.91202545	0.00077420
22.93586731	0.00090838
22.95970917	0.00360644
22.98355103	0.01064795
23.00739288	0.01274010
23.03123474	0.00560071
23.05507660	0.00088077
23.07891846	0.00042803
23.10276031	0.00036886
23.12660217	0.00061685
23.15044403	0.00056502
23.17428589	0.00039677
23.19812775	0.00038454
23.22196960	0.00018071
23.24581146	0.00029736
23.26965332	0.00064171
23.29349518	0.00175847
23.31733704	0.00282497
23.34117889	0.00381089
23.36502075	0.00266843
23.38886261	0.00098073
23.41270447	0.00038487
23.43654633	0.00016002
23.46038818	0.00029689
23.48423004	0.00044457
23.50807190	0.00041620
23.53191376	0.00062300
23.55575562	0.00076391
23.57959747	0.00045476
23.60343933	0.00046816
23.62728119	0.00134877
23.65112305	0.00232132
23.67496490	0.00226506
23.69880676	0.00185441
23.72264862	0.00103779
23.74649048	0.00069526
23.77033234	0.00048217
23.79417419	0.00051215
23.81801605	0.00048370
23.84185791	0.00043184
23.86569977	0.00037072
23.88954163	0.00032867
23.91338348	0.00054453
23.93722534	0.00090915
23.96106720	0.00246334
23.98490906	0.00567757
24.00875092	0.00630219
24.03259277	0.00263198
24.05643463	0.00055601
24.08027649	0.00055581
24.10411835	0.00056190
24.12796021	0.00044231
24.15180206	0.00035880
24.17564392	0.00032975
24.19948578	0.00045748
24.22332764	0.00046463
24.24716949	0.00047960
24.27101135	0.00063239
24.29485321	0.00229712
24.31869507	0.00322284
24.34253693	0.00350073
24.36637878	0.00236421
24.39022064	0.00078226
24.41406250	0.00050164
24.43790436	0.00039533
24.46174622	0.00030227
24.48558807	0.00028197
24.50942993	0.00044067
24.53327179	0.00038241
24.55711365	0.00038690
24.58095551	0.00056719
24.60479736	0.00071054
24.62863922	0.00231441
24.65248108	0.00415872
24.67632294	0.00339704
24.70016479	0.00208130
24.72400665	0.00086189
24.74784851	0.00069799
24.77169037	0.00042034
24.79553223	0.00023790
24.81937408	0.00023992
24.84321594	0.00030073
24.86705780	0.00024530
24.89089966	0.00029850
24.91474152	0.00081250
24.93858337	0.00075411
24.96242523	0.00072070
24.98626709	0.00030271
25.01010895	0.00053821
25.03395081	0.00092468
25.05779266	0.00062841
25.08163452	0.00054070
25.10547638	0.00049930
25.12931824	0.00055540
25.15316010	0.00048135
25.17700195	0.00039872
25.20084381	0.00032429
25.22468567	0.00046864
25.24852753	0.00062229
25.27236938	0.00101689
25.29621124	0.00206459
25.32005310	0.00266292
25.34389496	0.00239240
25.36773682	0.00132348
25.39157867	0.00032643
25.41542053	0.00033665
25.43926239	0.00026310
25.46310425	0.00036880
25.48694611	0.00059492
25.51078796	0.00039862
25.53462982	0.00023352
25.55847168	0.00018075
25.58231354	0.00014957
25.60615540	0.00040748
25.62999725	0.00281167
25.65383911	0.00536143
25.67768097	0.00408603
25.70152283	0.00233157
25.72536469	0.00098639
25.74920654	0.00054812
25.77304840	0.00038181
25.79689026	0.00049302
25.82073212	0.00046359
25.84457397	0.00030099
25.86841583	0.00040361
25.89225769	0.00041951
25.91609955	0.00056319
25.93994141	0.00058328
25.96378326	0.00147603
25.98762512	0.00547584
26.01146698	0.00574506
26.03530884	0.00197938
26.05915070	0.00068250
26.08299255	0.00086002
26.10683441	0.00051042
26.13067627	0.00031537
26.15451813	0.00023212
26.17835999	0.00027753
26.20220184	0.00010831
26.22604370	0.00048604
26.24988556	0.00104745
26.27372742	0.00109937
26.29756927	0.00174939
26.32141113	0.00197056
26.34525299	0.00138159
26.36909485	0.00086301
26.39293671	0.00049758
26.41677856	0.00055165
26.44062042	0.00050419
26.46446228	0.00050698
26.48830414	0.00034676
26.51214600	0.00026482
26.53598785	0.00036564
26.55982971	0.00040438
26.58367157	0.00049572
26.60751343	0.00085955
26.63135529	0.00361439
26.65519714	0.00613120
26.67903900	0.00394489
26.70288086	0.00163581
26.72672272	0.00068238
26.75056458	0.00048031
26.77440643	0.00039298
26.79824829	0.00034418
26.82209015	0.00027909
26.84593201	0.00057532
26.86977386	0.00045627
26.89361572	0.00045320
26.91745758	0.00054648
26.94129944	0.00043684
26.96514130	0.00337936
26.98898315	0.01004664
27.01282501	0.00981167
27.03666687	0.00311179
27.06050873	0.00087671
27.08435059	0.00065999
27.10819244	0.00048868
27.13203430	0.00042397
27.15587616	0.00033048
27.17971802	0.00011706
27.20355988	0.00033125
27.22740173	0.00054215
27.25124359	0.00047036
27.27508545	0.00113803
27.29892731	0.00157632
27.32276917	0.00117928
27.34661102	0.00024381
27.37045288	0.00050955
27.39429474	0.00069560
27.41813660	0.00083085
27.44197845	0.00074635
27.46582031	0.00056435
27.48966217	0.00025872
27.51350403	0.00027525
27.53734589	0.00026816
27.56118774	0.00047949
27.58502960	0.00080870
27.60887146	0.00120414
27.63271332	0.00386264
27.65655518	0.00629155
27.68039703	0.00385162
27.70423889	0.00131123
27.72808075	0.00053422
27.75192261	0.00037977
27.77576447	0.00030074
27.79960632	0.00038407
27.82344818	0.00037942
27.84729004	0.00034782
27.87113190	0.00028117
27.89497375	0.00031874
27.91881561	0.00027355
27.94265747	0.00062856
27.96649933	0.00481093
27.99034119	0.01295602
28.01418304	0.01191804
28.03802490	0.00347994
28.06186676	0.00060696
28.08570862	0.00030966
28.10955048	0.00023597
28.13339233	0.00013965
28.15723419	0.00019558
28.18107605	0.00045545
28.20491791	0.00055677
28.22875977	0.00074482
28.25260162	0.00068379
28.27644348	0.00061154
28.30028534	0.00026043
28.32412720	0.00076625
28.34796906	0.00107299
28.37181091	0.00084759
28.39565277	0.00097727
28.41949463	0.00070893
28.44333649	0.00038255
28.46717834	0.00046184
28.49102020	0.00040784
28.51486206	0.00024508
28.53870392	0.00024750
28.56254578	0.00047246
28.58638763	0.00066363
28.61022949	0.00119280
28.63407135	0.00341668
28.65791321	0.00504420
28.68175507	0.00283986
28.70559692	0.00071875
28.72943878	0.00025345
28.75328064	0.00046276
28.77712250	0.00063711
28.80096436	0.00050205
28.82480621	0.00048949
28.84864807	0.00051809
28.87248993	0.00049425
28.89633179	0.00023961
28.92017365	0.00010898
28.94401550	0.00106653
28.96785736	0.00617375
28.99169922	0.01457960
29.01554108	0.01258605
29.03938293	0.00360206
29.06322479	0.00071041
29.08706665	0.00039198
29.11090851	0.00035438
29.13475037	0.00020330
29.15859222	0.00040632
29.18243408	0.00070887
29.20627594	0.00063347
29.23011780	0.00040040
29.25395966	0.00025838
29.27780151	0.00044718
29.30164337	0.00058829
29.32548523	0.00169668
29.34932709	0.00238772
29.37316895	0.00146679
29.39701080	0.00105547
29.42085266	0.00058355
29.44469452	0.00052594
29.46853638	0.00026193
29.49237823	0.00018072
29.51622009	0.00034910
29.54006195	0.00043532
29.56390381	0.00059275
29.58774567	0.00077130
29.61158752	0.00095896
29.63542938	0.00228447
29.65927124	0.00323667
29.68311310	0.00156457
29.70695496	0.00012467
29.73079681	0.00053400
29.75463867	0.00042143
29.77848053	0.00062565
29.80232239	0.00062813
29.82616425	0.00046045
29.85000610	0.00027852
29.87384796	0.00020463
29.89768982	0.00024127
29.92153168	0.00052574
29.94537354	0.00148314
29.96921539	0.00622485
29.99305725	0.01344819
30.01689911	0.01089686
30.04074097	0.00283693
30.06458282	0.00049382
30.08842468	0.00011751
30.11226654	0.00018210
30.13610840	0.00042957
30.15995026	0.00048005
30.18379211	0.00038147
30.20763397	0.00037615
30.23147583	0.00033362
30.25531769	0.00028620
30.27915955	0.00071847
30.30300140	0.00160203
30.32684326	0.00281181
30.35068512	0.00335684
30.37452698	0.00164122
30.39836884	0.00091156
30.42221069	0.00070057
30.44605255	0.00043612
30.46989441	0.00019593
30.49373627	0.00031763
30.51757813	0.00043571
30.54141998	0.00053403
30.56526184	0.00074110
30.58910370	0.00080983
30.61294556	0.00070323
30.63678741	0.00076848
30.66062927	0.00080115
30.68447113	0.00079687
30.70831299	0.00092720
30.73215485	0.00076322
30.75599670	0.00041752
30.77983856	0.00046673
30.80368042	0.00032520
30.82752228	0.00028910
30.85136414	0.00028745
30.87520599	0.00020134
30.89904785	0.00038072
30.92288971	0.00071098
30.94673157	0.00155319
30.97057343	0.00547428
30.99441528	0.01097861
31.01825714	0.00835948
31.04209900	0.00196815
31.06594086	0.00034961
31.08978271	0.00036736
31.11362457	0.00041723
31.13746643	0.00034978
31.16130829	0.00060721
31.18515015	0.00064839
31.20899200	0.00049407
31.23283386	0.00038040
31.25667572	0.00044831
31.28051758	0.00122417
31.30435944	0.00249365
31.32820129	0.00330470
31.35204315	0.00356234
31.37588501	0.00172283
31.39972687	0.00051567
31.42356873	0.00015191
31.44741058	0.00012989
31.47125244	0.00014857
31.49509430	0.00036477
31.51893616	0.00048121
31.54277802	0.00064045
31.56661987	0.00066730
31.59046173	0.00039616
31.61430359	0.00079396
31.63814545	0.00161118
31.66198730	0.00196861
31.68582916	0.00190756
31.70967102	0.00133027
31.73351288	0.00097624
31.75735474	0.00055944
31.78119659	0.00040820
31.80503845	0.00035733
31.82888031	0.00027041
31.85272217	0.00027035
31.87656403	0.00048716
31.90040588	0.00072137
31.92424774	0.00083120
31.94808960	0.00149774
31.97193146	0.00379958
31.99577332	0.00647107
32.01961517	0.00464600
32.04345703	0.00123241
32.06729889	0.00055491
32.09114075	0.00054519
32.11498260	0.00035655
32.13882446	0.00036381
32.16266632	0.00034054
32.18650818	0.00047778
32.21035004	0.00055896
32.23419189	0.00047203
32.25803375	0.00066424
32.28187561	0.00138525
32.30571747	0.00286890
32.32955933	0.00348372
32.35340118	0.00323905
32.37724304	0.00120137
32.40108490	0.00035674
32.42492676	0.00017495
32.44876862	0.00029664
32.47261047	0.00022757
32.49645233	0.00059251
32.52029419	0.00068165
32.54413605	0.00045800
32.56797791	0.00052645
32.59181976	0.00055881
32.61566162	0.00105295
32.63950348	0.00316134
32.66334534	0.00387126
32.68718719	0.00261956
32.71102905	0.00133236
32.73487091	0.00074020
32.75871277	0.00062208
32.78255463	0.00036472
32.80639648	0.00015734
32.83023834	0.00016234
32.85408020	0.00031593
32.87792206	0.00030127
32.90176392	0.00033002
32.92560577	0.00067961
32.94944763	0.00086680
32.97328949	0.00118655
32.99713135	0.00147060
33.02097321	0.00132214
33.04481506	0.00097256
33.06865692	0.00086267
33.09249878	0.00064421
33.11634064	0.00044463
33.14018250	0.00056168
33.16402435	0.00066823
33.18786621	0.00039538
33.21170807	0.00024334
33.23554993	0.00033110
33.25939178	0.00094409
33.28323364	0.00171251
33.30707550	0.00294022
33.33091736	0.00305139
33.35475922	0.00244278
33.37860107	0.00093220
33.40244293	0.00037952
33.42628479	0.00025594
33.45012665	0.00015743
33.47396851	0.00028138
33.49781036	0.00059186
33.52165222	0.00058475
33.54549408	0.00050988
33.56933594	0.00019797
33.59317780	0.00024554
33.61701965	0.00134905
33.64086151	0.00465340
33.66470337	0.00543072
33.68854523	0.00312098
33.71238708	0.00154428
33.73622894	0.00063929
33.76007080	0.00029018
33.78391266	0.00036933
33.80775452	0.00037523
33.83159637	0.00034413
33.85543823	0.00037001
33.87928009	0.00063505
33.90312195	0.00073893
33.92696381	0.00069889
33.95080566	0.00027055
33.97464752	0.00185673
33.99848938	0.00347344
34.02233124	0.00237364
34.04617310	0.00101746
34.07001495	0.00088060
34.09385681	0.00067247
34.11769867	0.00043950
34.14154053	0.00036724
34.16538239	0.00017988
34.18922424	0.00002648
34.21306610	0.00029036
34.23690796	0.00050324
34.26074982	0.00092038
34.28459167	0.00133579
34.30843353	0.00236125
34.33227539	0.00203772
34.35611725	0.00145244
34.37995911	0.00061889
34.40380096	0.00031001
34.42764282	0.00054317
34.45148468	0.00054199
34.47532654	0.00050657
34.49916840	0.00050790
34.52301025	0.00047278
34.54685211	0.00037289
34.57069397	0.00014700
34.59453583	0.00039880
34.61837769	0.00211976
34.64221954	0.00624934
34.66606140	0.00655815
34.68990326	0.00293700
34.71374512	0.00106656
34.73758698	0.00026154
34.76142883	0.00017198
34.78527069	0.00027656
34.80911255	0.00027119
34.83295441	0.00051514
34.85679626	0.00057120
34.88063812	0.00064568
34.90447998	0.00063891
34.92832184	0.00057789
34.95216370	0.00072292
34.97600555	0.00445940
34.99984741	0.00741652
35.02368927	0.00437515
35.04753113	0.00102530
35.07137299	0.00074534
35.09521484	0.00064353
35.11905670	0.00042216
35.14289856	0.00027839
35.16674042	0.00021944
35.19058228	0.00023227
35.21442413	0.00031790
35.23826599	0.00059773
35.26210785	0.00104779
35.28594971	0.00129347
35.30979156	0.00174330
35.33363342	0.00103446
35.35747528	0.00058118
35.38131714	0.00093671
35.40515900	0.00078489
35.42900085	0.00045544
35.45284271	0.00043635
35.47668457	0.00052998
35.50052643	0.00024349
35.52436829	0.00005853
35.54821014	0.00025732
35.57205200	0.00042983
35.59589386	0.00071012
35.61973572	0.00186398
35.64357758	0.00595862
35.66741943	0.00611621
35.69126129	0.00254027
35.71510315	0.00084983
35.73894501	0.00043070
35.76278687	0.00041981
35.78662872	0.00049927
35.81047058	0.00069788
35.83431244	0.00065659
35.85815430	0.00057899
35.88199615	0.00050946
35.90583801	0.00034405
35.92967987	0.00033978
35.95352173	0.00124690
35.97736359	0.00634312
36.00120544	0.01036378
36.02504730	0.00588877
36.04888916	0.00131115
36.07273102	0.00073706
36.09657288	0.00040911
36.12041473	0.00032829
36.14425659	0.00024881
36.16809845	0.00020357
36.19194031	0.00021707
36.21578217	0.00046885
36.23962402	0.00059713
36.26346588	0.00054445
36.28730774	0.00067967
36.31114960	0.00063603
36.33499146	0.00078657
36.35883331	0.00091637
36.38267517	0.00098871
36.40651703	0.00098125
36.43035889	0.00061454
36.45420074	0.00021340
36.47804260	0.00009513
36.50188446	0.00007456
36.52572632	0.00010120
36.54956818	0.00012943
36.57341003	0.00042192
36.59725189	0.00100544
36.62109375	0.00226334
36.64493561	0.00551714
36.66877747	0.00523711
36.69261932	0.00205042
36.71646118	0.00067967
36.74030304	0.00022307
36.76414490	0.00033437
36.78798676	0.00048666
36.81182861	0.00036716
36.83567047	0.00014432
36.85951233	0.00039278
36.88335419	0.00024114
36.90719604	0.00012946
36.93103790	0.00048640
36.95487976	0.00226365
36.97872162	0.00801203
37.00256348	0.01182115
37.02640533	0.00628941
37.05024719	0.00106878
37.07408905	0.00037742
37.09793091	0.00029054
37.12177277	0.00024472
37.14561462	0.00035392
37.16945648	0.00032007
37.19329834	0.00037706
37.21714020	0.00049578
37.24098206	0.00039155
37.26482391	0.00034268
37.28866577	0.00027561
37.31250763	0.00081371
37.33634949	0.00195749
37.36019135	0.00173854
37.38403320	0.00079410
37.40787506	0.00059385
37.43171692	0.00067154
37.45555878	0.00037255
37.47940063	0.00017214
37.50324249	0.00017812
37.52708435	0.00034576
37.55092621	0.00027095
37.57476807	0.00064945
37.59860992	0.00090618
37.62245178	0.00178638
37.64629364	0.00429948
37.67013550	0.00382794
37.69397736	0.00102768
37.71781921	0.00040835
37.74166107	0.00049540
37.76550293	0.00084120
37.78934479	0.00070098
37.81318665	0.00036588
37.83702850	0.00026289
37.86087036	0.00026528
37.88471222	0.00008519
37.90855408	0.00015762
37.93239594	0.00058242
37.95623779	0.00245685
37.98007965	0.00814008
38.00392151	0.01133075
38.02776337	0.00561451
38.05160522	0.00081255
38.07544708	0.00049583
38.09928894	0.00038614
38.12313080	0.00032450
38.14697266	0.00050267
38.17081451	0.00036403
38.19465637	0.00051307
38.21849823	0.00065619
38.24234009	0.00055579
38.26618195	0.00049523
38.29002380	0.00093795
38.31386566	0.00162549
38.33770752	0.00282337
38.36154938	0.00234046
38.38539124	0.00122646
38.40923309	0.00068938
38.43307495	0.00040474
38.45691681	0.00023480
38.48075867	0.00025510
38.50460052	0.00025119
38.52844238	0.00039216
38.55228424	0.00057516
38.57612610	0.00054882
38.59996796	0.00076209
38.62380981	0.00095805
38.64765167	0.00178173
38.67149353	0.00142086
38.69533539	0.00045077
38.71917725	0.00064915
38.74301910	0.00060679
38.76686096	0.00069870
38.79070282	0.00062279
38.81454468	0.00033870
38.83838654	0.00034137
38.86222839	0.00032685
38.88607025	0.00032786
38.90991211	0.00054903
38.93375397	0.00080136
38.95759583	0.00261137
38.98143768	0.00719138
39.00527954	0.00936121
39.02912140	0.00443083
39.05296326	0.00050228
39.07680511	0.00031937
39.10064697	0.00053493
39.12448883	0.00043527
39.14833069	0.00045260
39.17217255	0.00045868
39.19601440	0.00047379
39.21985626	0.00040410
39.24369812	0.00044390
39.26753998	0.00066631
39.29138184	0.00187139
39.31522369	0.00295316
39.33906555	0.00356867
39.36290741	0.00265605
39.38674927	0.00128728
39.41059113	0.00076708
39.43443298	0.00028862
39.45827484	0.00013137
39.48211670	0.00028360
39.50595856	0.00051031
39.52980042	0.00056359
39.55364227	0.00050329
39.57748413	0.00075032
39.60132599	0.00056174
39.62516785	0.00066170
39.64900970	0.00084720
39.67285156	0.00111561
39.69669342	0.00126607
39.72053528	0.00073730
39.74437714	0.00065857
39.76821899	0.00054478
39.79206085	0.00035776
39.81590271	0.00027739
39.83974457	0.00020455
39.86358643	0.00026598
39.88742828	0.00040048
39.91127014	0.00064726
39.93511200	0.00086510
39.95895386	0.00208166
39.98279572	0.00493709
40.00663757	0.00620458
40.03047943	0.00291459
40.05432129	0.00063389
40.07816315	0.00049274
40.10200500	0.00068632
40.12584686	0.00063011
40.14968872	0.00045408
40.17353058	0.00047260
40.19737244	0.00041170
40.22121429	0.00028820
40.24505615	0.00045085
40.26889801	0.00086050
40.29273987	0.00204143
40.31658173	0.00297424
40.34042358	0.00311620
40.36426544	0.00215463
40.38810730	0.00071933
40.41194916	0.00038504
40.43579102	0.00019590
40.45963287	0.00010016
40.48347473	0.00041432
40.50731659	0.00060005
40.53115845	0.00043932
40.55500031	0.00023691
40.57884216	0.00048468
40.60268402	0.00053963
40.62652588	0.00181461
40.65036774	0.00372748
40.67420959	0.00325998
40.69805145	0.00202581
40.72189331	0.00097186
40.74573517	0.00080194
40.76957703	0.00059759
40.79341888	0.00045618
40.81726074	0.00026178
40.84110260	0.00025113
40.86494446	0.00038458
40.88878632	0.00061008
40.91262817	0.00096539
40.93647003	0.00090513
40.96031189	0.00158418
40.98415375	0.00251066
41.00799561	0.00258498
41.03183746	0.00122932
41.05567932	0.00053186
41.07952118	0.00060948
41.10336304	0.00049834
41.12720490	0.00056915
41.15104675	0.00039967
41.17488861	0.00018130
41.19873047	0.00026136
41.22257233	0.00020724
41.24641418	0.00027010
41.27025604	0.00062203
41.29409790	0.00245109
41.31793976	0.00330036
41.34178162	0.00287057
41.36562347	0.00172977
41.38946533	0.00037399
41.41330719	0.00033549
41.43714905	0.00040911
41.46099091	0.00033348
41.48483276	0.00015372
41.50867462	0.00049804
41.53251648	0.00055121
41.55635834	0.00037786
41.58020020	0.00033119
41.60404205	0.00055614
41.62788391	0.00312086
41.65172577	0.00602777
41.67556763	0.00452288
41.69940948	0.00214302
41.72325134	0.00100710
41.74709320	0.00058788
41.77093506	0.00024173
41.79477692	0.00014438
41.81861877	0.00015077
41.84246063	0.00042213
41.86630249	0.00059897
41.89014435	0.00062152
41.91398621	0.00059795
41.93782806	0.00055769
41.96166992	0.00072657
41.98551178	0.00101401
42.00935364	0.00121745
42.03319550	0.00079565
42.05703735	0.00084201
42.08087921	0.00074638
42.10472107	0.00047477
42.12856293	0.00061458
42.15240479	0.00032880
42.17624664	0.00013099
42.20008850	0.00012081
42.22393036	0.00038868
42.24777222	0.00064373
42.27161407	0.00095431
42.29545593	0.00226839
42.31929779	0.00281412
42.34313965	0.00219888
42.36698151	0.00135063
42.39082336	0.00047460
42.41466522	0.00047549
42.43850708	0.00053101
42.46234894	0.00068105
42.48619080	0.00057194
42.51003265	0.00047034
42.53387451	0.00045801
42.55771637	0.00035637
42.58155823	0.00022934
42.60540009	0.00064479
42.62924194	0.00401670
42.65308380	0.00766098
42.67692566	0.00553831
42.70076752	0.00222967
42.72460938	0.00069661
42.74845123	0.00018262
42.77229309	0.00013112
42.79613495	0.00020203
42.81997681	0.00031650
42.84381866	0.00043910
42.86766052	0.00042009
42.89150238	0.00047312
42.91534424	0.00040137
42.93918610	0.00024603
42.96302795	0.00121273
42.98686981	0.00436324
43.01071167	0.00475659
43.03455353	0.00185841
43.05839539	0.00085348
43.08223724	0.00068668
43.10607910	0.00064511
43.12992096	0.00019071
43.15376282	0.00024812
43.17760468	0.00038121
43.20144653	0.00050083
43.22528839	0.00062390
43.24913025	0.00059175
43.27297211	0.00082211
43.29681396	0.00167722
43.32065582	0.00192039
43.34449768	0.00098999
43.36833954	0.00070117
43.39218140	0.00058872
43.41602325	0.00049249
43.43986511	0.00027492
43.46370697	0.00061773
43.48754883	0.00073869
43.51139069	0.00057524
43.53523254	0.00027790
43.55907440	0.00024262
43.58291626	0.00040610
43.60675812	0.00103626
43.63059998	0.00457647
43.65444183	0.00819560
43.67828369	0.00545342
43.70212555	0.00186611
43.72596741	0.00055210
43.74980927	0.00026260
43.77365112	0.00031384
43.79749298	0.00028191
43.82133484	0.00034498
43.84517670	0.00062072
43.86901855	0.00034232
43.89286041	0.00024010
43.91670227	0.00044824
43.94054413	0.00064837
43.96438599	0.00240825
43.98822784	0.00690850
44.01206970	0.00697688
44.03591156	0.00236450
44.05975342	0.00088369
44.08359528	0.00071754
44.10743713	0.00041563
44.13127899	0.00019491
44.15512085	0.00021870
44.17896271	0.00033765
44.20280457	0.00037919
44.22664642	0.00086622
44.25048828	0.00086558
44.27433014	0.00071372
44.29817200	0.00106607
44.32201385	0.00084170
44.34585571	0.00054528
44.36969757	0.00075730
44.39353943	0.00066260
44.41738129	0.00069532
44.44122314	0.00040979
44.46506500	0.00051437
44.48890686	0.00044578
44.51274872	0.00021813
44.53659058	0.00024883
44.56043243	0.00054561
44.58427429	0.00066320
44.60811615	0.00103544
44.63195801	0.00454090
44.65579987	0.00764880
44.67964172	0.00460679
44.70348358	0.00112885
44.72732544	0.00031715
44.75116730	0.00023725
44.77500916	0.00035115
44.79885101	0.00053336
44.82269287	0.00040239
44.84653473	0.00049248
44.87037659	0.00052043
44.89421844	0.00055056
44.91806030	0.00063349
44.94190216	0.00116223
44.96574402	0.00320881
44.98958588	0.00828549
45.01342773	0.00789631
45.03726959	0.00241291
45.06111145	0.00075905
45.08495331	0.00039335
45.10879517	0.00037791
45.13263702	0.00039060
45.15647888	0.00034507
45.18032074	0.00051144
45.20416260	0.00060795
45.22800446	0.00071266
45.25184631	0.00063853
45.27568817	0.00073417
45.29953003	0.00025209
45.32337189	0.00112214
45.34721375	0.00187290
45.37105560	0.00123270
45.39489746	0.00089425
45.41873932	0.00085623
45.44258118	0.00066727
45.46642303	0.00039714
45.49026489	0.00015873
45.51410675	0.00018661
45.53794861	0.00029695
45.56179047	0.00059740
45.58563232	0.00083225
45.60947418	0.00101200
45.63331604	0.00366125
45.65715790	0.00591605
45.68099976	0.00324766
45.70484161	0.00058431
45.72868347	0.00053995
45.75252533	0.00033173
45.77636719	0.00040555
45.80020905	0.00073271
45.82405090	0.00067922
45.84789276	0.00039653
45.87173462	0.00036118
45.89557648	0.00041637
45.91941833	0.00044618
45.94326019	0.00107305
45.96710205	0.00385065
45.99094391	0.00911785
46.01478577	0.00821343
46.03862762	0.00242994
46.06246948	0.00048169
46.08631134	0.00019231
46.11015320	0.00030646
46.13399506	0.00043640
46.15783691	0.00034427
46.18167877	0.00027777
46.20552063	0.00039235
46.22936249	0.00046615
46.25320435	0.00041813
46.27704620	0.00061707
46.30088806	0.00102381
46.32472992	0.00168115
46.34857178	0.00232236
46.37241364	0.00136939
46.39625549	0.00098072
46.42009735	0.00088533
46.44393921	0.00055971
46.46778107	0.00022821
46.49162292	0.00015567
46.51546478	0.00032838
46.53930664	0.00057244
46.56314850	0.00063785
46.58699036	0.00080045
46.61083221	0.00077469
46.63467407	0.00219443
46.65851593	0.00322153
46.68235779	0.00144407
46.70619965	0.00027848
46.73004150	0.00059132
46.75388336	0.00044824
46.77772522	0.00038492
46.80156708	0.00054886
46.82540894	0.00044293
46.84925079	0.00019722
46.87309265	0.00015838
46.89693451	0.00029252
46.92077637	0.00039487
46.94461823	0.00124035
46.96846008	0.00402022
46.99230194	0.00833158
47.01614380	0.00706927
47.03998566	0.00205564
47.06382751	0.00053834
47.08766937	0.00039820
47.11151123	0.00042776
47.13535309	0.00030053
47.15919495	0.00051316
47.18303680	0.00029294
47.20687866	0.00023086
47.23072052	0.00037115
47.25456238	0.00036222
47.27840424	0.00076360
47.30224609	0.00200825
47.32608795	0.00267899
47.34992981	0.00299408
47.37377167	0.00171674
47.39761353	0.00067103
47.42145538	0.00017520
47.44529724	0.00013768
47.46913910	0.00005122
47.49298096	0.00008656
47.51682281	0.00044624
47.54066467	0.00070942
47.56450653	0.00027850
47.58834839	0.00063678
47.61219025	0.00060554
47.63603210	0.00027053
47.65987396	0.00036873
47.68371582	0.00091761
47.70755768	0.00080492
47.73139954	0.00053854
47.75524139	0.00041390
47.77908325	0.00048138
47.80292511	0.00042455
47.82676697	0.00029618
47.85060883	0.00021341
47.87445068	0.00041926
47.89829254	0.00047269
47.92213440	0.00071663
47.94597626	0.00149868
47.96981812	0.00349015
47.99365997	0.00621849
48.01750183	0.00493450
48.04134369	0.00130324
48.06518555	0.00030109
48.08902740	0.00034839
48.11286926	0.00025236
48.13671112	0.00018592
48.16055298	0.00039833
48.18439484	0.00030212
48.20823669	0.00024359
48.23207855	0.00014571
48.25592041	0.00041405
48.27976227	0.00114755
48.30360413	0.00255141
48.32744598	0.00308056
48.35128784	0.00296156
48.37512970	0.00133582
48.39897156	0.00072044
48.42281342	0.00051787
48.44665527	0.00038917
48.47049713	0.00035682
48.49433899	0.00056774
48.51818085	0.00052921
48.54202271	0.00054750
48.56586456	0.00035894
48.58970642	0.00055875
48.61354828	0.00108280
48.63739014	0.00266909
48.66123199	0.00344372
48.68507385	0.00247354
48.70891571	0.00142116
48.73275757	0.00069232
48.75659943	0.00049089
48.78044128	0.00026295
48.80428314	0.00025490
