Частота	Канал A
(kГц)	(В)

0.00000000	0.37073610
0.02384186	0.15645620
0.04768372	0.02536561
0.07152557	0.00028811
0.09536743	0.00023344
0.11920929	0.00024474
0.14305115	0.00031207
0.16689301	0.00028213
0.19073486	0.00026350
0.21457672	0.00003228
0.23841858	0.00028335
0.26226044	0.00008529
0.28610229	0.00076573
0.30994415	0.00233010
0.33378601	0.00388951
0.35762787	0.00278245
0.38146973	0.00023696
0.40531158	0.00037038
0.42915344	0.00029748
0.45299530	0.00010510
0.47683716	0.00022547
0.50067902	0.00010598
0.52452087	0.00013624
0.54836273	0.00010762
0.57220459	0.00028546
0.59604645	0.00032672
0.61988831	0.00070848
0.64373016	0.00396617
0.66757202	0.00502575
0.69141388	0.00297952
0.71525574	0.00082673
0.73909760	0.00037500
0.76293945	0.00017133
0.78678131	0.00014538
0.81062317	0.00003031
0.83446503	0.00033853
0.85830688	0.00015425
0.88214874	0.00015528
0.90599060	0.00027705
0.92983246	0.00031040
0.95367432	0.02488769
0.97751617	0.13659810
1.00135803	0.21483170
1.02519989	0.12018400
1.04904175	0.01707295
1.07288361	0.00049159
1.09672546	0.00017663
1.12056732	0.00014806
1.14440918	0.00030242
1.16825104	0.00023754
1.19209290	0.00036831
1.21593475	0.00000518
1.23977661	0.00019664
1.26361847	0.00038978
1.28746033	0.00050699
1.31130219	0.00084157
1.33514404	0.00190938
1.35898590	0.00142005
1.38282776	0.00029766
1.40666962	0.00013434
1.43051147	0.00036469
1.45435333	0.00018706
1.47819519	0.00031965
1.50203705	0.00029002
1.52587891	0.00001006
1.54972076	0.00022564
1.57356262	0.00008973
1.59740448	0.00047095
1.62124634	0.00083546
1.64508820	0.00368306
1.66893005	0.00458549
1.69277191	0.00294599
1.71661377	0.00073426
1.74045563	0.00035130
1.76429749	0.00007165
1.78813934	0.00012157
1.81198120	0.00030400
1.83582306	0.00038556
1.85966492	0.00012334
1.88350677	0.00014861
1.90734863	0.00033768
1.93119049	0.00027328
1.95503235	0.02523472
1.97887421	0.12643370
2.00271606	0.18712620
2.02655792	0.09806839
2.05039978	0.01233095
2.07424164	0.00002949
2.09808350	0.00014753
2.12192535	0.00011643
2.14576721	0.00031269
2.16960907	0.00020778
2.19345093	0.00013371
2.21729279	0.00026116
2.24113464	0.00018274
2.26497650	0.00047639
2.28881836	0.00021550
2.31266022	0.00083767
2.33650208	0.00052645
2.36034393	0.00043582
2.38418579	0.00050963
2.40802765	0.00016238
2.43186951	0.00045557
2.45571136	0.00036258
2.47955322	0.00018076
2.50339508	0.00025461
2.52723694	0.00010564
2.55107880	0.00011744
2.57492065	0.00021841
2.59876251	0.00019223
2.62260437	0.00076289
2.64644623	0.00244257
2.67028809	0.00306266
2.69412994	0.00208650
2.71797180	0.00034684
2.74181366	0.00028277
2.76565552	0.00045029
2.78949738	0.00031331
2.81333923	0.00013423
2.83718109	0.00004826
2.86102295	0.00024893
2.88486481	0.00023292
2.90870667	0.00034549
2.93254852	0.00066570
2.95639038	0.02343477
2.98023224	0.10509010
3.00407410	0.14607610
3.02791595	0.07138202
3.05175781	0.00754769
3.07559967	0.00012087
3.09944153	0.00021855
3.12328339	0.00005839
3.14712524	0.00017291
3.17096710	0.00029877
3.19480896	0.00037407
3.21865082	0.00013980
3.24249268	0.00021845
3.26633453	0.00052296
3.29017639	0.00074898
3.31401825	0.00233001
3.33786011	0.00267207
3.36170197	0.00170590
3.38554382	0.00034771
3.40938568	0.00022206
3.43322754	0.00011502
3.45706940	0.00022918
3.48091125	0.00006354
3.50475311	0.00030110
3.52859497	0.00015923
3.55243683	0.00013700
3.57627869	0.00038213
3.60012054	0.00012730
3.62396240	0.00053914
3.64780426	0.00083167
3.67164612	0.00113117
3.69548798	0.00085660
3.71932983	0.00040760
3.74317169	0.00052006
3.76701355	0.00024639
3.79085541	0.00009921
3.81469727	0.00034951
3.83853912	0.00012082
3.86238098	0.00017531
3.88622284	0.00016714
3.91006470	0.00023117
3.93390656	0.00055026
3.95774841	0.01779795
3.98159027	0.07474248
4.00543213	0.09810213
4.02927399	0.04455352
4.05311584	0.00389625
4.07695770	0.00041285
4.10079956	0.00007849
4.12464142	0.00025259
4.14848328	0.00011149
4.17232513	0.00019727
4.19616699	0.00004511
4.22000885	0.00034051
4.24385071	0.00008795
4.26769257	0.00034916
4.29153442	0.00125920
4.31537628	0.00350091
4.33921814	0.00423334
4.36306000	0.00240132
4.38690186	0.00004357
4.41074371	0.00033466
4.43458557	0.00007948
4.45842743	0.00013618
4.48226929	0.00030209
4.50611115	0.00037902
4.52995300	0.00032349
4.55379486	0.00015004
4.57763672	0.00033669
4.60147858	0.00028699
4.62532043	0.00017496
4.64916229	0.00155687
4.67300415	0.00123325
4.69684601	0.00028383
4.72068787	0.00032545
4.74452972	0.00016064
4.76837158	0.00028083
4.79221344	0.00020565
4.81605530	0.00055980
4.83989716	0.00036414
4.86373901	0.00003282
4.88758087	0.00031606
4.91142273	0.00024280
4.93526459	0.00060650
4.95910645	0.01045639
4.98294830	0.04050419
5.00679016	0.05004828
5.03063202	0.02091667
5.05447388	0.00145662
5.07831573	0.00045113
5.10215759	0.00010675
5.12599945	0.00006591
5.14984131	0.00036952
5.17368317	0.00026882
5.19752502	0.00017195
5.22136688	0.00014868
5.24520874	0.00043719
5.26905060	0.00029668
5.29289246	0.00151873
5.31673431	0.00383660
5.34057617	0.00476210
5.36441803	0.00253973
5.38825989	0.00034955
5.41210175	0.00008803
5.43594360	0.00026792
5.45978546	0.00012813
5.48362732	0.00025088
5.50746918	0.00004359
5.53131104	0.00028550
5.55515289	0.00014304
5.57899475	0.00031088
5.60283661	0.00036561
5.62667847	0.00118516
5.65052032	0.00367720
5.67436218	0.00339147
5.69820404	0.00161315
5.72204590	0.00049799
5.74588776	0.00015952
5.76972961	0.00020919
5.79357147	0.00029495
5.81741333	0.00031487
5.84125519	0.00039740
5.86509705	0.00010494
5.88893890	0.00036139
5.91278076	0.00018879
5.93662262	0.00018839
5.96046448	0.00169051
5.98430634	0.00733750
6.00814819	0.00866689
6.03199005	0.00291212
6.05583191	0.00004300
6.07967377	0.00032161
6.10351563	0.00015448
6.12735748	0.00025881
6.15119934	0.00039196
6.17504120	0.00023952
6.19888306	0.00013275
6.22272491	0.00008371
6.24656677	0.00029017
6.27040863	0.00007884
6.29425049	0.00139609
6.31809235	0.00338609
6.34193420	0.00434516
6.36577606	0.00213997
6.38961792	0.00021613
6.41345978	0.00022205
6.43730164	0.00036121
6.46114349	0.00010445
6.48498535	0.00019902
6.50882721	0.00011195
6.53266907	0.00013268
6.55651093	0.00017693
6.58035278	0.00023371
6.60419464	0.00023254
6.62803650	0.00184356
6.65187836	0.00486968
6.67572021	0.00442661
6.69956207	0.00204246
6.72340393	0.00029229
6.74724579	0.00025550
6.77108765	0.00025942
6.79492950	0.00025557
6.81877136	0.00015808
6.84261322	0.00035442
6.86645508	0.00030126
6.89029694	0.00034203
6.91413879	0.00033346
6.93798065	0.00028657
6.96182251	0.00654252
6.98566437	0.01994216
7.00950623	0.02173548
7.03334808	0.00820374
7.05718994	0.00012199
7.08103180	0.00046939
7.10487366	0.00024985
7.12871552	0.00017857
7.15255737	0.00028538
7.17639923	0.00002923
7.20024109	0.00021457
7.22408295	0.00019731
7.24792480	0.00023542
7.27176666	0.00024719
7.29560852	0.00058016
7.31945038	0.00159726
7.34329224	0.00237742
7.36713409	0.00094848
7.39097595	0.00047420
7.41481781	0.00014716
7.43865967	0.00012446
7.46250153	0.00037901
7.48634338	0.00029882
7.51018524	0.00035181
7.53402710	0.00020680
7.55786896	0.00013421
7.58171082	0.00017306
7.60555267	0.00036831
7.62939453	0.00208709
7.65323639	0.00487273
7.67707825	0.00451901
7.70092010	0.00224993
7.72476196	0.00019053
7.74860382	0.00039479
7.77244568	0.00011525
7.79628754	0.00007985
7.82012939	0.00015682
7.84397125	0.00014444
7.86781311	0.00033602
7.89165497	0.00003443
7.91549683	0.00047962
7.93933868	0.00071028
7.96318054	0.01271553
7.98702240	0.03755858
8.01086426	0.03872091
8.03470612	0.01335565
8.05854797	0.00041046
8.08238983	0.00021068
8.10623169	0.00041511
8.13007355	0.00017464
8.15391541	0.00029898
8.17775726	0.00020295
8.20159912	0.00027967
8.22544098	0.00019761
8.24928284	0.00016271
8.27312469	0.00051242
8.29696655	0.00027632
8.32080841	0.00015299
8.34465027	0.00036016
8.36849213	0.00018327
8.39233398	0.00049870
8.41617584	0.00023993
8.44001770	0.00006850
8.46385956	0.00028451
8.48770142	0.00019936
8.51154327	0.00026906
8.53538513	0.00016072
8.55922699	0.00017387
8.58306885	0.00026328
8.60691071	0.00020123
8.63075256	0.00193283
8.65459442	0.00368729
8.67843628	0.00336494
8.70227814	0.00158843
8.72612000	0.00021466
8.74996185	0.00023443
8.77380371	0.00031250
8.79764557	0.00014687
8.82148743	0.00025757
8.84532928	0.00003036
8.86917114	0.00025321
8.89301300	0.00018447
8.91685486	0.00024426
8.94069672	0.00138334
8.96453857	0.01592501
8.98838043	0.04362885
9.01222229	0.04220316
9.03606415	0.01308365
9.05990601	0.00005984
9.08374786	0.00019531
9.10758972	0.00016384
9.13143158	0.00005843
9.15527344	0.00019770
9.17911530	0.00030351
9.20295715	0.00025272
9.22679901	0.00016144
9.25064087	0.00026463
9.27448273	0.00019358
9.29832458	0.00146344
9.32216644	0.00231809
9.34600830	0.00185029
9.36985016	0.00088541
9.39369202	0.00002513
9.41753387	0.00034820
9.44137573	0.00006934
9.46521759	0.00022947
9.48905945	0.00021600
9.51290131	0.00030426
9.53674316	0.00022444
9.56058502	0.00013427
9.58442688	0.00034436
9.60826874	0.00028540
9.63211060	0.00095330
9.65595245	0.00156813
9.67979431	0.00172855
9.70363617	0.00082890
9.72747803	0.00041355
9.75131989	0.00021124
9.77516174	0.00036092
9.79900360	0.00015186
9.82284546	0.00015284
9.84668732	0.00015543
9.87052917	0.00021439
9.89437103	0.00037523
9.91821289	0.00013723
9.94205475	0.00147408
9.96589661	0.01486096
9.98973846	0.03878058
10.01358032	0.03542786
10.03742218	0.00991361
10.06126404	0.00007888
10.08510590	0.00042441
10.10894775	0.00020295
10.13278961	0.00029028
10.15663147	0.00007930
10.18047333	0.00022703
10.20431519	0.00002411
10.22815704	0.00024795
10.25199890	0.00031304
10.27584076	0.00024383
10.29968262	0.00220191
10.32352448	0.00388077
10.34736633	0.00361908
10.37120819	0.00150470
10.39505005	0.00011678
10.41889191	0.00012889
10.44273376	0.00021834
10.46657562	0.00017630
10.49041748	0.00034479
10.51425934	0.00017307
10.53810120	0.00043403
10.56194305	0.00015106
10.58578491	0.00023341
10.60962677	0.00043642
10.63346863	0.00038748
10.65731049	0.00111448
10.68115234	0.00033781
10.70499420	0.00007567
10.72883606	0.00030782
10.75267792	0.00014190
10.77651978	0.00039888
10.80036163	0.00019873
10.82420349	0.00012788
10.84804535	0.00040722
10.87188721	0.00010211
10.89572906	0.00021689
10.91957092	0.00008462
10.94341278	0.00098422
10.96725464	0.01032911
10.99109650	0.02589721
11.01493835	0.02224589
11.03878021	0.00539508
11.06262207	0.00028106
11.08646393	0.00020398
11.11030579	0.00026658
11.13414764	0.00015349
11.15798950	0.00020869
11.18183136	0.00022345
11.20567322	0.00008226
11.22951508	0.00023384
11.25335693	0.00017635
11.27719879	0.00067592
11.30104065	0.00262452
11.32488251	0.00436646
11.34872437	0.00401755
11.37256622	0.00133667
11.39640808	0.00035158
11.42024994	0.00008809
11.44409180	0.00020231
11.46793365	0.00021292
11.49177551	0.00024061
11.51561737	0.00016182
11.53945923	0.00030592
11.56330109	0.00031846
11.58714294	0.00014602
11.61098480	0.00031544
11.63482666	0.00186542
11.65866852	0.00372582
11.68251038	0.00250476
11.70635223	0.00098730
11.73019409	0.00031052
11.75403595	0.00019299
11.77787781	0.00015397
11.80171967	0.00037277
11.82556152	0.00019582
11.84940338	0.00033833
11.87324524	0.00013450
11.89708710	0.00023322
11.92092896	0.00035428
11.94477081	0.00039594
11.96861267	0.00345813
11.99245453	0.00866801
12.01629639	0.00685123
12.04013824	0.00118713
12.06398010	0.00016896
12.08782196	0.00030144
12.11166382	0.00040759
12.13550568	0.00027112
12.15934753	0.00015761
12.18318939	0.00020067
12.20703125	0.00023924
12.23087311	0.00006150
12.25471497	0.00032545
12.27855682	0.00039887
12.30239868	0.00216632
12.32624054	0.00402233
12.35008240	0.00378980
12.37392426	0.00094749
12.39776611	0.00057295
12.42160797	0.00019078
12.44544983	0.00005549
12.46929169	0.00023558
12.49313354	0.00010343
12.51697540	0.00009139
12.54081726	0.00007342
12.56465912	0.00030813
12.58850098	0.00034346
12.61234283	0.00030884
12.63618469	0.00293672
12.66002655	0.00526625
12.68386841	0.00365078
12.70771027	0.00132376
12.73155212	0.00013356
12.75539398	0.00008647
12.77923584	0.00015508
12.80307770	0.00023107
12.82691956	0.00008051
12.85076141	0.00020969
12.87460327	0.00036670
12.89844513	0.00009105
12.92228699	0.00043910
12.94612885	0.00079893
12.96997070	0.00451997
12.99381256	0.00851687
13.01765442	0.00666883
13.04149628	0.00180149
13.06533813	0.00019347
13.08917999	0.00015122
13.11302185	0.00032347
13.13686371	0.00008018
13.16070557	0.00030903
13.18454742	0.00012373
13.20838928	0.00007043
13.23223114	0.00021552
13.25607300	0.00013590
13.27991486	0.00037048
13.30375671	0.00110795
13.32759857	0.00250288
13.35144043	0.00247058
13.37528229	0.00040450
13.39912415	0.00034975
13.42296600	0.00038264
13.44680786	0.00013019
13.47064972	0.00019116
13.49449158	0.00026324
13.51833344	0.00023749
13.54217529	0.00007107
13.56601715	0.00023424
13.58985901	0.00025102
13.61370087	0.00034309
13.63754272	0.00356592
13.66138458	0.00567510
13.68522644	0.00398987
13.70906830	0.00144010
13.73291016	0.00026461
13.75675201	0.00017135
13.78059387	0.00017365
13.80443573	0.00008110
13.82827759	0.00007857
13.85211945	0.00014936
13.87596130	0.00024323
13.89980316	0.00030941
13.92364502	0.00047960
13.94748688	0.00199641
13.97132874	0.01146237
13.99517059	0.02170816
14.01901245	0.01546258
14.04285431	0.00301434
14.06669617	0.00024539
14.09053802	0.00019160
14.11437988	0.00028992
14.13822174	0.00011818
14.16206360	0.00015538
14.18590546	0.00036408
14.20974731	0.00014992
14.23358917	0.00026278
14.25743103	0.00030364
14.28127289	0.00032382
14.30511475	0.00016904
14.32895660	0.00080931
14.35279846	0.00087236
14.37664032	0.00023337
14.40048218	0.00037954
14.42432404	0.00024682
14.44816589	0.00014550
14.47200775	0.00022672
14.49584961	0.00034451
14.51969147	0.00018524
14.54353333	0.00010989
14.56737518	0.00006779
14.59121704	0.00036325
14.61505890	0.00035444
14.63890076	0.00300778
14.66274261	0.00457928
14.68658447	0.00340486
14.71042633	0.00120358
14.73426819	0.00031208
14.75811005	0.00016487
14.78195190	0.00026392
14.80579376	0.00014203
14.82963562	0.00017541
14.85347748	0.00008740
14.87731934	0.00019086
14.90116119	0.00049294
14.92500305	0.00038762
14.94884491	0.00260610
14.97268677	0.01527813
14.99652863	0.02822197
15.02037048	0.01889236
15.04421234	0.00310371
15.06805420	0.00023682
15.09189606	0.00015807
15.11573792	0.00008335
15.13957977	0.00011089
15.16342163	0.00002060
15.18726349	0.00023662
15.21110535	0.00022414
15.23494720	0.00035508
15.25878906	0.00039665
15.28263092	0.00040864
15.30647278	0.00142926
15.33031464	0.00156714
15.35415649	0.00100583
15.37799835	0.00045909
15.40184021	0.00007033
15.42568207	0.00022146
15.44952393	0.00025895
15.47336578	0.00023255
15.49720764	0.00028903
15.52104950	0.00019063
15.54489136	0.00021442
15.56873322	0.00009495
15.59257507	0.00008674
15.61641693	0.00059160
15.64025879	0.00168923
15.66410065	0.00226770
15.68794250	0.00174961
15.71178436	0.00030722
15.73562622	0.00054642
15.75946808	0.00034247
15.78330994	0.00037611
15.80715179	0.00020302
15.83099365	0.00014300
15.85483551	0.00023113
15.87867737	0.00021854
15.90251923	0.00033938
15.92636108	0.00008333
15.95020294	0.00274937
15.97404480	0.01536659
15.99788666	0.02728425
16.02172852	0.01724492
16.04557037	0.00248566
16.06941223	0.00003852
16.09325409	0.00025274
16.11709595	0.00021096
16.14093781	0.00020499
16.16477966	0.00013593
16.18862152	0.00014485
16.21246338	0.00032804
16.23630524	0.00029163
16.26014709	0.00049120
16.28398895	0.00068724
16.30783081	0.00275750
16.33167267	0.00354194
16.35551453	0.00258762
16.37935638	0.00071849
16.40319824	0.00029513
16.42704010	0.00011968
16.45088196	0.00015384
16.47472382	0.00015107
16.49856567	0.00045486
16.52240753	0.00013788
16.54624939	0.00029198
16.57009125	0.00025309
16.59393311	0.00014646
16.61777496	0.00038517
16.64161682	0.00041159
16.66545868	0.00050531
16.68930054	0.00023805
16.71314240	0.00014456
16.73698425	0.00041737
16.76082611	0.00022582
16.78466797	0.00020132
16.80850983	0.00033246
16.83235168	0.00003466
16.85619354	0.00005378
16.88003540	0.00028993
16.90387726	0.00023114
16.92771912	0.00027302
16.95156097	0.00227722
16.97540283	0.01197004
16.99924469	0.02008074
17.02308655	0.01147950
17.04692841	0.00095509
17.07077026	0.00024937
17.09461212	0.00023374
17.11845398	0.00014391
17.14229584	0.00007866
17.16613770	0.00019490
17.18997955	0.00007738
17.21382141	0.00021113
17.23766327	0.00006651
17.26150513	0.00030574
17.28534698	0.00123549
17.30918884	0.00341188
17.33303070	0.00454702
17.35687256	0.00330985
17.38071442	0.00066116
17.40455627	0.00021536
17.42839813	0.00035771
17.45223999	0.00033953
17.47608185	0.00011241
17.49992371	0.00020338
17.52376556	0.00021968
17.54760742	0.00016503
17.57144928	0.00048587
17.59529114	0.00018267
17.61913300	0.00025338
17.64297485	0.00259347
17.66681671	0.00304024
17.69065857	0.00123695
17.71450043	0.00038078
17.73834229	0.00011584
17.76218414	0.00023487
17.78602600	0.00004660
17.80986786	0.00034499
17.83370972	0.00030721
17.85755157	0.00022793
17.88139343	0.00024211
17.90523529	0.00006612
17.92907715	0.00042325
17.95291901	0.00105812
17.97676086	0.00556021
18.00060272	0.00919209
18.02444458	0.00484030
18.04828644	0.00025520
18.07212830	0.00021329
18.09597015	0.00015422
18.11981201	0.00046201
18.14365387	0.00009017
18.16749573	0.00016974
18.19133759	0.00018127
18.21517944	0.00014951
18.23902130	0.00021864
18.26286316	0.00036544
18.28670502	0.00117309
18.31054688	0.00318942
18.33438873	0.00440976
18.35823059	0.00295980
18.38207245	0.00017665
18.40591431	0.00039768
18.42975616	0.00040094
18.45359802	0.00023704
18.47743988	0.00019884
18.50128174	0.00015063
18.52512360	0.00021024
18.54896545	0.00026661
18.57280731	0.00044093
18.59664917	0.00026675
18.62049103	0.00080531
18.64433289	0.00430621
18.66817474	0.00493509
18.69201660	0.00249830
18.71585846	0.00077483
18.73970032	0.00029856
18.76354218	0.00032163
18.78738403	0.00019874
18.81122589	0.00023768
18.83506775	0.00016637
18.85890961	0.00004337
18.88275146	0.00054038
18.90659332	0.00020863
18.93043518	0.00029377
18.95427704	0.00086824
18.97811890	0.00261205
19.00196075	0.00332826
19.02580261	0.00210424
19.04964447	0.00045054
19.07348633	0.00046803
19.09732819	0.00016510
19.12117004	0.00018940
19.14501190	0.00024997
19.16885376	0.00026294
19.19269562	0.00034227
19.21653748	0.00011688
19.24037933	0.00027884
19.26422119	0.00001156
19.28806305	0.00082874
19.31190491	0.00207802
19.33574677	0.00327200
19.35958862	0.00216505
19.38343048	0.00037994
19.40727234	0.00033979
19.43111420	0.00033777
19.45495605	0.00020642
19.47879791	0.00029288
19.50263977	0.00024245
19.52648163	0.00018475
19.55032349	0.00001901
19.57416534	0.00007661
19.59800720	0.00050120
19.62184906	0.00107621
19.64569092	0.00497721
19.66953278	0.00566053
19.69337463	0.00305337
19.71721649	0.00073455
19.74105835	0.00029214
19.76490021	0.00014398
19.78874207	0.00032790
19.81258392	0.00005547
19.83642578	0.00026876
19.86026764	0.00004118
19.88410950	0.00036887
19.90795135	0.00024553
19.93179321	0.00012836
19.95563507	0.00291761
19.97947693	0.00981211
20.00331879	0.01311811
20.02716064	0.00660905
20.05100250	0.00072388
20.07484436	0.00009842
20.09868622	0.00025974
20.12252808	0.00025308
20.14636993	0.00032223
20.17021179	0.00032805
20.19405365	0.00005406
20.21789551	0.00028240
20.24173737	0.00024637
20.26557922	0.00034999
20.28942108	0.00041273
20.31326294	0.00068120
20.33710480	0.00142825
20.36094666	0.00081296
20.38478851	0.00038421
20.40863037	0.00007841
20.43247223	0.00044900
20.45631409	0.00027405
20.48015594	0.00015759
20.50399780	0.00017744
20.52783966	0.00006175
20.55168152	0.00022270
20.57552338	0.00012959
20.59936523	0.00029833
20.62320709	0.00141250
20.64704895	0.00462669
20.67089081	0.00502692
20.69473267	0.00283541
20.71857452	0.00073520
20.74241638	0.00021462
20.76625824	0.00029257
20.79010010	0.00030631
20.81394196	0.00006619
20.83778381	0.00021766
20.86162567	0.00006531
20.88546753	0.00009773
20.90930939	0.00048750
20.93315125	0.00009819
20.95699310	0.00406494
20.98083496	0.01465064
21.00467682	0.01889997
21.02851868	0.00847224
21.05236053	0.00047711
21.07620239	0.00015765
21.10004425	0.00014692
21.12388611	0.00005900
21.14772797	0.00025455
21.17156982	0.00022855
21.19541168	0.00038557
21.21925354	0.00027637
21.24309540	0.00015078
21.26693726	0.00032167
21.29077911	0.00048456
21.31462097	0.00122961
21.33846283	0.00084424
21.36230469	0.00053638
21.38614655	0.00034860
21.40998840	0.00018022
21.43383026	0.00017916
21.45767212	0.00022532
21.48151398	0.00012572
21.50535583	0.00039081
21.52919769	0.00013541
21.55303955	0.00024700
21.57688141	0.00034587
21.60072327	0.00014784
21.62456512	0.00114213
21.64840698	0.00282158
21.67224884	0.00309477
21.69609070	0.00189919
21.71993256	0.00034667
21.74377441	0.00024781
21.76761627	0.00044911
21.79145813	0.00022928
21.81529999	0.00030317
21.83914185	0.00011056
21.86298370	0.00003803
21.88682556	0.00016233
21.91066742	0.00030871
21.93450928	0.00031972
21.95835114	0.00456486
21.98219299	0.01574183
22.00603485	0.01942863
22.02987671	0.00805453
22.05371857	0.00033122
22.07756042	0.00021965
22.10140228	0.00017098
22.12524414	0.00009141
22.14908600	0.00015765
22.17292786	0.00030148
22.19676971	0.00027340
22.22061157	0.00014271
22.24445343	0.00021438
22.26829529	0.00058044
22.29213715	0.00124398
22.31597900	0.00290123
22.33982086	0.00284987
22.36366272	0.00150723
22.38750458	0.00009430
22.41134644	0.00030126
22.43518829	0.00017989
22.45903015	0.00032788
22.48287201	0.00015587
22.50671387	0.00036790
22.53055573	0.00044809
22.55439758	0.00029112
22.57823944	0.00021711
22.60208130	0.00025349
22.62592316	0.00042882
22.64976501	0.00025685
22.67360687	0.00058426
22.69744873	0.00061517
22.72129059	0.00020799
22.74513245	0.00035551
22.76897430	0.00043543
22.79281616	0.00007530
22.81665802	0.00030318
22.84049988	0.00021328
22.86434174	0.00011875
22.88818359	0.00024022
22.91202545	0.00013370
22.93586731	0.00057845
22.95970917	0.00414598
22.98355103	0.01329902
23.00739288	0.01536663
23.03123474	0.00557157
23.05507660	0.00010878
23.07891846	0.00048839
23.10276031	0.00030955
23.12660217	0.00006737
23.15044403	0.00034832
23.17428589	0.00033553
23.19812775	0.00006395
23.22196960	0.00029342
23.24581146	0.00023277
23.26965332	0.00047715
23.29349518	0.00161444
23.31733704	0.00364198
23.34117889	0.00396300
23.36502075	0.00205331
23.38886261	0.00008539
23.41270447	0.00022379
23.43654633	0.00023816
23.46038818	0.00016075
23.48423004	0.00029886
23.50807190	0.00021430
23.53191376	0.00032782
23.55575562	0.00002936
23.57959747	0.00037545
23.60343933	0.00039149
23.62728119	0.00063328
23.65112305	0.00267893
23.67496490	0.00222304
23.69880676	0.00068677
23.72264862	0.00031114
23.74649048	0.00002669
23.77033234	0.00024620
23.79417419	0.00016507
23.81801605	0.00026583
23.84185791	0.00035208
23.86569977	0.00011054
23.88954163	0.00033447
23.91338348	0.00013604
23.93722534	0.00033635
23.96106720	0.00216454
23.98490906	0.00738640
24.00875092	0.00813144
24.03259277	0.00246411
24.05643463	0.00025251
24.08027649	0.00061770
24.10411835	0.00006308
24.12796021	0.00029433
24.15180206	0.00032517
24.17564392	0.00024280
24.19948578	0.00000847
24.22332764	0.00006099
24.24716949	0.00030247
24.27101135	0.00024300
24.29485321	0.00190693
24.31869507	0.00385329
24.34253693	0.00433928
24.36637878	0.00210641
24.39022064	0.00016976
24.41406250	0.00021239
24.43790436	0.00021988
24.46174622	0.00007563
24.48558807	0.00016998
24.50942993	0.00016941
24.53327179	0.00022520
24.55711365	0.00015079
24.58095551	0.00023215
24.60479736	0.00046878
24.62863922	0.00180748
24.65248108	0.00510209
24.67632294	0.00410366
24.70016479	0.00141794
24.72400665	0.00020483
24.74784851	0.00028481
24.77169037	0.00031504
24.79553223	0.00022642
24.81937408	0.00010678
24.84321594	0.00023793
24.86705780	0.00024928
24.89089966	0.00046252
24.91474152	0.00045509
24.93858337	0.00020935
24.96242523	0.00057157
24.98626709	0.00044930
25.01010895	0.00035139
25.03395081	0.00052151
25.05779266	0.00007021
25.08163452	0.00047454
25.10547638	0.00013962
25.12931824	0.00024418
25.15316010	0.00021028
25.17700195	0.00013343
25.20084381	0.00030577
25.22468567	0.00001833
25.24852753	0.00024094
25.27236938	0.00012354
25.29621124	0.00122553
25.32005310	0.00276327
25.34389496	0.00329945
25.36773682	0.00134326
25.39157867	0.00044169
25.41542053	0.00022937
25.43926239	0.00026096
25.46310425	0.00008613
25.48694611	0.00018797
25.51078796	0.00035674
25.53462982	0.00028920
25.55847168	0.00044908
25.58231354	0.00017164
25.60615540	0.00027287
25.62999725	0.00268287
25.65383911	0.00630751
25.67768097	0.00519581
25.70152283	0.00209398
25.72536469	0.00028433
25.74920654	0.00028176
25.77304840	0.00005532
25.79689026	0.00020846
25.82073212	0.00012488
25.84457397	0.00016218
25.86841583	0.00031547
25.89225769	0.00014446
25.91609955	0.00058584
25.93994141	0.00032512
25.96378326	0.00340752
25.98762512	0.00779392
26.01146698	0.00752742
26.03530884	0.00268145
26.05915070	0.00016388
26.08299255	0.00018093
26.10683441	0.00016732
26.13067627	0.00007606
26.15451813	0.00038877
26.17835999	0.00024676
26.20220184	0.00033745
26.22604370	0.00022886
26.24988556	0.00025146
26.27372742	0.00050989
26.29756927	0.00060487
26.32141113	0.00134355
26.34525299	0.00187170
26.36909485	0.00057784
26.39293671	0.00051633
26.41677856	0.00022169
26.44062042	0.00013463
26.46446228	0.00025081
26.48830414	0.00018679
26.51214600	0.00041744
26.53598785	0.00019407
26.55982971	0.00015529
26.58367157	0.00014038
26.60751343	0.00018840
26.63135529	0.00284851
26.65519714	0.00592227
26.67903900	0.00480676
26.70288086	0.00183796
26.72672272	0.00036912
26.75056458	0.00031604
26.77440643	0.00028200
26.79824829	0.00021333
26.82209015	0.00025919
26.84593201	0.00021789
26.86977386	0.00020371
26.89361572	0.00013857
26.91745758	0.00028011
26.94129944	0.00087871
26.96514130	0.00572372
26.98898315	0.01300580
27.01282501	0.01171844
27.03666687	0.00321622
27.06050873	0.00032472
27.08435059	0.00010505
27.10819244	0.00013943
27.13203430	0.00022785
27.15587616	0.00024166
27.17971802	0.00035205
27.20355988	0.00031563
27.22740173	0.00020941
27.25124359	0.00027033
27.27508545	0.00037585
27.29892731	0.00059588
27.32276917	0.00060016
27.34661102	0.00014202
27.37045288	0.00006917
27.39429474	0.00008773
27.41813660	0.00036010
27.44197845	0.00014546
27.46582031	0.00023886
27.48966217	0.00023967
27.51350403	0.00032079
27.53734589	0.00025710
27.56118774	0.00013737
27.58502960	0.00025527
27.60887146	0.00021857
27.63271332	0.00226816
27.65655518	0.00401814
27.68039703	0.00334282
27.70423889	0.00139718
27.72808075	0.00021300
27.75192261	0.00022632
27.77576447	0.00035195
27.79960632	0.00019092
27.82344818	0.00022936
27.84729004	0.00005191
27.87113190	0.00027023
27.89497375	0.00011748
27.91881561	0.00012560
27.94265747	0.00112618
27.96649933	0.00664108
27.99034119	0.01501196
28.01418304	0.01291117
28.03802490	0.00303496
28.06186676	0.00043158
28.08570862	0.00023246
28.10955048	0.00029236
28.13339233	0.00029205
28.15723419	0.00012933
28.18107605	0.00023614
28.20491791	0.00009232
28.22875977	0.00025156
28.25260162	0.00045328
28.27644348	0.00021235
28.30028534	0.00167695
28.32412720	0.00258726
28.34796906	0.00189303
28.37181091	0.00074418
28.39565277	0.00023051
28.41949463	0.00029522
28.44333649	0.00023139
28.46717834	0.00038566
28.49102020	0.00005908
28.51486206	0.00004605
28.53870392	0.00031916
28.56254578	0.00018188
28.58638763	0.00032464
28.61022949	0.00025819
28.63407135	0.00073327
28.65791321	0.00100502
28.68175507	0.00114056
28.70559692	0.00053957
28.72943878	0.00032411
28.75328064	0.00013433
28.77712250	0.00040503
28.80096436	0.00036618
28.82480621	0.00037497
28.84864807	0.00026115
28.87248993	0.00016111
28.89633179	0.00025773
28.92017365	0.00023321
28.94401550	0.00079626
28.96785736	0.00592700
28.99169922	0.01330869
29.01554108	0.01068386
29.03938293	0.00201868
29.06322479	0.00028924
29.08706665	0.00030840
29.11090851	0.00012980
29.13475037	0.00004511
29.15859222	0.00026196
29.18243408	0.00030165
29.20627594	0.00014043
29.23011780	0.00026640
29.25395966	0.00027642
29.27780151	0.00043038
29.30164337	0.00264348
29.32548523	0.00390425
29.34932709	0.00317512
29.37316895	0.00108162
29.39701080	0.00041122
29.42085266	0.00020540
29.44469452	0.00024657
29.46853638	0.00030402
29.49237823	0.00017129
29.51622009	0.00018487
29.54006195	0.00041813
29.56390381	0.00019498
29.58774567	0.00016891
29.61158752	0.00044161
29.63542938	0.00114725
29.65927124	0.00239393
29.68311310	0.00129684
29.70695496	0.00039621
29.73079681	0.00035476
29.75463867	0.00017476
29.77848053	0.00040356
29.80232239	0.00006049
29.82616425	0.00022663
29.85000610	0.00043618
29.87384796	0.00008672
29.89768982	0.00004153
29.92153168	0.00036074
29.94537354	0.00075600
29.96921539	0.00386930
29.99305725	0.00848997
30.01689911	0.00637383
30.04074097	0.00100196
30.06458282	0.00024753
30.08842468	0.00038933
30.11226654	0.00034799
30.13610840	0.00020014
30.15995026	0.00026338
30.18379211	0.00008711
30.20763397	0.00012795
30.23147583	0.00016272
30.25531769	0.00050620
30.27915955	0.00044863
30.30300140	0.00253929
30.32684326	0.00409092
30.35068512	0.00358330
30.37452698	0.00099519
30.39836884	0.00044395
30.42221069	0.00011183
30.44605255	0.00016285
30.46989441	0.00007690
30.49373627	0.00009543
30.51757813	0.00011520
30.54141998	0.00012143
30.56526184	0.00046797
30.58910370	0.00014474
30.61294556	0.00020246
30.63678741	0.00315662
30.66062927	0.00526805
30.68447113	0.00306728
30.70831299	0.00089195
30.73215485	0.00025885
30.75599670	0.00007355
30.77983856	0.00008621
30.80368042	0.00025968
30.82752228	0.00016003
30.85136414	0.00045538
30.87520599	0.00035739
30.89904785	0.00021025
30.92288971	0.00035177
30.94673157	0.00015264
30.97057343	0.00031371
30.99441528	0.00153094
31.01825714	0.00102650
31.04209900	0.00017515
31.06594086	0.00027542
31.08978271	0.00022320
31.11362457	0.00041313
31.13746643	0.00020081
31.16130829	0.00036050
31.18515015	0.00010128
31.20899200	0.00003016
31.23283386	0.00024536
31.25667572	0.00025945
31.28051758	0.00059560
31.30435944	0.00210348
31.32820129	0.00336966
31.35204315	0.00282301
31.37588501	0.00046695
31.39972687	0.00041598
31.42356873	0.00034773
31.44741058	0.00025490
31.47125244	0.00007759
31.49509430	0.00021725
31.51893616	0.00017251
31.54277802	0.00007394
31.56661987	0.00037598
31.59046173	0.00016475
31.61430359	0.00045083
31.63814545	0.00443255
31.66198730	0.00674585
31.68582916	0.00408438
31.70967102	0.00114451
31.73351288	0.00026733
31.75735474	0.00043513
31.78119659	0.00020695
31.80503845	0.00015394
31.82888031	0.00022065
31.85272217	0.00030211
31.87656403	0.00037593
31.90040588	0.00020119
31.92424774	0.00037893
31.94808960	0.00077824
31.97193146	0.00330223
31.99577332	0.00523613
32.01961517	0.00366432
32.04345703	0.00075605
32.06729889	0.00032312
32.09114075	0.00018617
32.11498260	0.00020254
32.13882446	0.00034742
32.16266632	0.00047922
32.18650818	0.00046816
32.21035004	0.00031263
32.23419189	0.00017772
32.25803375	0.00015052
32.28187561	0.00058579
32.30571747	0.00111120
32.32955933	0.00210698
32.35340118	0.00190945
32.37724304	0.00032045
32.40108490	0.00046693
32.42492676	0.00023859
32.44876862	0.00017668
32.47261047	0.00022516
32.49645233	0.00021369
32.52029419	0.00018236
32.54413605	0.00015891
32.56797791	0.00026096
32.59181976	0.00020975
32.61566162	0.00082760
32.63950348	0.00497019
32.66334534	0.00691133
32.68718719	0.00421570
32.71102905	0.00113536
32.73487091	0.00029879
32.75871277	0.00029051
32.78255463	0.00036086
32.80639648	0.00009077
32.83023834	0.00019222
32.85408020	0.00002757
32.87792206	0.00030486
32.90176392	0.00026877
32.92560577	0.00024969
32.94944763	0.00170100
32.97328949	0.00658275
32.99713135	0.01067268
33.02097321	0.00690891
33.04481506	0.00120282
33.06865692	0.00006535
33.09249878	0.00031795
33.11634064	0.00025923
33.14018250	0.00023225
33.16402435	0.00020281
33.18786621	0.00025570
33.21170807	0.00004837
33.23554993	0.00033326
33.25939178	0.00023825
33.28323364	0.00027680
33.30707550	0.00062217
33.33091736	0.00022173
33.35475922	0.00015272
33.37860107	0.00039552
33.40244293	0.00008289
33.42628479	0.00038590
33.45012665	0.00027353
33.47396851	0.00019418
33.49781036	0.00033635
33.52165222	0.00007131
33.54549408	0.00026746
33.56933594	0.00003997
33.59317780	0.00031759
33.61701965	0.00078649
33.64086151	0.00395876
33.66470337	0.00526677
33.68854523	0.00332973
33.71238708	0.00087670
33.73622894	0.00033354
33.76007080	0.00018033
33.78391266	0.00038715
33.80775452	0.00003169
33.83159637	0.00013135
33.85543823	0.00004720
33.87928009	0.00017005
33.90312195	0.00027392
33.92696381	0.00014156
33.95080566	0.00208870
33.97464752	0.00818839
33.99848938	0.01312142
34.02233124	0.00775959
34.04617310	0.00068793
34.07001495	0.00027924
34.09385681	0.00019257
34.11769867	0.00006342
34.14154053	0.00005980
34.16538239	0.00010793
34.18922424	0.00037586
34.21306610	0.00027208
34.23690796	0.00034421
34.26074982	0.00020123
34.28459167	0.00069957
34.30843353	0.00217100
34.33227539	0.00217717
34.35611725	0.00134303
34.37995911	0.00054085
34.40380096	0.00005459
34.42764282	0.00028894
34.45148468	0.00028718
34.47532654	0.00011335
34.49916840	0.00041034
34.52301025	0.00007640
34.54685211	0.00029937
34.57069397	0.00017554
34.59453583	0.00017333
34.61837769	0.00070902
34.64221954	0.00161625
34.66606140	0.00205162
34.68990326	0.00166292
34.71374512	0.00043380
34.73758698	0.00030205
34.76142883	0.00028617
34.78527069	0.00016243
34.80911255	0.00035385
34.83295441	0.00010288
34.85679626	0.00038188
34.88063812	0.00016830
34.90447998	0.00013677
34.92832184	0.00025443
34.95216370	0.00206497
34.97600555	0.00804487
34.99984741	0.01239250
35.02368927	0.00674047
35.04753113	0.00045392
35.07137299	0.00008156
35.09521484	0.00023578
35.11905670	0.00018333
35.14289856	0.00013056
35.16674042	0.00012659
35.19058228	0.00019408
35.21442413	0.00020952
35.23826599	0.00009348
35.26210785	0.00054428
35.28594971	0.00097790
35.30979156	0.00317563
35.33363342	0.00356854
35.35747528	0.00225843
35.38131714	0.00047465
35.40515900	0.00014634
35.42900085	0.00015133
35.45284271	0.00037359
35.47668457	0.00021663
35.50052643	0.00030440
35.52436829	0.00015555
35.54821014	0.00034064
35.57205200	0.00043858
35.59589386	0.00019058
35.61973572	0.00028259
35.64357758	0.00137479
35.66741943	0.00149917
35.69126129	0.00023164
35.71510315	0.00018377
35.73894501	0.00021855
35.76278687	0.00029815
35.78662872	0.00021708
35.81047058	0.00035669
35.83431244	0.00023371
35.85815430	0.00022855
35.88199615	0.00028858
35.90583801	0.00017390
35.92967987	0.00034304
35.95352173	0.00140667
35.97736359	0.00561816
36.00120544	0.00844045
36.02504730	0.00410361
36.04888916	0.00019496
36.07273102	0.00038843
36.09657288	0.00020784
36.12041473	0.00035003
36.14425659	0.00005542
36.16809845	0.00022149
36.19194031	0.00008715
36.21578217	0.00014917
36.23962402	0.00006644
36.26346588	0.00023687
36.28730774	0.00142735
36.31114960	0.00361079
36.33499146	0.00428714
36.35883331	0.00267610
36.38267517	0.00024954
36.40651703	0.00031894
36.43035889	0.00023970
36.45420074	0.00018397
36.47804260	0.00018411
36.50188446	0.00030096
36.52572632	0.00015825
36.54956818	0.00009001
36.57341003	0.00043940
36.59725189	0.00017543
36.62109375	0.00082486
36.64493561	0.00416469
36.66877747	0.00446943
36.69261932	0.00172668
36.71646118	0.00039413
36.74030304	0.00003389
36.76414490	0.00033421
36.78798676	0.00004249
36.81182861	0.00019653
36.83567047	0.00026550
36.85951233	0.00031001
36.88335419	0.00039570
36.90719604	0.00017632
36.93103790	0.00042843
36.95487976	0.00027130
36.97872162	0.00174941
37.00256348	0.00278775
37.02640533	0.00103235
37.05024719	0.00024731
37.07408905	0.00043967
37.09793091	0.00019371
37.12177277	0.00024737
37.14561462	0.00017398
37.16945648	0.00022893
37.19329834	0.00015003
37.21714020	0.00011717
37.24098206	0.00020380
37.26482391	0.00015409
37.28866577	0.00108385
37.31250763	0.00281378
37.33634949	0.00361624
37.36019135	0.00215915
37.38403320	0.00011769
37.40787506	0.00025382
37.43171692	0.00046048
37.45555878	0.00022479
37.47940063	0.00004740
37.50324249	0.00016660
37.52708435	0.00028586
37.55092621	0.00014121
37.57476807	0.00031792
37.59860992	0.00036637
37.62245178	0.00156870
37.64629364	0.00625228
37.67013550	0.00652407
37.69397736	0.00292331
37.71781921	0.00062082
37.74166107	0.00019491
37.76550293	0.00007646
37.78934479	0.00030402
37.81318665	0.00025676
37.83702850	0.00030132
37.86087036	0.00020398
37.88471222	0.00023840
37.90855408	0.00028425
37.93239594	0.00039444
37.95623779	0.00131564
37.98007965	0.00274659
38.00392151	0.00312459
38.02776337	0.00179051
38.05160522	0.00037564
38.07544708	0.00009074
38.09928894	0.00031167
38.12313080	0.00036774
38.14697266	0.00019151
38.17081451	0.00012841
38.19465637	0.00015859
38.21849823	0.00016590
38.24234009	0.00022145
38.26618195	0.00033869
38.29002380	0.00098169
38.31386566	0.00186195
38.33770752	0.00252524
38.36154938	0.00139479
38.38539124	0.00032322
38.40923309	0.00015374
38.43307495	0.00029369
38.45691681	0.00033234
38.48075867	0.00022283
38.50460052	0.00022115
38.52844238	0.00013555
38.55228424	0.00023508
38.57612610	0.00019033
38.59996796	0.00027409
38.62380981	0.00219103
38.64765167	0.00693788
38.67149353	0.00693557
38.69533539	0.00321160
38.71917725	0.00061198
38.74301910	0.00028281
38.76686096	0.00009076
38.79070282	0.00014890
38.81454468	0.00013374
38.83838654	0.00035984
38.86222839	0.00010043
38.88607025	0.00023528
38.90991211	0.00028301
38.93375397	0.00035484
38.95759583	0.00253270
38.98143768	0.00655112
39.00527954	0.00770871
39.02912140	0.00341440
39.05296326	0.00011645
39.07680511	0.00022865
39.10064697	0.00008614
39.12448883	0.00007062
39.14833069	0.00021004
39.17217255	0.00015676
39.19601440	0.00035279
39.21985626	0.00020579
39.24369812	0.00011163
39.26753998	0.00048109
39.29138184	0.00014985
39.31522369	0.00014972
39.33906555	0.00062734
39.36290741	0.00044235
39.38674927	0.00015098
39.41059113	0.00033866
39.43443298	0.00035728
39.45827484	0.00041936
39.48211670	0.00022206
39.50595856	0.00028052
39.52980042	0.00017949
39.55364227	0.00011266
39.57748413	0.00021550
39.60132599	0.00031659
39.62516785	0.00193711
39.64900970	0.00568762
39.67285156	0.00570169
39.69669342	0.00266305
39.72053528	0.00022345
39.74437714	0.00049800
39.76821899	0.00013374
39.79206085	0.00012191
39.81590271	0.00025870
39.83974457	0.00017218
39.86358643	0.00028075
39.88742828	0.00016106
39.91127014	0.00039992
39.93511200	0.00038765
39.95895386	0.00341279
39.98279572	0.00899745
40.00663757	0.01008887
40.03047943	0.00378920
40.05432129	0.00019059
40.07816315	0.00013258
40.10200500	0.00032175
40.12584686	0.00019485
40.14968872	0.00020367
40.17353058	0.00011405
40.19737244	0.00025129
40.22121429	0.00030436
40.24505615	0.00027709
40.26889801	0.00051778
40.29273987	0.00083060
40.31658173	0.00191837
40.34042358	0.00154254
40.36426544	0.00096075
40.38810730	0.00044567
40.41194916	0.00019129
40.43579102	0.00025164
40.45963287	0.00040862
40.48347473	0.00014101
40.50731659	0.00030023
40.53115845	0.00021897
40.55500031	0.00018467
40.57884216	0.00014647
40.60268402	0.00017473
40.62652588	0.00139614
40.65036774	0.00294521
40.67420959	0.00293044
40.69805145	0.00152461
40.72189331	0.00007946
40.74573517	0.00034399
40.76957703	0.00033466
40.79341888	0.00015338
40.81726074	0.00009182
40.84110260	0.00025025
40.86494446	0.00025742
40.88878632	0.00006810
40.91262817	0.00016982
40.93647003	0.00059813
40.96031189	0.00353405
40.98415375	0.00929725
41.00799561	0.01001862
41.03183746	0.00330673
41.05567932	0.00031497
41.07952118	0.00014480
41.10336304	0.00010189
41.12720490	0.00029556
41.15104675	0.00009848
41.17488861	0.00046609
41.19873047	0.00037887
41.22257233	0.00029747
41.24641418	0.00021627
41.27025604	0.00047603
41.29409790	0.00179420
41.31793976	0.00347215
41.34178162	0.00300225
41.36562347	0.00141004
41.38946533	0.00024699
41.41330719	0.00030283
41.43714905	0.00010451
41.46099091	0.00027235
41.48483276	0.00013858
41.50867462	0.00027434
41.53251648	0.00032172
41.55635834	0.00003881
41.58020020	0.00034803
41.60404205	0.00027928
41.62788391	0.00010751
41.65172577	0.00083899
41.67556763	0.00043552
41.69940948	0.00026311
41.72325134	0.00026993
41.74709320	0.00025733
41.77093506	0.00027748
41.79477692	0.00010564
41.81861877	0.00016888
41.84246063	0.00027673
41.86630249	0.00016561
41.89014435	0.00018519
41.91398621	0.00006841
41.93782806	0.00047591
41.96166992	0.00254941
41.98551178	0.00702494
42.00935364	0.00725730
42.03319550	0.00195870
42.05703735	0.00032716
42.08087921	0.00029572
42.10472107	0.00014704
42.12856293	0.00032930
42.15240479	0.00018052
42.17624664	0.00017760
42.20008850	0.00017328
42.22393036	0.00020360
42.24777222	0.00033442
42.27161407	0.00022365
42.29545593	0.00220674
42.31929779	0.00398041
42.34313965	0.00365523
42.36698151	0.00156999
42.39082336	0.00020780
42.41466522	0.00013140
42.43850708	0.00022118
42.46234894	0.00008452
42.48619080	0.00023780
42.51003265	0.00018032
42.53387451	0.00030810
42.55771637	0.00022641
42.58155823	0.00047914
42.60540009	0.00027847
42.62924194	0.00172056
42.65308380	0.00449622
42.67692566	0.00326202
42.70076752	0.00095825
42.72460938	0.00032944
42.74845123	0.00010133
42.77229309	0.00026892
42.79613495	0.00020975
42.81997681	0.00015119
42.84381866	0.00031341
42.86766052	0.00005791
42.89150238	0.00032017
42.91534424	0.00020594
42.93918610	0.00027842
42.96302795	0.00082694
42.98686981	0.00303073
43.01071167	0.00302090
43.03455353	0.00042436
43.05839539	0.00035235
43.08223724	0.00016934
43.10607910	0.00021522
43.12992096	0.00021413
43.15376282	0.00043704
43.17760468	0.00031907
43.20144653	0.00018522
43.22528839	0.00014657
43.24913025	0.00036943
43.27297211	0.00012400
43.29681396	0.00189863
43.32065582	0.00342815
43.34449768	0.00341465
43.36833954	0.00138828
43.39218140	0.00023233
43.41602325	0.00029011
43.43986511	0.00034506
43.46370697	0.00014570
43.48754883	0.00023426
43.51139069	0.00010785
43.53523254	0.00009571
43.55907440	0.00037459
43.58291626	0.00028034
43.60675812	0.00017908
43.63059998	0.00341697
43.65444183	0.00757498
43.67828369	0.00561111
43.70212555	0.00181943
43.72596741	0.00026822
43.74980927	0.00015960
43.77365112	0.00015895
43.79749298	0.00026132
43.82133484	0.00006965
43.84517670	0.00034974
43.86901855	0.00027840
43.89286041	0.00039252
43.91670227	0.00035356
43.94054413	0.00029532
43.96438599	0.00118698
43.98822784	0.00162151
44.01206970	0.00137590
44.03591156	0.00074862
44.05975342	0.00031329
44.08359528	0.00035059
44.10743713	0.00030568
44.13127899	0.00024425
44.15512085	0.00038614
44.17896271	0.00042280
44.20280457	0.00028449
44.22664642	0.00021728
44.25048828	0.00018023
44.27433014	0.00050898
44.29817200	0.00147582
44.32201385	0.00239311
44.34585571	0.00238475
44.36969757	0.00066193
44.39353943	0.00045452
44.41738129	0.00041071
44.44122314	0.00028768
44.46506500	0.00029668
44.48890686	0.00011153
44.51274872	0.00016295
44.53659058	0.00012121
44.56043243	0.00017015
44.58427429	0.00017659
44.60811615	0.00016062
44.63195801	0.00429783
44.65579987	0.00852151
44.67964172	0.00621631
44.70348358	0.00205635
44.72732544	0.00026808
44.75116730	0.00034075
44.77500916	0.00013092
44.79885101	0.00026927
44.82269287	0.00024116
44.84653473	0.00033974
44.87037659	0.00013658
44.89421844	0.00003775
44.91806030	0.00052076
44.94190216	0.00057471
44.96574402	0.00313759
44.98958588	0.00584564
45.01342773	0.00497498
45.03726959	0.00140063
45.06111145	0.00025614
45.08495331	0.00014807
45.10879517	0.00018853
45.13263702	0.00022420
45.15647888	0.00039465
45.18032074	0.00009483
45.20416260	0.00025262
45.22800446	0.00032538
45.25184631	0.00010283
45.27568817	0.00028643
45.29953003	0.00022795
45.32337189	0.00083686
45.34721375	0.00125546
45.37105560	0.00039988
45.39489746	0.00014972
45.41873932	0.00051820
45.44258118	0.00032369
45.46642303	0.00022250
45.49026489	0.00017157
45.51410675	0.00031682
45.53794861	0.00015198
45.56179047	0.00023531
45.58563232	0.00025704
45.60947418	0.00051724
45.63331604	0.00428583
45.65715790	0.00759047
45.68099976	0.00548035
45.70484161	0.00192771
45.72868347	0.00020047
45.75252533	0.00042315
45.77636719	0.00019497
45.80020905	0.00004886
45.82405090	0.00015124
45.84789276	0.00012497
45.87173462	0.00025646
45.89557648	0.00012778
45.91941833	0.00044351
45.94326019	0.00095430
45.96710205	0.00461039
45.99094391	0.00871419
46.01478577	0.00693194
46.03862762	0.00135989
46.06246948	0.00046342
46.08631134	0.00043868
46.11015320	0.00033748
46.13399506	0.00011449
46.15783691	0.00033006
46.18167877	0.00013031
46.20552063	0.00004845
46.22936249	0.00044046
46.25320435	0.00023144
46.27704620	0.00012574
46.30088806	0.00111581
46.32472992	0.00135444
46.34857178	0.00068147
46.37241364	0.00043993
46.39625549	0.00022445
46.42009735	0.00046146
46.44393921	0.00017734
46.46778107	0.00011159
46.49162292	0.00041050
46.51546478	0.00028574
46.53930664	0.00023466
46.56314850	0.00006116
46.58699036	0.00031253
46.61083221	0.00045822
46.63467407	0.00275938
46.65851593	0.00448065
46.68235779	0.00333224
46.70619965	0.00110272
46.73004150	0.00043433
46.75388336	0.00017982
46.77772522	0.00027862
46.80156708	0.00021910
46.82540894	0.00032593
46.84925079	0.00010312
46.87309265	0.00010921
46.89693451	0.00025465
46.92077637	0.00034772
46.94461823	0.00098645
46.96846008	0.00481206
46.99230194	0.00940331
47.01614380	0.00713716
47.03998566	0.00114149
47.06382751	0.00037615
47.08766937	0.00026270
47.11151123	0.00008327
47.13535309	0.00019284
47.15919495	0.00007706
47.18303680	0.00014560
47.20687866	0.00014068
47.23072052	0.00048883
47.25456238	0.00017173
47.27840424	0.00043966
47.30224609	0.00244938
47.32608795	0.00310547
47.34992981	0.00209287
47.37377167	0.00067709
47.39761353	0.00021893
47.42145538	0.00031181
47.44529724	0.00021658
47.46913910	0.00032999
47.49298096	0.00009151
47.51682281	0.00000306
47.54066467	0.00024725
47.56450653	0.00021784
47.58834839	0.00022556
47.61219025	0.00045915
47.63603210	0.00036165
47.65987396	0.00022016
47.68371582	0.00064658
47.70755768	0.00033890
47.73139954	0.00031526
47.75524139	0.00013515
47.77908325	0.00027370
47.80292511	0.00027085
47.82676697	0.00021816
47.85060883	0.00030106
47.87445068	0.00008212
47.89829254	0.00017125
47.92213440	0.00011877
47.94597626	0.00090869
47.96981812	0.00398382
47.99365997	0.00769916
48.01750183	0.00538715
48.04134369	0.00053814
48.06518555	0.00023889
48.08902740	0.00039880
48.11286926	0.00018873
48.13671112	0.00033712
48.16055298	0.00013801
48.18439484	0.00009160
48.20823669	0.00029743
48.23207855	0.00026465
48.25592041	0.00048413
48.27976227	0.00060259
48.30360413	0.00304951
48.32744598	0.00401954
48.35128784	0.00299205
48.37512970	0.00090119
48.39897156	0.00044943
48.42281342	0.00029072
48.44665527	0.00006486
48.47049713	0.00016731
48.49433899	0.00027848
48.51818085	0.00011511
48.54202271	0.00036350
48.56586456	0.00018574
48.58970642	0.00022389
48.61354828	0.00011740
48.63739014	0.00266180
48.66123199	0.00423679
48.68507385	0.00199383
48.70891571	0.00033835
48.73275757	0.00010475
48.75659943	0.00036369
48.78044128	0.00033558
48.80428314	0.00033084
