Частота	Канал A
(kГц)	(В)

0.00000000	0.17120060
0.02384186	0.07232439
0.04768372	0.01217025
0.07152557	0.00067944
0.09536743	0.00067957
0.11920929	0.00058729
0.14305115	0.00064145
0.16689301	0.00080458
0.19073486	0.00049070
0.21457672	0.00023730
0.23841858	0.00054916
0.26226044	0.00077170
0.28610229	0.00146776
0.30994415	0.00185542
0.33378601	0.00137498
0.35762787	0.00127773
0.38146973	0.00112820
0.40531158	0.00109691
0.42915344	0.00045298
0.45299530	0.00036677
0.47683716	0.00042549
0.50067902	0.00037301
0.52452087	0.00064343
0.54836273	0.00049034
0.57220459	0.00039747
0.59604645	0.00093425
0.61988831	0.00094955
0.64373016	0.00194982
0.66757202	0.00191145
0.69141388	0.00145750
0.71525574	0.00113206
0.73909760	0.00104310
0.76293945	0.00068923
0.78678131	0.00023479
0.81062317	0.00055844
0.83446503	0.00067573
0.85830688	0.00036484
0.88214874	0.00029738
0.90599060	0.00039994
0.92983246	0.00097786
0.95367432	0.00988320
0.97751617	0.05308270
1.00135803	0.08373374
1.02519989	0.04713484
1.04904175	0.00728289
1.07288361	0.00059266
1.09672546	0.00053539
1.12056732	0.00035800
1.14440918	0.00039348
1.16825104	0.00072399
1.19209290	0.00049989
1.21593475	0.00035452
1.23977661	0.00063202
1.26361847	0.00083807
1.28746033	0.00143998
1.31130219	0.00173214
1.33514404	0.00091528
1.35898590	0.00071295
1.38282776	0.00091073
1.40666962	0.00078234
1.43051147	0.00037002
1.45435333	0.00046917
1.47819519	0.00045117
1.50203705	0.00040370
1.52587891	0.00048781
1.54972076	0.00029775
1.57356262	0.00039256
1.59740448	0.00099317
1.62124634	0.00137455
1.64508820	0.00285251
1.66893005	0.00236848
1.69277191	0.00086176
1.71661377	0.00073945
1.74045563	0.00106049
1.76429749	0.00056477
1.78813934	0.00032453
1.81198120	0.00057183
1.83582306	0.00049297
1.85966492	0.00047980
1.88350677	0.00043327
1.90734863	0.00035400
1.93119049	0.00088914
1.95503235	0.01121917
1.97887421	0.05498074
2.00271606	0.08175462
2.02655792	0.04345912
2.05039978	0.00635516
2.07424164	0.00083009
2.09808350	0.00040575
2.12192535	0.00008115
2.14576721	0.00021861
2.16960907	0.00054083
2.19345093	0.00039822
2.21729279	0.00043999
2.24113464	0.00048147
2.26497650	0.00061320
2.28881836	0.00167542
2.31266022	0.00206950
2.33650208	0.00090340
2.36034393	0.00048696
2.38418579	0.00110161
2.40802765	0.00087068
2.43186951	0.00061087
2.45571136	0.00041195
2.47955322	0.00036629
2.50339508	0.00035390
2.52723694	0.00062208
2.55107880	0.00027487
2.57492065	0.00041367
2.59876251	0.00097390
2.62260437	0.00148298
2.64644623	0.00330844
2.67028809	0.00265970
2.69412994	0.00078752
2.71797180	0.00072950
2.74181366	0.00089871
2.76565552	0.00042122
2.78949738	0.00055888
2.81333923	0.00069612
2.83718109	0.00055259
2.86102295	0.00037529
2.88486481	0.00034512
2.90870667	0.00017687
2.93254852	0.00084393
2.95639038	0.01219617
2.98023224	0.05606119
3.00407410	0.07889352
3.02791595	0.03953418
3.05175781	0.00530438
3.07559967	0.00083198
3.09944153	0.00044416
3.12328339	0.00011950
3.14712524	0.00035039
3.17096710	0.00064791
3.19480896	0.00039944
3.21865082	0.00043075
3.24249268	0.00060545
3.26633453	0.00085859
3.29017639	0.00208240
3.31401825	0.00241826
3.33786011	0.00130560
3.36170197	0.00093545
3.38554382	0.00109804
3.40938568	0.00075265
3.43322754	0.00074457
3.45706940	0.00054215
3.48091125	0.00021560
3.50475311	0.00026664
3.52859497	0.00041932
3.55243683	0.00035979
3.57627869	0.00059870
3.60012054	0.00089906
3.62396240	0.00214005
3.64780426	0.00420758
3.67164612	0.00303138
3.69548798	0.00046728
3.71932983	0.00083160
3.74317169	0.00106162
3.76701355	0.00046577
3.79085541	0.00038069
3.81469727	0.00044696
3.83853912	0.00048768
3.86238098	0.00063014
3.88622284	0.00043147
3.91006470	0.00030365
3.93390656	0.00093768
3.95774841	0.01314822
3.98159027	0.05616485
4.00543213	0.07464177
4.02927399	0.03505580
4.05311584	0.00410631
4.07695770	0.00071220
4.10079956	0.00050294
4.12464142	0.00011806
4.14848328	0.00016806
4.17232513	0.00044841
4.19616699	0.00034017
4.22000885	0.00067188
4.24385071	0.00048525
4.26769257	0.00066731
4.29153442	0.00197186
4.31537628	0.00223724
4.33921814	0.00191163
4.36306000	0.00170626
4.38690186	0.00122878
4.41074371	0.00077303
4.43458557	0.00043490
4.45842743	0.00036632
4.48226929	0.00035928
4.50611115	0.00062187
4.52995300	0.00064893
4.55379486	0.00055790
4.57763672	0.00057259
4.60147858	0.00068024
4.62532043	0.00228772
4.64916229	0.00467853
4.67300415	0.00333471
4.69684601	0.00062282
4.72068787	0.00067436
4.74452972	0.00085040
4.76837158	0.00044249
4.79221344	0.00046786
4.81605530	0.00046595
4.83989716	0.00038500
4.86373901	0.00070793
4.88758087	0.00071245
4.91142273	0.00050790
4.93526459	0.00097176
4.95910645	0.01409922
4.98294830	0.05547450
5.00679016	0.06954189
5.03063202	0.03054370
5.05447388	0.00306940
5.07831573	0.00072767
5.10215759	0.00063055
5.12599945	0.00040103
5.14984131	0.00045359
5.17368317	0.00067578
5.19752502	0.00056957
5.22136688	0.00058075
5.24520874	0.00046467
5.26905060	0.00075437
5.29289246	0.00200049
5.31673431	0.00240514
5.34057617	0.00241692
5.36441803	0.00198092
5.38825989	0.00116847
5.41210175	0.00077320
5.43594360	0.00093385
5.45978546	0.00051968
5.48362732	0.00033161
5.50746918	0.00060790
5.53131104	0.00048230
5.55515289	0.00049550
5.57899475	0.00053967
5.60283661	0.00071904
5.62667847	0.00283713
5.65052032	0.00500186
5.67436218	0.00338617
5.69820404	0.00092647
5.72204590	0.00073065
5.74588776	0.00088494
5.76972961	0.00065803
5.79357147	0.00055608
5.81741333	0.00047225
5.84125519	0.00046418
5.86509705	0.00073649
5.88893890	0.00069211
5.91278076	0.00064671
5.93662262	0.00099108
5.96046448	0.01465105
5.98430634	0.05375231
6.00814819	0.06382670
6.03199005	0.02630449
6.05583191	0.00229445
6.07967377	0.00061860
6.10351563	0.00066083
6.12735748	0.00074683
6.15119934	0.00061930
6.17504120	0.00040615
6.19888306	0.00028508
6.22272491	0.00040677
6.24656677	0.00014446
6.27040863	0.00060050
6.29425049	0.00182883
6.31809235	0.00231439
6.34193420	0.00299847
6.36577606	0.00226071
6.38961792	0.00078905
6.41345978	0.00054819
6.43730164	0.00084238
6.46114349	0.00054506
6.48498535	0.00026456
6.50882721	0.00041940
6.53266907	0.00045169
6.55651093	0.00051899
6.58035278	0.00044015
6.60419464	0.00052871
6.62803650	0.00294746
6.65187836	0.00513651
6.67572021	0.00328146
6.69956207	0.00088674
6.72340393	0.00080157
6.74724579	0.00075158
6.77108765	0.00064179
6.79492950	0.00073534
6.81877136	0.00051918
6.84261322	0.00033690
6.86645508	0.00052820
6.89029694	0.00032911
6.91413879	0.00041789
6.93798065	0.00062079
6.96182251	0.01479946
6.98566437	0.05093461
7.00950623	0.05708609
7.03334808	0.02193228
7.05718994	0.00184331
7.08103180	0.00087045
7.10487366	0.00045420
7.12871552	0.00039333
7.15255737	0.00049599
7.17639923	0.00034509
7.20024109	0.00048575
7.22408295	0.00065697
7.24792480	0.00035931
7.27176666	0.00063269
7.29560852	0.00167948
7.31945038	0.00263477
7.34329224	0.00374059
7.36713409	0.00255302
7.39097595	0.00063794
7.41481781	0.00030379
7.43865967	0.00076716
7.46250153	0.00049059
7.48634338	0.00029789
7.51018524	0.00051179
7.53402710	0.00068212
7.55786896	0.00073654
7.58171082	0.00049098
7.60555267	0.00056532
7.62939453	0.00293360
7.65323639	0.00476583
7.67707825	0.00302584
7.70092010	0.00143691
7.72476196	0.00079123
7.74860382	0.00052900
7.77244568	0.00073450
7.79628754	0.00061051
7.82012939	0.00030865
7.84397125	0.00040273
7.86781311	0.00071721
7.89165497	0.00071762
7.91549683	0.00069212
7.93933868	0.00080750
7.96318054	0.01506373
7.98702240	0.04768722
8.01086426	0.05040254
8.03470612	0.01807376
8.05854797	0.00135638
8.08238983	0.00060450
8.10623169	0.00025763
8.13007355	0.00051122
8.15391541	0.00042283
8.17775726	0.00033413
8.20159912	0.00081739
8.22544098	0.00078528
8.24928284	0.00037073
8.27312469	0.00070718
8.29696655	0.00165342
8.32080841	0.00267646
8.34465027	0.00398625
8.36849213	0.00278305
8.39233398	0.00080478
8.41617584	0.00060721
8.44001770	0.00081814
8.46385956	0.00062481
8.48770142	0.00058198
8.51154327	0.00050910
8.53538513	0.00052924
8.55922699	0.00082381
8.58306885	0.00066323
8.60691071	0.00076290
8.63075256	0.00281945
8.65459442	0.00434349
8.67843628	0.00293846
8.70227814	0.00186392
8.72612000	0.00092871
8.74996185	0.00030685
8.77380371	0.00060454
8.79764557	0.00067049
8.82148743	0.00039577
8.84532928	0.00041995
8.86917114	0.00039330
8.89301300	0.00039110
8.91685486	0.00050311
8.94069672	0.00072169
8.96453857	0.01458951
8.98838043	0.04336413
9.01222229	0.04332566
9.03606415	0.01436146
9.05990601	0.00097339
9.08374786	0.00053549
9.10758972	0.00047128
9.13143158	0.00068542
9.15527344	0.00042440
9.17911530	0.00025617
9.20295715	0.00060309
9.22679901	0.00054038
9.25064087	0.00055803
9.27448273	0.00078044
9.29832458	0.00130115
9.32216644	0.00260597
9.34600830	0.00419769
9.36985016	0.00287766
9.39369202	0.00102600
9.41753387	0.00099444
9.44137573	0.00090452
9.46521759	0.00047232
9.48905945	0.00043400
9.51290131	0.00025405
9.53674316	0.00040772
9.56058502	0.00072861
9.58442688	0.00041656
9.60826874	0.00075153
9.63211060	0.00268913
9.65595245	0.00400861
9.67979431	0.00277643
9.70363617	0.00183854
9.72747803	0.00087313
9.75131989	0.00037902
9.77516174	0.00060919
9.79900360	0.00058384
9.82284546	0.00055270
9.84668732	0.00065539
9.87052917	0.00073809
9.89437103	0.00072493
9.91821289	0.00062083
9.94205475	0.00075562
9.96589661	0.01382900
9.98973846	0.03826598
10.01358032	0.03602420
10.03742218	0.01095172
10.06126404	0.00077496
10.08510590	0.00040705
10.10894775	0.00041187
10.13278961	0.00073549
10.15663147	0.00054938
10.18047333	0.00042336
10.20431519	0.00063895
10.22815704	0.00064918
10.25199890	0.00074071
10.27584076	0.00077678
10.29968262	0.00110017
10.32352448	0.00269006
10.34736633	0.00422290
10.37120819	0.00258686
10.39505005	0.00069987
10.41889191	0.00061946
10.44273376	0.00063280
10.46657562	0.00048274
10.49041748	0.00052018
10.51425934	0.00019681
10.53810120	0.00033509
10.56194305	0.00066925
10.58578491	0.00049964
10.60962677	0.00088054
10.63346863	0.00241686
10.65731049	0.00321500
10.68115234	0.00233298
10.70499420	0.00189080
10.72883606	0.00084978
10.75267792	0.00030312
10.77651978	0.00073111
10.80036163	0.00059429
10.82420349	0.00033317
10.84804535	0.00035221
10.87188721	0.00044983
10.89572906	0.00053781
10.91957092	0.00079939
10.94341278	0.00043017
10.96725464	0.01247983
10.99109650	0.03266949
11.01493835	0.02900901
11.03878021	0.00814266
11.06262207	0.00078174
11.08646393	0.00044653
11.11030579	0.00047194
11.13414764	0.00074031
11.15798950	0.00047586
11.18183136	0.00030255
11.20567322	0.00057045
11.22951508	0.00059850
11.25335693	0.00092965
11.27719879	0.00092205
11.30104065	0.00063559
11.32488251	0.00247880
11.34872437	0.00410327
11.37256622	0.00240799
11.39640808	0.00094852
11.42024994	0.00085411
11.44409180	0.00073782
11.46793365	0.00061436
11.49177551	0.00044979
11.51561737	0.00010207
11.53945923	0.00030265
11.56330109	0.00069649
11.58714294	0.00062339
11.61098480	0.00111229
11.63482666	0.00218181
11.65866852	0.00292547
11.68251038	0.00258395
11.70635223	0.00203169
11.73019409	0.00070634
11.75403595	0.00016797
11.77787781	0.00042817
11.80171967	0.00039929
11.82556152	0.00040033
11.84940338	0.00040189
11.87324524	0.00045676
11.89708710	0.00065782
11.92092896	0.00078342
11.94477081	0.00046116
11.96861267	0.01081644
11.99245453	0.02687043
12.01629639	0.02260641
12.04013824	0.00588200
12.06398010	0.00105202
12.08782196	0.00044432
12.11166382	0.00061580
12.13550568	0.00069213
12.15934753	0.00039130
12.18318939	0.00036320
12.20703125	0.00031181
12.23087311	0.00037304
12.25471497	0.00082800
12.27855682	0.00080993
12.30239868	0.00019631
12.32624054	0.00227741
12.35008240	0.00367601
12.37392426	0.00203370
12.39776611	0.00090083
12.42160797	0.00047374
12.44544983	0.00016478
12.46929169	0.00055464
12.49313354	0.00064577
12.51697540	0.00038198
12.54081726	0.00054622
12.56465912	0.00077927
12.58850098	0.00073569
12.61234283	0.00095647
12.63618469	0.00151243
12.66002655	0.00200055
12.68386841	0.00227498
12.70771027	0.00195153
12.73155212	0.00064874
12.75539398	0.00050001
12.77923584	0.00073463
12.80307770	0.00056736
12.82691956	0.00048211
12.85076141	0.00016122
12.87460327	0.00012388
12.89844513	0.00074564
12.92228699	0.00084103
12.94612885	0.00075340
12.96997070	0.00897184
12.99381256	0.02096533
13.01765442	0.01670503
13.04149628	0.00415284
13.06533813	0.00089436
13.08917999	0.00025556
13.11302185	0.00051559
13.13686371	0.00070775
13.16070557	0.00043187
13.18454742	0.00034607
13.20838928	0.00017308
13.23223114	0.00045915
13.25607300	0.00094506
13.27991486	0.00063518
13.30375671	0.00056707
13.32759857	0.00228091
13.35144043	0.00329734
13.37528229	0.00175624
13.39912415	0.00086812
13.42296600	0.00046898
13.44680786	0.00037671
13.47064972	0.00066386
13.49449158	0.00064400
13.51833344	0.00033764
13.54217529	0.00031222
13.56601715	0.00036586
13.58985901	0.00063225
13.61370087	0.00106240
13.63754272	0.00079429
13.66138458	0.00089950
13.68522644	0.00184990
13.70906830	0.00167877
13.73291016	0.00065913
13.75675201	0.00056785
13.78059387	0.00034671
13.80443573	0.00031814
13.82827759	0.00064731
13.85211945	0.00052885
13.87596130	0.00025295
13.89980316	0.00052208
13.92364502	0.00065306
13.94748688	0.00103777
13.97132874	0.00688586
13.99517059	0.01481756
14.01901245	0.01096717
14.04285431	0.00255876
14.06669617	0.00100759
14.09053802	0.00041172
14.11437988	0.00050609
14.13822174	0.00055931
14.16206360	0.00059381
14.18590546	0.00048278
14.20974731	0.00027544
14.23358917	0.00036371
14.25743103	0.00084267
14.28127289	0.00071738
14.30511475	0.00071241
14.32895660	0.00216687
14.35279846	0.00313177
14.37664032	0.00163873
14.40048218	0.00106571
14.42432404	0.00055325
14.44816589	0.00023379
14.47200775	0.00045212
14.49584961	0.00042774
14.51969147	0.00029909
14.54353333	0.00045061
14.56737518	0.00059870
14.59121704	0.00089643
14.61505890	0.00118599
14.63890076	0.00045958
14.66274261	0.00075974
14.68658447	0.00203728
14.71042633	0.00170705
14.73426819	0.00081167
14.75811005	0.00073662
14.78195190	0.00049640
14.80579376	0.00057117
14.82963562	0.00056560
14.85347748	0.00027310
14.87731934	0.00042009
14.90116119	0.00092860
14.92500305	0.00070496
14.94884491	0.00086915
14.97268677	0.00432478
14.99652863	0.00890555
15.02037048	0.00619623
15.04421234	0.00154290
15.06805420	0.00077247
15.09189606	0.00044324
15.11573792	0.00049170
15.13957977	0.00048872
15.16342163	0.00059656
15.18726349	0.00062148
15.21110535	0.00041968
15.23494720	0.00054012
15.25878906	0.00087305
15.28263092	0.00088073
15.30647278	0.00138811
15.33031464	0.00191330
15.35415649	0.00235309
15.37799835	0.00124048
15.40184021	0.00094932
15.42568207	0.00042243
15.44952393	0.00041312
15.47336578	0.00067699
15.49720764	0.00044190
15.52104950	0.00050585
15.54489136	0.00057621
15.56873322	0.00062285
15.59257507	0.00095142
15.61641693	0.00099232
15.64025879	0.00091572
15.66410065	0.00113184
15.68794250	0.00170926
15.71178436	0.00143410
15.73562622	0.00074781
15.75946808	0.00056927
15.78330994	0.00018907
15.80715179	0.00039851
15.83099365	0.00068509
15.85483551	0.00045764
15.87867737	0.00031804
15.90251923	0.00037613
15.92636108	0.00042165
15.95020294	0.00112932
15.97404480	0.00194112
15.99788666	0.00338347
16.02172852	0.00229276
16.04557037	0.00131347
16.06941223	0.00066499
16.09325409	0.00064451
16.11709595	0.00061715
16.14093781	0.00053253
16.16477966	0.00065616
16.18862152	0.00044736
16.21246338	0.00011457
16.23630524	0.00052522
16.26014709	0.00086118
16.28398895	0.00110139
16.30783081	0.00157730
16.33167267	0.00142001
16.35551453	0.00145896
16.37935638	0.00091690
16.40319824	0.00092507
16.42704010	0.00035894
16.45088196	0.00029238
16.47472382	0.00057638
16.49856567	0.00045829
16.52240753	0.00042053
16.54624939	0.00035935
16.57009125	0.00036260
16.59393311	0.00096563
16.61777496	0.00123909
16.64161682	0.00190067
16.66545868	0.00179983
16.68930054	0.00146144
16.71314240	0.00116151
16.73698425	0.00077080
16.76082611	0.00047747
16.78466797	0.00018354
16.80850983	0.00044805
16.83235168	0.00052887
16.85619354	0.00044286
16.88003540	0.00061186
16.90387726	0.00071152
16.92771912	0.00090653
16.95156097	0.00167374
16.97540283	0.00181292
16.99924469	0.00176340
17.02308655	0.00152066
17.04692841	0.00130485
17.07077026	0.00052750
17.09461212	0.00062928
17.11845398	0.00035380
17.14229584	0.00035790
17.16613770	0.00079674
17.18997955	0.00081017
17.21382141	0.00041726
17.23766327	0.00063419
17.26150513	0.00084373
17.28534698	0.00139880
17.30918884	0.00206344
17.33303070	0.00134590
17.35687256	0.00090796
17.38071442	0.00106633
17.40455627	0.00115524
17.42839813	0.00059351
17.45223999	0.00043904
17.47608185	0.00041489
17.49992371	0.00024438
17.52376556	0.00036635
17.54760742	0.00015575
17.57144928	0.00009354
17.59529114	0.00077914
17.61913300	0.00142893
17.64297485	0.00293601
17.66681671	0.00264729
17.69065857	0.00123320
17.71450043	0.00088880
17.73834229	0.00083137
17.76218414	0.00063596
17.78602600	0.00022369
17.80986786	0.00030619
17.83370972	0.00038105
17.85755157	0.00045273
17.88139343	0.00064308
17.90523529	0.00062063
17.92907715	0.00101257
17.95291901	0.00206824
17.97676086	0.00410439
18.00060272	0.00624847
18.02444458	0.00398282
18.04828644	0.00151147
18.07212830	0.00077426
18.09597015	0.00069977
18.11981201	0.00027776
18.14365387	0.00021865
18.16749573	0.00055864
18.19133759	0.00045744
18.21517944	0.00030737
18.23902130	0.00049567
18.26286316	0.00083316
18.28670502	0.00164951
18.31054688	0.00211054
18.33438873	0.00092968
18.35823059	0.00030582
18.38207245	0.00095994
18.40591431	0.00074072
18.42975616	0.00048179
18.45359802	0.00038680
18.47743988	0.00024759
18.50128174	0.00024138
18.52512360	0.00049489
18.54896545	0.00022717
18.57280731	0.00024581
18.59664917	0.00090783
18.62049103	0.00160711
18.64433289	0.00360043
18.66817474	0.00298430
18.69201660	0.00091709
18.71585846	0.00074509
18.73970032	0.00099663
18.76354218	0.00065452
18.78738403	0.00036188
18.81122589	0.00054618
18.83506775	0.00066803
18.85890961	0.00052009
18.88275146	0.00040411
18.90659332	0.00025744
18.93043518	0.00092273
18.95427704	0.00224336
18.97811890	0.00670463
19.00196075	0.01018603
19.02580261	0.00605787
19.04964447	0.00177754
19.07348633	0.00098384
19.09732819	0.00093512
19.12117004	0.00035891
19.14501190	0.00022360
19.16885376	0.00061462
19.19269562	0.00053564
19.21653748	0.00057788
19.24037933	0.00066717
19.26422119	0.00078958
19.28806305	0.00200742
19.31190491	0.00247977
19.33574677	0.00118861
19.35958862	0.00051042
19.38343048	0.00082315
19.40727234	0.00059018
19.43111420	0.00052623
19.45495605	0.00041392
19.47879791	0.00024742
19.50263977	0.00036360
19.52648163	0.00046062
19.55032349	0.00006585
19.57416534	0.00027498
19.59800720	0.00074951
19.62184906	0.00198443
19.64569092	0.00446875
19.66953278	0.00354245
19.69337463	0.00073521
19.71721649	0.00063856
19.74105835	0.00088736
19.76490021	0.00040258
19.78874207	0.00028898
19.81258392	0.00018393
19.83642578	0.00030842
19.86026764	0.00065467
19.88410950	0.00053280
19.90795135	0.00017417
19.93179321	0.00072513
19.95563507	0.00239791
19.97947693	0.00892338
20.00331879	0.01317499
20.02716064	0.00712651
20.05100250	0.00140972
20.07484436	0.00062469
20.09868622	0.00064179
20.12252808	0.00026656
20.14636993	0.00023717
20.17021179	0.00058646
20.19405365	0.00049693
20.21789551	0.00035864
20.24173737	0.00027395
20.26557922	0.00055281
20.28942108	0.00199885
20.31326294	0.00255075
20.33710480	0.00160693
20.36094666	0.00091692
20.38478851	0.00088748
20.40863037	0.00069322
20.43247223	0.00041502
20.45631409	0.00032871
20.48015594	0.00020434
20.50399780	0.00029236
20.52783966	0.00043813
20.55168152	0.00035304
20.57552338	0.00066582
20.59936523	0.00107562
20.62320709	0.00252841
20.64704895	0.00524945
20.67089081	0.00412317
20.69473267	0.00091331
20.71857452	0.00053184
20.74241638	0.00089589
20.76625824	0.00066563
20.79010010	0.00062913
20.81394196	0.00050494
20.83778381	0.00033089
20.86162567	0.00044845
20.88546753	0.00035967
20.90930939	0.00034411
20.93315125	0.00107743
20.95699310	0.00300665
20.98083496	0.01100535
21.00467682	0.01542131
21.02851868	0.00785552
21.05236053	0.00143974
21.07620239	0.00092027
21.10004425	0.00078588
21.12388611	0.00033521
21.14772797	0.00049577
21.17156982	0.00070065
21.19541168	0.00045673
21.21925354	0.00054443
21.24309540	0.00037179
21.26693726	0.00061294
21.29077911	0.00221417
21.31462097	0.00274539
21.33846283	0.00199476
21.36230469	0.00148816
21.38614655	0.00091750
21.40998840	0.00061053
21.43383026	0.00074767
21.45767212	0.00047360
21.48151398	0.00015203
21.50535583	0.00050722
21.52919769	0.00069080
21.55303955	0.00037196
21.57688141	0.00042368
21.60072327	0.00067621
21.62456512	0.00269939
21.64840698	0.00554317
21.67224884	0.00416612
21.69609070	0.00117764
21.71993256	0.00068912
21.74377441	0.00070942
21.76761627	0.00043338
21.79145813	0.00051230
21.81529999	0.00029040
21.83914185	0.00026616
21.86298370	0.00060723
21.88682556	0.00062318
21.91066742	0.00044205
21.93450928	0.00094924
21.95835114	0.00358168
21.98219299	0.01288041
22.00603485	0.01697282
22.02987671	0.00811938
22.05371857	0.00117693
22.07756042	0.00055345
22.10140228	0.00055481
22.12524414	0.00053424
22.14908600	0.00057195
22.17292786	0.00065757
22.19676971	0.00057098
22.22061157	0.00064012
22.24445343	0.00038882
22.26829529	0.00036439
22.29213715	0.00188783
22.31597900	0.00235441
22.33982086	0.00222180
22.36366272	0.00172853
22.38750458	0.00066567
22.41134644	0.00034253
22.43518829	0.00058762
22.45903015	0.00035379
22.48287201	0.00013497
22.50671387	0.00048318
22.53055573	0.00064446
22.55439758	0.00071289
22.57823944	0.00076566
22.60208130	0.00070655
22.62592316	0.00281836
22.64976501	0.00592605
22.67360687	0.00440255
22.69744873	0.00130142
22.72129059	0.00073033
22.74513245	0.00073417
22.76897430	0.00050884
22.79281616	0.00055240
22.81665802	0.00030701
22.84049988	0.00027907
22.86434174	0.00066512
22.88818359	0.00058191
22.91202545	0.00052271
22.93586731	0.00090915
22.95970917	0.00393561
22.98355103	0.01403177
23.00739288	0.01749149
23.03123474	0.00779676
23.05507660	0.00117029
23.07891846	0.00086330
23.10276031	0.00056172
23.12660217	0.00045943
23.15044403	0.00046440
23.17428589	0.00036585
23.19812775	0.00040422
23.22196960	0.00075536
23.24581146	0.00060931
23.26965332	0.00097133
23.29349518	0.00210905
23.31733704	0.00231739
23.34117889	0.00268229
23.36502075	0.00218277
23.38886261	0.00068162
23.41270447	0.00036592
23.43654633	0.00070551
23.46038818	0.00049721
23.48423004	0.00043281
23.50807190	0.00052663
23.53191376	0.00046932
23.55575562	0.00062215
23.57959747	0.00066916
23.60343933	0.00067753
23.62728119	0.00320796
23.65112305	0.00594068
23.67496490	0.00404841
23.69880676	0.00123827
23.72264862	0.00084589
23.74649048	0.00081517
23.77033234	0.00063421
23.79417419	0.00055122
23.81801605	0.00022692
23.84185791	0.00033575
23.86569977	0.00067437
23.88954163	0.00059230
23.91338348	0.00055719
23.93722534	0.00064531
23.96106720	0.00400170
23.98490906	0.01443765
24.00875092	0.01717327
24.03259277	0.00697733
24.05643463	0.00069743
24.08027649	0.00069341
24.10411835	0.00066072
24.12796021	0.00058123
24.15180206	0.00038855
24.17564392	0.00019033
24.19948578	0.00046194
24.22332764	0.00061006
24.24716949	0.00051581
24.27101135	0.00086838
24.29485321	0.00182145
24.31869507	0.00239408
24.34253693	0.00320645
24.36637878	0.00228955
24.39022064	0.00063744
24.41406250	0.00049258
24.43790436	0.00072802
24.46174622	0.00032483
24.48558807	0.00041790
24.50942993	0.00031470
24.53327179	0.00033118
24.55711365	0.00067323
24.58095551	0.00067800
24.60479736	0.00079014
24.62863922	0.00341440
24.65248108	0.00580457
24.67632294	0.00381736
24.70016479	0.00136707
24.72400665	0.00050261
24.74784851	0.00033853
24.77169037	0.00051031
24.79553223	0.00055974
24.81937408	0.00022147
24.84321594	0.00033780
24.86705780	0.00065854
24.89089966	0.00061535
24.91474152	0.00068833
24.93858337	0.00052933
24.96242523	0.00439745
24.98626709	0.01463194
25.01010895	0.01630446
25.03395081	0.00609965
25.05779266	0.00074401
25.08163452	0.00080180
25.10547638	0.00078951
25.12931824	0.00076371
25.15316010	0.00041053
25.17700195	0.00004933
25.20084381	0.00038516
25.22468567	0.00058286
25.24852753	0.00039398
25.27236938	0.00070977
25.29621124	0.00158124
25.32005310	0.00242595
25.34389496	0.00356536
25.36773682	0.00255980
25.39157867	0.00065993
25.41542053	0.00036450
25.43926239	0.00051897
25.46310425	0.00051195
25.48694611	0.00059270
25.51078796	0.00042531
25.53462982	0.00040014
25.55847168	0.00064862
25.58231354	0.00060048
25.60615540	0.00086012
25.62999725	0.00342053
25.65383911	0.00549365
25.67768097	0.00362589
25.70152283	0.00176633
25.72536469	0.00075899
25.74920654	0.00027038
25.77304840	0.00063630
25.79689026	0.00070894
25.82073212	0.00039361
25.84457397	0.00039462
25.86841583	0.00044494
25.89225769	0.00059077
25.91609955	0.00079541
25.93994141	0.00049050
25.96378326	0.00429418
25.98762512	0.01408709
26.01146698	0.01500239
26.03530884	0.00529701
26.05915070	0.00069211
26.08299255	0.00037354
26.10683441	0.00037150
26.13067627	0.00076744
26.15451813	0.00055187
26.17835999	0.00023680
26.20220184	0.00038767
26.22604370	0.00055913
26.24988556	0.00072497
26.27372742	0.00102740
26.29756927	0.00133883
26.32141113	0.00214212
26.34525299	0.00345707
26.36909485	0.00222340
26.39293671	0.00052649
26.41677856	0.00057112
26.44062042	0.00066997
26.46446228	0.00042379
26.48830414	0.00041750
26.51214600	0.00014367
26.53598785	0.00020256
26.55982971	0.00063568
26.58367157	0.00057503
26.60751343	0.00090660
26.63135529	0.00295643
26.65519714	0.00459845
26.67903900	0.00317114
26.70288086	0.00199322
26.72672272	0.00083962
26.75056458	0.00029631
26.77440643	0.00051774
26.79824829	0.00042815
26.82209015	0.00031964
26.84593201	0.00031451
26.86977386	0.00029166
26.89361572	0.00050657
26.91745758	0.00079007
26.94129944	0.00021040
26.96514130	0.00443551
26.98898315	0.01339693
27.01282501	0.01335918
27.03666687	0.00446373
27.06050873	0.00099692
27.08435059	0.00057218
27.10819244	0.00040162
27.13203430	0.00057638
27.15587616	0.00038059
27.17971802	0.00020629
27.20355988	0.00052614
27.22740173	0.00058522
27.25124359	0.00070596
27.27508545	0.00094904
27.29892731	0.00090440
27.32276917	0.00213626
27.34661102	0.00366312
27.37045288	0.00245042
27.39429474	0.00071930
27.41813660	0.00044313
27.44197845	0.00041448
27.46582031	0.00060448
27.48966217	0.00074948
27.51350403	0.00034896
27.53734589	0.00036885
27.56118774	0.00072948
27.58502960	0.00068075
27.60887146	0.00098191
27.63271332	0.00275210
27.65655518	0.00410350
27.68039703	0.00281702
27.70423889	0.00170038
27.72808075	0.00057338
27.75192261	0.00024183
27.77576447	0.00067675
27.79960632	0.00058041
27.82344818	0.00050055
27.84729004	0.00055661
27.87113190	0.00045888
27.89497375	0.00054364
27.91881561	0.00073915
27.94265747	0.00010312
27.96649933	0.00413146
27.99034119	0.01179401
28.01418304	0.01123461
28.03802490	0.00363401
28.06186676	0.00101721
28.08570862	0.00038925
28.10955048	0.00037032
28.13339233	0.00053658
28.15723419	0.00029268
28.18107605	0.00011264
28.20491791	0.00033859
28.22875977	0.00045300
28.25260162	0.00083213
28.27644348	0.00076575
28.30028534	0.00049980
28.32412720	0.00196544
28.34796906	0.00334888
28.37181091	0.00195575
28.39565277	0.00070338
28.41949463	0.00062252
28.44333649	0.00063188
28.46717834	0.00063140
28.49102020	0.00055146
28.51486206	0.00015464
28.53870392	0.00034141
28.56254578	0.00078139
28.58638763	0.00076882
28.61022949	0.00125009
28.63407135	0.00228921
28.65791321	0.00291634
28.68175507	0.00222738
28.70559692	0.00184837
28.72943878	0.00072492
28.75328064	0.00030844
28.77712250	0.00054883
28.80096436	0.00042523
28.82480621	0.00049292
28.84864807	0.00039273
28.87248993	0.00025519
28.89633179	0.00037064
28.92017365	0.00063885
28.94401550	0.00040780
28.96785736	0.00365597
28.99169922	0.01006794
29.01554108	0.00898341
29.03938293	0.00247171
29.06322479	0.00076673
29.08706665	0.00014037
29.11090851	0.00040432
29.13475037	0.00081707
29.15859222	0.00061634
29.18243408	0.00045749
29.20627594	0.00052396
29.23011780	0.00039390
29.25395966	0.00102891
29.27780151	0.00095856
29.30164337	0.00005401
29.32548523	0.00179767
29.34932709	0.00319155
29.37316895	0.00202414
29.39701080	0.00103217
29.42085266	0.00070303
29.44469452	0.00044351
29.46853638	0.00067247
29.49237823	0.00067419
29.51622009	0.00042416
29.54006195	0.00057507
29.56390381	0.00068061
29.58774567	0.00077235
29.61158752	0.00121865
29.63542938	0.00158722
29.65927124	0.00191970
29.68311310	0.00201379
29.70695496	0.00175231
29.73079681	0.00059334
29.75463867	0.00039055
29.77848053	0.00059134
29.80232239	0.00055976
29.82616425	0.00054708
29.85000610	0.00030244
29.87384796	0.00023810
29.89768982	0.00072856
29.92153168	0.00097393
29.94537354	0.00082392
29.96921539	0.00298196
29.99305725	0.00800589
30.01689911	0.00687530
30.04074097	0.00212184
30.06458282	0.00097127
30.08842468	0.00022556
30.11226654	0.00024472
30.13610840	0.00034895
30.15995026	0.00045780
30.18379211	0.00061096
30.20763397	0.00047095
30.23147583	0.00053928
30.25531769	0.00092111
30.27915955	0.00069402
30.30300140	0.00067360
30.32684326	0.00186529
30.35068512	0.00278624
30.37452698	0.00140636
30.39836884	0.00064678
30.42221069	0.00037191
30.44605255	0.00017350
30.46989441	0.00049297
30.49373627	0.00052523
30.51757813	0.00048263
30.54141998	0.00050241
30.56526184	0.00060584
30.58910370	0.00092014
30.61294556	0.00126662
30.63678741	0.00083181
30.66062927	0.00090369
30.68447113	0.00182768
30.70831299	0.00180100
30.73215485	0.00081652
30.75599670	0.00061110
30.77983856	0.00057875
30.80368042	0.00056499
30.82752228	0.00072039
30.85136414	0.00048557
30.87520599	0.00014618
30.89904785	0.00049377
30.92288971	0.00072126
30.94673157	0.00101414
30.97057343	0.00243889
30.99441528	0.00569741
31.01825714	0.00459239
31.04209900	0.00159521
31.06594086	0.00073823
31.08978271	0.00014433
31.11362457	0.00034579
31.13746643	0.00059258
31.16130829	0.00040693
31.18515015	0.00028581
31.20899200	0.00018195
31.23283386	0.00048153
31.25667572	0.00096348
31.28051758	0.00093125
31.30435944	0.00123866
31.32820129	0.00175235
31.35204315	0.00225764
31.37588501	0.00121277
31.39972687	0.00086961
31.42356873	0.00031224
31.44741058	0.00033392
31.47125244	0.00072800
31.49509430	0.00059925
31.51893616	0.00043432
31.54277802	0.00039876
31.56661987	0.00039991
31.59046173	0.00090137
31.61430359	0.00134242
31.63814545	0.00081501
31.66198730	0.00060144
31.68582916	0.00143043
31.70967102	0.00160050
31.73351288	0.00102901
31.75735474	0.00073914
31.78119659	0.00044492
31.80503845	0.00033166
31.82888031	0.00049953
31.85272217	0.00034677
31.87656403	0.00033850
31.90040588	0.00053985
31.92424774	0.00056587
31.94808960	0.00121666
31.97193146	0.00176478
31.99577332	0.00325789
32.01961517	0.00248717
32.04345703	0.00150986
32.06729889	0.00094365
32.09114075	0.00035029
32.11498260	0.00048805
32.13882446	0.00064045
32.16266632	0.00069445
32.18650818	0.00071305
32.21035004	0.00036044
32.23419189	0.00036878
32.25803375	0.00072376
32.28187561	0.00097303
32.30571747	0.00165387
32.32955933	0.00156319
32.35340118	0.00176839
32.37724304	0.00112563
32.40108490	0.00090994
32.42492676	0.00027669
32.44876862	0.00034455
32.47261047	0.00049417
32.49645233	0.00035118
32.52029419	0.00037871
32.54413605	0.00034499
32.56797791	0.00039100
32.59181976	0.00101777
32.61566162	0.00129600
32.63950348	0.00144750
32.66334534	0.00168652
32.68718719	0.00161491
32.71102905	0.00150322
32.73487091	0.00104282
32.75871277	0.00074018
32.78255463	0.00023896
32.80639648	0.00019470
32.83023834	0.00037559
32.85408020	0.00038058
32.87792206	0.00045784
32.90176392	0.00072022
32.92560577	0.00056008
32.94944763	0.00107865
32.97328949	0.00115537
32.99713135	0.00080266
33.02097321	0.00094380
33.04481506	0.00119942
33.06865692	0.00058414
33.09249878	0.00051064
33.11634064	0.00040010
33.14018250	0.00038906
33.16402435	0.00046676
33.18786621	0.00046610
33.21170807	0.00021309
33.23554993	0.00041487
33.25939178	0.00071328
33.28323364	0.00121564
33.30707550	0.00205438
33.33091736	0.00153472
33.35475922	0.00125765
33.37860107	0.00090303
33.40244293	0.00099930
33.42628479	0.00042629
33.45012665	0.00034139
33.47396851	0.00044883
33.49781036	0.00036050
33.52165222	0.00046889
33.54549408	0.00031108
33.56933594	0.00016383
33.59317780	0.00087419
33.61701965	0.00130268
33.64086151	0.00277920
33.66470337	0.00286459
33.68854523	0.00114967
33.71238708	0.00090608
33.73622894	0.00080442
33.76007080	0.00047049
33.78391266	0.00016825
33.80775452	0.00034370
33.83159637	0.00040934
33.85543823	0.00031843
33.87928009	0.00052523
33.90312195	0.00049112
33.92696381	0.00060858
33.95080566	0.00161788
33.97464752	0.00185178
33.99848938	0.00179031
34.02233124	0.00149226
34.04617310	0.00134123
34.07001495	0.00066982
34.09385681	0.00056065
34.11769867	0.00047955
34.14154053	0.00052063
34.16538239	0.00070943
34.18922424	0.00067300
34.21306610	0.00031880
34.23690796	0.00042931
34.26074982	0.00064569
34.28459167	0.00140190
34.30843353	0.00233576
34.33227539	0.00132157
34.35611725	0.00044914
34.37995911	0.00089709
34.40380096	0.00090589
34.42764282	0.00039539
34.45148468	0.00038154
34.47532654	0.00048582
34.49916840	0.00016138
34.52301025	0.00043233
34.54685211	0.00040192
34.57069397	0.00047839
34.59453583	0.00121746
34.61837769	0.00170801
34.64221954	0.00378294
34.66606140	0.00374997
34.68990326	0.00133546
34.71374512	0.00057351
34.73758698	0.00096921
34.76142883	0.00074976
34.78527069	0.00022312
34.80911255	0.00035708
34.83295441	0.00051523
34.85679626	0.00045061
34.88063812	0.00045734
34.90447998	0.00037284
34.92832184	0.00077243
34.95216370	0.00185453
34.97600555	0.00284949
34.99984741	0.00420287
35.02368927	0.00296868
35.04753113	0.00142668
35.07137299	0.00080673
35.09521484	0.00077831
35.11905670	0.00043903
35.14289856	0.00037587
35.16674042	0.00064555
35.19058228	0.00040958
35.21442413	0.00027597
35.23826599	0.00039828
35.26210785	0.00065133
35.28594971	0.00180108
35.30979156	0.00261295
35.33363342	0.00130213
35.35747528	0.00013562
35.38131714	0.00089882
35.40515900	0.00092806
35.42900085	0.00049286
35.45284271	0.00041511
35.47668457	0.00047482
35.50052643	0.00032518
35.52436829	0.00056342
35.54821014	0.00040604
35.57205200	0.00047606
35.59589386	0.00116708
35.61973572	0.00196494
35.64357758	0.00480999
35.66741943	0.00440946
35.69126129	0.00125328
35.71510315	0.00054001
35.73894501	0.00062706
35.76278687	0.00050434
35.78662872	0.00031146
35.81047058	0.00044929
35.83431244	0.00052213
35.85815430	0.00028308
35.88199615	0.00035932
35.90583801	0.00019600
35.92967987	0.00063945
35.95352173	0.00192098
35.97736359	0.00401120
36.00120544	0.00612909
36.02504730	0.00389228
36.04888916	0.00129725
36.07273102	0.00064796
36.09657288	0.00066784
36.12041473	0.00036443
36.14425659	0.00042227
36.16809845	0.00071823
36.19194031	0.00062316
36.21578217	0.00060043
36.23962402	0.00063665
36.26346588	0.00058208
36.28730774	0.00168339
36.31114960	0.00248783
36.33499146	0.00130162
36.35883331	0.00065153
36.38267517	0.00110687
36.40651703	0.00087534
36.43035889	0.00060511
36.45420074	0.00059634
36.47804260	0.00035254
36.50188446	0.00044876
36.52572632	0.00065248
36.54956818	0.00040142
36.57341003	0.00042652
36.59725189	0.00079115
36.62109375	0.00242094
36.64493561	0.00600042
36.66877747	0.00516803
36.69261932	0.00121775
36.71646118	0.00065027
36.74030304	0.00094462
36.76414490	0.00041301
36.78798676	0.00031134
36.81182861	0.00035637
36.83567047	0.00038056
36.85951233	0.00043765
36.88335419	0.00045730
36.90719604	0.00046238
36.93103790	0.00115628
36.95487976	0.00210427
36.97872162	0.00519194
37.00256348	0.00800024
37.02640533	0.00483236
37.05024719	0.00134178
37.07408905	0.00071858
37.09793091	0.00058616
37.12177277	0.00017991
37.14561462	0.00021058
37.16945648	0.00037039
37.19329834	0.00040513
37.21714020	0.00067231
37.24098206	0.00037214
37.26482391	0.00047464
37.28866577	0.00195384
37.31250763	0.00265104
37.33634949	0.00176959
37.36019135	0.00122806
37.38403320	0.00091820
37.40787506	0.00058972
37.43171692	0.00049276
37.45555878	0.00037295
37.47940063	0.00006592
37.50324249	0.00034251
37.52708435	0.00054080
37.55092621	0.00023108
37.57476807	0.00051873
37.59860992	0.00094236
37.62245178	0.00281444
37.64629364	0.00656335
37.67013550	0.00539348
37.69397736	0.00124860
37.71781921	0.00065036
37.74166107	0.00098617
37.76550293	0.00048815
37.78934479	0.00035520
37.81318665	0.00023190
37.83702850	0.00021808
37.86087036	0.00065768
37.88471222	0.00068844
37.90855408	0.00043311
37.93239594	0.00089889
37.95623779	0.00192240
37.98007965	0.00606605
38.00392151	0.00892422
38.02776337	0.00485267
38.05160522	0.00099905
38.07544708	0.00064613
38.09928894	0.00067235
38.12313080	0.00030381
38.14697266	0.00032594
38.17081451	0.00039691
38.19465637	0.00044233
38.21849823	0.00062814
38.24234009	0.00027229
38.26618195	0.00049867
38.29002380	0.00225449
38.31386566	0.00298924
38.33770752	0.00217542
38.36154938	0.00159887
38.38539124	0.00094433
38.40923309	0.00060661
38.43307495	0.00086058
38.45691681	0.00065851
38.48075867	0.00017937
38.50460052	0.00034504
38.52844238	0.00054198
38.55228424	0.00049187
38.57612610	0.00056335
38.59996796	0.00073020
38.62380981	0.00333243
38.64765167	0.00726223
38.67149353	0.00559572
38.69533539	0.00138624
38.71917725	0.00069591
38.74301910	0.00081935
38.76686096	0.00059878
38.79070282	0.00051275
38.81454468	0.00035075
38.83838654	0.00039292
38.86222839	0.00058496
38.88607025	0.00035867
38.90991211	0.00031404
38.93375397	0.00076079
38.95759583	0.00213335
38.98143768	0.00727802
39.00527954	0.01012446
39.02912140	0.00511468
39.05296326	0.00080804
39.07680511	0.00058533
39.10064697	0.00059899
39.12448883	0.00038956
39.14833069	0.00038787
39.17217255	0.00046514
39.19601440	0.00040899
39.21985626	0.00069862
39.24369812	0.00029544
39.26753998	0.00052080
39.29138184	0.00219642
39.31522369	0.00273405
39.33906555	0.00224845
39.36290741	0.00177544
39.38674927	0.00069890
39.41059113	0.00029256
39.43443298	0.00057922
39.45827484	0.00044529
39.48211670	0.00027825
39.50595856	0.00044277
39.52980042	0.00051984
39.55364227	0.00044838
39.57748413	0.00050175
39.60132599	0.00052747
39.62516785	0.00315635
39.64900970	0.00731629
39.67285156	0.00574992
39.69669342	0.00179614
39.72053528	0.00068148
39.74437714	0.00072576
39.76821899	0.00069187
39.79206085	0.00075866
39.81590271	0.00056028
39.83974457	0.00037388
39.86358643	0.00038689
39.88742828	0.00039886
39.91127014	0.00065216
39.93511200	0.00075293
39.95895386	0.00214984
39.98279572	0.00777188
40.00663757	0.01028464
40.03047943	0.00492767
40.05432129	0.00087011
40.07816315	0.00073936
40.10200500	0.00058392
40.12584686	0.00039129
40.14968872	0.00034913
40.17353058	0.00018511
40.19737244	0.00046092
40.22121429	0.00074482
40.24505615	0.00040439
40.26889801	0.00080307
40.29273987	0.00222066
40.31658173	0.00257225
40.34042358	0.00261469
40.36426544	0.00210852
40.38810730	0.00077551
40.41194916	0.00048403
40.43579102	0.00069317
40.45963287	0.00034122
40.48347473	0.00018189
40.50731659	0.00033767
40.53115845	0.00028938
40.55500031	0.00057411
40.57884216	0.00074678
40.60268402	0.00073753
40.62652588	0.00363229
40.65036774	0.00725971
40.67420959	0.00526337
40.69805145	0.00162707
40.72189331	0.00079355
40.74573517	0.00054294
40.76957703	0.00036123
40.79341888	0.00032988
40.81726074	0.00003818
40.84110260	0.00007033
40.86494446	0.00029817
40.88878632	0.00046242
40.91262817	0.00068652
40.93647003	0.00068728
40.96031189	0.00228182
40.98415375	0.00834120
41.00799561	0.01049423
41.03183746	0.00468665
41.05567932	0.00070317
41.07952118	0.00056321
41.10336304	0.00048368
41.12720490	0.00054781
41.15104675	0.00042297
41.17488861	0.00029566
41.19873047	0.00037645
41.22257233	0.00057457
41.24641418	0.00025924
41.27025604	0.00074231
41.29409790	0.00199981
41.31793976	0.00255728
41.34178162	0.00288950
41.36562347	0.00213917
41.38946533	0.00065578
41.41330719	0.00048398
41.43714905	0.00070926
41.46099091	0.00044983
41.48483276	0.00041834
41.50867462	0.00058255
41.53251648	0.00047469
41.55635834	0.00061166
41.58020020	0.00069255
41.60404205	0.00072270
41.62788391	0.00395385
41.65172577	0.00744507
41.67556763	0.00524198
41.69940948	0.00189741
41.72325134	0.00099426
41.74709320	0.00066168
41.77093506	0.00054883
41.79477692	0.00059443
41.81861877	0.00026834
41.84246063	0.00021754
41.86630249	0.00038076
41.89014435	0.00044822
41.91398621	0.00078704
41.93782806	0.00060514
41.96166992	0.00235160
41.98551178	0.00856192
42.00935364	0.01009173
42.03319550	0.00403087
42.05703735	0.00065577
42.08087921	0.00053867
42.10472107	0.00027879
42.12856293	0.00067588
42.15240479	0.00053411
42.17624664	0.00029712
42.20008850	0.00060371
42.22393036	0.00069553
42.24777222	0.00044518
42.27161407	0.00080362
42.29545593	0.00163675
42.31929779	0.00217441
42.34313965	0.00306365
42.36698151	0.00234517
42.39082336	0.00067987
42.41466522	0.00043362
42.43850708	0.00064212
42.46234894	0.00048998
42.48619080	0.00045393
42.51003265	0.00037529
42.53387451	0.00043760
42.55771637	0.00059304
42.58155823	0.00053175
42.60540009	0.00079706
42.62924194	0.00389706
42.65308380	0.00675279
42.67692566	0.00462182
42.70076752	0.00209902
42.72460938	0.00096629
42.74845123	0.00027638
42.77229309	0.00043814
42.79613495	0.00050600
42.81997681	0.00029238
42.84381866	0.00034356
42.86766052	0.00039807
42.89150238	0.00035363
42.91534424	0.00060763
42.93918610	0.00037517
42.96302795	0.00225374
42.98686981	0.00816489
43.01071167	0.00924740
43.03455353	0.00354976
43.05839539	0.00088496
43.08223724	0.00066845
43.10607910	0.00057347
43.12992096	0.00068755
43.15376282	0.00046129
43.17760468	0.00020904
43.20144653	0.00043852
43.22528839	0.00051156
43.24913025	0.00064378
43.27297211	0.00092143
43.29681396	0.00135531
43.32065582	0.00209922
43.34449768	0.00323497
43.36833954	0.00234317
43.39218140	0.00056967
43.41602325	0.00037701
43.43986511	0.00057700
43.46370697	0.00053661
43.48754883	0.00067608
43.51139069	0.00040004
43.53523254	0.00030757
43.55907440	0.00067312
43.58291626	0.00057210
43.60675812	0.00110651
43.63059998	0.00389960
43.65444183	0.00606865
43.67828369	0.00399634
43.70212555	0.00192540
43.72596741	0.00092338
43.74980927	0.00031616
43.77365112	0.00049968
43.79749298	0.00055655
43.82133484	0.00043909
43.84517670	0.00047413
43.86901855	0.00061490
43.89286041	0.00076939
43.91670227	0.00083465
43.94054413	0.00026400
43.96438599	0.00231724
43.98822784	0.00768568
44.01206970	0.00819939
44.03591156	0.00296384
44.05975342	0.00066958
44.08359528	0.00034201
44.10743713	0.00018377
44.13127899	0.00061476
44.15512085	0.00038975
44.17896271	0.00022759
44.20280457	0.00042580
44.22664642	0.00054613
44.25048828	0.00071014
44.27433014	0.00090585
44.29817200	0.00065657
44.32201385	0.00154330
44.34585571	0.00302787
44.36969757	0.00219740
44.39353943	0.00082413
44.41738129	0.00063519
44.44122314	0.00055664
44.46506500	0.00049344
44.48890686	0.00051998
44.51274872	0.00026131
44.53659058	0.00032848
44.56043243	0.00071277
44.58427429	0.00079850
44.60811615	0.00132405
44.63195801	0.00321046
44.65579987	0.00467511
44.67964172	0.00306164
44.70348358	0.00192018
44.72732544	0.00091597
44.75116730	0.00031772
44.77500916	0.00066712
44.79885101	0.00065713
44.82269287	0.00047688
44.84653473	0.00040645
44.87037659	0.00016647
44.89421844	0.00051668
44.91806030	0.00071134
44.94190216	0.00037737
44.96574402	0.00219741
44.98958588	0.00671117
45.01342773	0.00670756
45.03726959	0.00222287
45.06111145	0.00087009
45.08495331	0.00028804
45.10879517	0.00024589
45.13263702	0.00045377
45.15647888	0.00027924
45.18032074	0.00029637
45.20416260	0.00040743
45.22800446	0.00039938
45.25184631	0.00097188
45.27568817	0.00097089
45.29953003	0.00035326
45.32337189	0.00152803
45.34721375	0.00298229
45.37105560	0.00213090
45.39489746	0.00103622
45.41873932	0.00069277
45.44258118	0.00042596
45.46642303	0.00047799
45.49026489	0.00041531
45.51410675	0.00021729
45.53794861	0.00035488
45.56179047	0.00057427
45.58563232	0.00063428
45.60947418	0.00125980
45.63331604	0.00264914
45.65715790	0.00362005
45.68099976	0.00275277
45.70484161	0.00194166
45.72868347	0.00077085
45.75252533	0.00049071
45.77636719	0.00057204
45.80020905	0.00053472
45.82405090	0.00056454
45.84789276	0.00033751
45.87173462	0.00013736
45.89557648	0.00050954
45.91941833	0.00082128
45.94326019	0.00048404
45.96710205	0.00183187
45.99094391	0.00563184
46.01478577	0.00536936
46.03862762	0.00189478
46.06246948	0.00097094
46.08631134	0.00020893
46.11015320	0.00027020
46.13399506	0.00040119
46.15783691	0.00022125
46.18167877	0.00022945
46.20552063	0.00034295
46.22936249	0.00047796
46.25320435	0.00081435
46.27704620	0.00070291
46.30088806	0.00039475
46.32472992	0.00152258
46.34857178	0.00266382
46.37241364	0.00158406
46.39625549	0.00073352
46.42009735	0.00040813
46.44393921	0.00019189
46.46778107	0.00037872
46.49162292	0.00036401
46.51546478	0.00019117
46.53930664	0.00031138
46.56314850	0.00059105
46.58699036	0.00058738
46.61083221	0.00099597
46.63467407	0.00149265
46.65851593	0.00202007
46.68235779	0.00200593
46.70619965	0.00173573
46.73004150	0.00077807
46.75388336	0.00044407
46.77772522	0.00047002
46.80156708	0.00034038
46.82540894	0.00042792
46.84925079	0.00026106
46.87309265	0.00021266
46.89693451	0.00074543
46.92077637	0.00085073
46.94461823	0.00081675
46.96846008	0.00151022
46.99230194	0.00419933
47.01614380	0.00391874
47.03998566	0.00159320
47.06382751	0.00094346
47.08766937	0.00029440
47.11151123	0.00036986
47.13535309	0.00036588
47.15919495	0.00031674
47.18303680	0.00039261
47.20687866	0.00029530
47.23072052	0.00035055
47.25456238	0.00094648
47.27840424	0.00085104
47.30224609	0.00070055
47.32608795	0.00146982
47.34992981	0.00229446
47.37377167	0.00128613
47.39761353	0.00081953
47.42145538	0.00059904
47.44529724	0.00050031
47.46913910	0.00065979
47.49298096	0.00056476
47.51682281	0.00041909
47.54066467	0.00043000
47.56450653	0.00048355
47.58834839	0.00070404
47.61219025	0.00116560
47.63603210	0.00069733
47.65987396	0.00042656
47.68371582	0.00165291
47.70755768	0.00176233
47.73139954	0.00085368
47.75524139	0.00070025
47.77908325	0.00046865
47.80292511	0.00028408
47.82676697	0.00042662
47.85060883	0.00035442
47.87445068	0.00038927
47.89829254	0.00077347
47.92213440	0.00072088
47.94597626	0.00103373
47.96981812	0.00148069
47.99365997	0.00293622
48.01750183	0.00251608
48.04134369	0.00133434
48.06518555	0.00082149
48.08902740	0.00038534
48.11286926	0.00042521
48.13671112	0.00047030
48.16055298	0.00043185
48.18439484	0.00056530
48.20823669	0.00036325
48.23207855	0.00049940
48.25592041	0.00097678
48.27976227	0.00104087
48.30360413	0.00134704
48.32744598	0.00124400
48.35128784	0.00186327
48.37512970	0.00107236
48.39897156	0.00087934
48.42281342	0.00048593
48.44665527	0.00032035
48.47049713	0.00058581
48.49433899	0.00052482
48.51818085	0.00051940
48.54202271	0.00067874
48.56586456	0.00060094
48.58970642	0.00062120
48.61354828	0.00094211
48.63739014	0.00125657
48.66123199	0.00153846
48.68507385	0.00145381
48.70891571	0.00138418
48.73275757	0.00057204
48.75659943	0.00060368
48.78044128	0.00038409
48.80428314	0.00040468
